0 20.8544
8 19.0095
16 17.26
24 15.6026
32 14.0339
40 12.5506
48 11.1497
56 9.82805
64 8.58266
72 7.41065
80 6.30918
88 5.27552
96 4.307
104 3.40102
112 2.55508
120 1.76671
128 1.03356
136 0.353303
144 -0.276287
152 -0.857385
160 -1.3921
168 -1.88247
176 -2.33049
184 -2.73807
192 -3.10708
200 -3.43932
208 -3.73653
216 -4.00042
224 -4.23262
232 -4.43472
240 -4.60824
248 -4.75468
256 -4.87547
264 -4.972
272 -5.0456
280 -5.09757
288 -5.12916
296 -5.14157
304 -5.13597
312 -5.11348
320 -5.07518
328 -5.02211
336 -4.95527
344 -4.87563
352 -4.78412
360 -4.68163
368 -4.56902
376 -4.44711
384 -4.3167
392 -4.17854
400 -4.03336
408 -3.88187
416 -3.72472
424 -3.56255
432 -3.39599
440 -3.22561
448 -3.05197
456 -2.8756
464 -2.69701
472 -2.51669
480 -2.33508
488 -2.15263
496 -1.96975
504 -1.78683
512 -1.60425
520 -1.42235
528 -1.24147
536 -1.06191
544 -0.883983
552 -0.707951
560 -0.534078
568 -0.362604
576 -0.193756
584 -0.0277439
592 0.135238
600 0.295008
608 0.451401
616 0.604264
624 0.753457
632 0.898853
640 1.04034
648 1.17781
656 1.31118
664 1.44035
672 1.56528
680 1.68589
688 1.80213
696 1.91396
704 2.02135
712 2.12428
720 2.22273
728 2.31669
736 2.40617
744 2.49117
752 2.5717
760 2.64778
768 2.71945
776 2.78672
784 2.84965
792 2.90828
800 2.96264
808 3.0128
816 3.05882
824 3.10075
832 3.13865
840 3.17261
848 3.20269
856 3.22897
864 3.25153
872 3.27044
880 3.2858
888 3.29769
896 3.3062
904 3.31143
912 3.31345
920 3.31238
928 3.3083
936 3.30131
944 3.29151
952 3.27901
960 3.26389
968 3.24627
976 3.22624
984 3.2039
992 3.17936
1000 3.15273
1008 3.12409
1016 3.09356
1024 3.06123
1032 3.02721
1040 2.9916
1048 2.9545
1056 2.91601
1064 2.87623
1072 2.83526
1080 2.79319
1088 2.75012
1096 2.70615
1104 2.66137
1112 2.61588
1120 2.56976
1128 2.52311
1136 2.47602
1144 2.42857
1152 2.38085
1160 2.33295
1168 2.28494
1176 2.23692
1184 2.18895
1192 2.14112
1200 2.0935
1208 2.04617
1216 1.9992
1224 1.95266
1232 1.90662
1240 1.86115
1248 1.81631
1256 1.77216
1264 1.72877
1272 1.6862
1280 1.64449
1288 1.60372
1296 1.56392
1304 1.52516
1312 1.48747
1320 1.45091
1328 1.41552
1336 1.38135
1344 1.34844
1352 1.31682
1360 1.28653
1368 1.25761
1376 1.23008
1384 1.20399
1392 1.17936
1400 1.15622
1408 1.13458
1416 1.11448
1424 1.09594
1432 1.07897
1440 1.0636
1448 1.04983
1456 1.03769
1464 1.02717
1472 1.01831
1480 1.01109
1488 1.00554
1496 1.00165
1504 0.999421
1512 0.998865
1520 0.999978
1528 1.00276
1536 1.0072
1544 1.0133
1552 1.02105
1560 1.03045
1568 1.04148
1576 1.05414
1584 1.06841
1592 1.08427
1600 1.10172
1608 1.12074
1616 1.1413
1624 1.1634
1632 1.18701
1640 1.21211
1648 1.23867
1656 1.26668
1664 1.29611
1672 1.32694
1680 1.35913
1688 1.39266
1696 1.42751
1704 1.46363
1712 1.50101
1720 1.53962
1728 1.57941
1736 1.62036
1744 1.66243
1752 1.7056
1760 1.74982
1768 1.79506
1776 1.84129
1784 1.88846
1792 1.93655
1800 1.98551
1808 2.03531
1816 2.08591
1824 2.13727
1832 2.18935
1840 2.24211
1848 2.29551
1856 2.34952
1864 2.40408
1872 2.45917
1880 2.51475
1888 2.57076
1896 2.62717
1904 2.68395
1912 2.74104
1920 2.79841
1928 2.85602
1936 2.91383
1944 2.97179
1952 3.02987
1960 3.08803
1968 3.14622
1976 3.20653
1984 3.26254
1992 3.3206
2000 3.37853
2008 3.4363
2016 3.49387
2024 3.55119
2032 3.60824
2040 3.66497
2048 3.72135
2056 3.77734
2064 3.83289
2072 3.88799
2080 3.94259
2088 3.99665
2096 4.05014
2104 4.10303
2112 4.15528
2120 4.20687
2128 4.25775
2136 4.3079
2144 4.35728
2152 4.40586
2160 4.45362
2168 4.50053
2176 4.54655
2184 4.59165
2192 4.63582
2200 4.67902
2208 4.72124
2216 4.76243
2224 4.80258
2232 4.84167
2240 4.87967
2248 4.91656
2256 4.95232
2264 4.98692
2272 5.02036
2280 5.0526
2288 5.08363
2296 5.11344
2304 5.142
2312 5.16931
2320 5.19534
2328 5.22008
2336 5.24352
2344 5.26565
2352 5.28645
2360 5.30592
2368 5.32404
2376 5.3408
2384 5.3562
2392 5.37023
2400 5.38288
2408 5.39414
2416 5.40402
2424 5.41251
2432 5.4196
2440 5.42529
2448 5.42957
2456 5.43246
2464 5.43395
2472 5.43404
2480 5.43272
2488 5.43002
2496 5.42591
2504 5.42042
2512 5.41355
2520 5.40529
2528 5.39566
2536 5.38467
2544 5.37232
2552 5.35862
2560 5.34358
2568 5.32721
2576 5.30952
2584 5.29052
2592 5.27023
2600 5.24866
2608 5.22581
2616 5.20172
2624 5.17638
2632 5.14981
2640 5.12204
2648 5.09308
2656 5.06295
2664 5.03165
2672 4.99923
2680 4.96568
2688 4.93103
2696 4.89531
2704 4.85853
2712 4.82072
2720 4.78189
2728 4.74207
2736 4.70128
2744 4.65954
2752 4.61689
2760 4.57334
2768 4.52891
2776 4.48364
2784 4.43755
2792 4.39066
2800 4.343
2808 4.2946
2816 4.24548
2824 4.19568
2832 4.14521
2840 4.09411
2848 4.04241
2856 3.99013
2864 3.9373
2872 3.88395
2880 3.83011
2888 3.77581
2896 3.72108
2904 3.66595
2912 3.61045
2920 3.55461
2928 3.49845
2936 3.44202
2944 3.38533
2952 3.32842
2960 3.27133
2968 3.21407
2976 3.15668
2984 3.0992
2992 3.04164
3000 2.98405
3008 2.92645
3016 2.86887
3024 2.81135
3032 2.75391
3040 2.69659
3048 2.6394
3056 2.58239
3064 2.52559
3072 2.46901
3080 2.4127
3088 2.35668
3096 2.30098
3104 2.24563
3112 2.19066
3120 2.13609
3128 2.08196
3136 2.02829
3144 1.97511
3152 1.92244
3160 1.87032
3168 1.81877
3176 1.76782
3184 1.71749
3192 1.6678
3200 1.61879
3208 1.57047
3216 1.52288
3224 1.47604
3232 1.42996
3240 1.38468
3248 1.34021
3256 1.29658
3264 1.25381
3272 1.21191
3280 1.17092
3288 1.13086
3296 1.09173
3304 1.05356
3312 1.01638
3320 0.980186
3328 0.945012
3336 0.910871
3344 0.877778
3352 0.845751
3360 0.814804
3368 0.784952
3376 0.75621
3384 0.728591
3392 0.702109
3400 0.676775
3408 0.652602
3416 0.629602
3424 0.607783
3432 0.587158
3440 0.567734
3448 0.549521
3456 0.532527
3464 0.516759
3472 0.502225
3480 0.488929
3488 0.476879
3496 0.466078
3504 0.456531
3512 0.448241
3520 0.441212
3528 0.435445
3536 0.430943
3544 0.427705
3552 0.425732
3560 0.425025
3568 0.42558
3576 0.427398
3584 0.430475
3592 0.434809
3600 0.440395
3608 0.44723
3616 0.455307
3624 0.464622
3632 0.475168
3640 0.486938
3648 0.499925
3656 0.514119
3664 0.529513
3672 0.546096
3680 0.563858
3688 0.582788
3696 0.602876
3704 0.624109
3712 0.646473
3720 0.669957
3728 0.694545
3736 0.720224
3744 0.746979
3752 0.774793
3760 0.80365
3768 0.833535
3776 0.864428
3784 0.896313
3792 0.929172
3800 0.962984
3808 0.997731
3816 1.03339
3824 1.06995
3832 1.10738
3840 1.14565
3848 1.18476
3856 1.22468
3864 1.26538
3872 1.30684
3880 1.34904
3888 1.39195
3896 1.43555
3904 1.47981
3912 1.52471
3920 1.57022
3928 1.61632
3936 1.66298
3944 1.71017
3952 1.76138
3960 1.80604
3968 1.85466
3976 1.9037
3984 1.95314
3992 2.00294
4000 2.05308
4008 2.10353
4016 2.15425
4024 2.20523
4032 2.25642
4040 2.3078
4048 2.35933
4056 2.411
4064 2.46276
4072 2.51459
4080 2.56646
4088 2.61833
4096 2.67018
4104 2.72198
4112 2.77369
4120 2.82528
4128 2.87672
4136 2.92799
4144 2.97904
4152 3.02986
4160 3.0804
4168 3.13064
4176 3.18055
4184 3.2301
4192 3.27925
4200 3.32798
4208 3.37626
4216 3.42405
4224 3.47133
4232 3.51806
4240 3.56423
4248 3.60979
4256 3.65472
4264 3.69899
4272 3.74257
4280 3.78544
4288 3.82757
4296 3.86892
4304 3.90947
4312 3.9492
4320 3.98808
4328 4.02608
4336 4.06318
4344 4.09935
4352 4.13456
4360 4.1688
4368 4.20203
4376 4.23424
4384 4.2654
4392 4.29549
4400 4.32448
4408 4.35236
4416 4.37911
4424 4.4047
4432 4.42911
4440 4.45233
4448 4.47433
4456 4.49511
4464 4.51463
4472 4.53288
4480 4.54986
4488 4.56553
4496 4.57989
4504 4.59293
4512 4.60462
4520 4.61496
4528 4.62393
4536 4.63153
4544 4.63774
4552 4.64254
4560 4.64595
4568 4.64793
4576 4.64849
4584 4.64762
4592 4.64531
4600 4.64156
4608 4.63637
4616 4.62972
4624 4.62162
4632 4.61206
4640 4.60104
4648 4.58857
4656 4.57463
4664 4.55924
4672 4.5424
4680 4.5241
4688 4.50435
4696 4.48316
4704 4.46053
4712 4.43647
4720 4.41098
4728 4.38408
4736 4.35576
4744 4.32605
4752 4.29494
4760 4.26246
4768 4.22861
4776 4.19341
4784 4.15688
4792 4.11901
4800 4.07984
4808 4.03938
4816 3.99765
4824 3.95466
4832 3.91043
4840 3.86498
4848 3.81834
4856 3.77052
4864 3.72156
4872 3.67146
4880 3.62026
4888 3.56797
4896 3.51464
4904 3.46027
4912 3.40491
4920 3.34857
4928 3.29129
4936 3.23309
4944 3.17401
4952 3.11407
4960 3.05332
4968 2.99177
4976 2.92947
4984 2.86645
4992 2.80274
5000 2.73838
5008 2.6734
5016 2.60784
5024 2.54173
5032 2.47513
5040 2.40805
5048 2.34055
5056 2.27265
5064 2.20441
5072 2.13586
5080 2.06704
5088 1.99799
5096 1.92876
5104 1.85938
5112 1.78991
5120 1.72038
5128 1.65083
5136 1.58132
5144 1.51187
5152 1.44255
5160 1.37339
5168 1.30444
5176 1.23574
5184 1.16734
5192 1.09928
5200 1.03161
5208 0.964377
5216 0.897626
5224 0.831401
5232 0.76575
5240 0.700718
5248 0.636351
5256 0.572695
5264 0.509797
5272 0.447701
5280 0.386453
5288 0.3261
5296 0.266686
5304 0.208257
5312 0.150857
5320 0.0945311
5328 0.0393236
5336 -0.0147216
5344 -0.067561
5352 -0.119151
5360 -0.16945
5368 -0.218415
5376 -0.266003
5384 -0.312175
5392 -0.35689
5400 -0.400106
5408 -0.441786
5416 -0.48189
5424 -0.52038
5432 -0.557219
5440 -0.59237
5448 -0.625798
5456 -0.657469
5464 -0.687347
5472 -0.7154
5480 -0.741596
5488 -0.765904
5496 -0.788293
5504 -0.808735
5512 -0.827202
5520 -0.843667
5528 -0.858104
5536 -0.870489
5544 -0.880798
5552 -0.889011
5560 -0.895105
5568 -0.899061
5576 -0.900863
5584 -0.900492
5592 -0.897934
5600 -0.893176
5608 -0.886205
5616 -0.87701
5624 -0.865583
5632 -0.851916
5640 -0.836002
5648 -0.817839
5656 -0.797423
5664 -0.774754
5672 -0.749832
5680 -0.722661
5688 -0.693245
5696 -0.66159
5704 -0.627704
5712 -0.591598
5720 -0.553284
5728 -0.512776
5736 -0.47009
5744 -0.425243
5752 -0.378256
5760 -0.329151
5768 -0.277952
5776 -0.224685
5784 -0.169378
5792 -0.112062
5800 -0.0527684
5808 0.00846691
5816 0.0716075
5824 0.136614
5832 0.203446
5840 0.27206
5848 0.342409
5856 0.414446
5864 0.488121
5872 0.563382
5880 0.640173
5888 0.718439
5896 0.798119
5904 0.879152
5912 0.961475
5920 1.04502
5928 1.1391
5936 1.21551
5944 1.30231
5952 1.39004
5960 1.47864
5968 1.56801
5976 1.65809
5984 1.74878
5992 1.83999
6000 1.93165
6008 2.02366
6016 2.11592
6024 2.20835
6032 2.30085
6040 2.39331
6048 2.48564
6056 2.57773
6064 2.66949
6072 2.7608
6080 2.85155
6088 2.94164
6096 3.03095
6104 3.11937
6112 3.20678
6120 3.29308
6128 3.37813
6136 3.46182
6144 3.54403
6152 3.62464
6160 3.70352
6168 3.78054
6176 3.85559
6184 3.92853
6192 3.99923
6200 4.06757
6208 4.13342
6216 4.19665
6224 4.25711
6232 4.3147
6240 4.36926
6248 4.42068
6256 4.46881
6264 4.51352
6272 4.55469
6280 4.59218
6288 4.62586
6296 4.6556
6304 4.68126
6312 4.70272
6320 4.71984
6328 4.73251
6336 4.74059
6344 4.74396
6352 4.74249
6360 4.73607
6368 4.72456
6376 4.70786
6384 4.68585
6392 4.65841
6400 4.62544
6408 4.58682
6416 4.54245
6424 4.49223
6432 4.43607
6440 4.37385
6448 4.30551
6456 4.23095
6464 4.15008
6472 4.06283
6480 3.96914
6488 3.86892
6496 3.76213
6504 3.6487
6512 3.52858
6520 3.40174
6528 3.26813
6536 3.12772
6544 2.98049
6552 2.82643
6560 2.66553
6568 2.49778
6576 2.32321
6584 2.14182
6592 1.95364
6600 1.75871
6608 1.55708
6616 1.34881
6624 1.13396
6632 0.912602
6640 0.68484
6648 0.450772
6656 0.210511
6664 -0.0358146
6672 -0.288065
6680 -0.546085
6688 -0.809707
6696 -1.07875
6704 -1.35301
6712 -1.63229
6720 -1.91634
6728 -2.20492
6736 -2.49778
6744 -2.79463
6752 -3.09517
6760 -3.39908
6768 -3.70604
6776 -4.01569
6784 -4.32764
6792 -4.6415
6800 -4.95686
6808 -5.27328
6816 -5.59029
6824 -5.90741
6832 -6.22412
6840 -6.5399
6848 -6.85418
6856 -7.16638
6864 -7.47588
6872 -7.78206
6880 -8.08423
6888 -8.38172
6896 -8.67378
6904 -8.95967
6912 -9.2386
6920 -9.50976
6928 -9.77228
6936 -10.0253
6944 -10.2679
6952 -10.4991
6960 -10.718
6968 -10.9234
6976 -11.1144
6984 -11.2899
6992 -11.4487
7000 -11.5896
7008 -11.7114
7016 -11.8128
7024 -11.8927
7032 -11.9495
7040 -11.9819
7048 -11.9885
7056 -11.9678
7064 -11.9182
7072 -11.8382
7080 -11.7261
7088 -11.5803
7096 -11.399
7104 -11.1805
7112 -10.9228
7120 -10.6241
7128 -10.2825
7136 -9.89588
7144 -9.46224
7152 -8.97943
7160 -8.44525
7168 -7.85746
7176 -7.21374
7184 -6.5117
7192 -5.7489
7200 -4.92281
7208 -4.03086
7216 -3.07039
7224 -2.03866
7232 -0.93288
7240 0.249824
