0 20.8544
8 22.1918
16 23.4478
24 24.625
32 25.7259
40 26.7527
48 27.7078
56 28.5934
64 29.4117
72 30.165
80 30.8553
88 31.4847
96 32.0553
104 32.5691
112 33.0279
120 33.4337
128 33.7884
136 34.0938
144 34.3517
152 34.5638
160 34.7318
168 34.8574
176 34.9422
184 34.9879
192 34.9959
200 34.9678
208 34.905
216 34.8091
224 34.6814
232 34.5233
240 34.3362
248 34.1214
256 33.8801
264 33.6136
272 33.3232
280 33.0099
288 32.6751
296 32.3197
304 31.9449
312 31.5518
320 31.1415
328 30.7148
336 30.2729
344 29.8166
352 29.347
360 28.8649
368 28.3712
376 27.8668
384 27.3524
392 26.829
400 26.2973
408 25.7581
416 25.212
424 24.6599
432 24.1024
440 23.5402
448 22.9739
456 22.4043
464 21.8318
472 21.2571
480 20.6808
488 20.1034
496 19.5255
504 18.9476
512 18.3701
520 17.7936
528 17.2185
536 16.6452
544 16.0743
552 15.5061
560 14.941
568 14.3794
576 13.8216
584 13.2681
592 12.7191
600 12.175
608 11.6361
616 11.1027
624 10.575
632 10.0534
640 9.53805
648 9.02924
656 8.5272
664 8.03215
672 7.54429
680 7.06381
688 6.59091
696 6.12576
704 5.66851
712 5.21933
720 4.77835
728 4.34571
736 3.92153
744 3.50593
752 3.099
760 2.70085
768 2.31156
776 1.93121
784 1.55986
792 1.19759
800 0.84444
808 0.500459
816 0.165688
824 -0.159843
832 -0.476109
840 -0.783093
848 -1.08078
856 -1.36918
864 -1.64827
872 -1.91808
880 -2.17861
888 -2.42988
896 -2.67193
904 -2.90477
912 -3.12844
920 -3.34299
928 -3.54846
936 -3.7449
944 -3.93236
952 -4.1109
960 -4.28059
968 -4.44149
976 -4.59366
984 -4.7372
992 -4.87217
1000 -4.99865
1008 -5.11674
1016 -5.22651
1024 -5.32806
1032 -5.42148
1040 -5.50688
1048 -5.58434
1056 -5.65397
1064 -5.71588
1072 -5.77017
1080 -5.81694
1088 -5.85632
1096 -5.88842
1104 -5.91334
1112 -5.9312
1120 -5.94213
1128 -5.94623
1136 -5.94364
1144 -5.93447
1152 -5.91885
1160 -5.89691
1168 -5.86875
1176 -5.83453
1184 -5.79435
1192 -5.74835
1200 -5.69666
1208 -5.63941
1216 -5.57672
1224 -5.50873
1232 -5.43556
1240 -5.35736
1248 -5.27424
1256 -5.18634
1264 -5.0938
1272 -4.99673
1280 -4.89528
1288 -4.78958
1296 -4.67975
1304 -4.56593
1312 -4.44824
1320 -4.32682
1328 -4.2018
1336 -4.0733
1344 -3.94145
1352 -3.80638
1360 -3.66822
1368 -3.5271
1376 -3.38314
1384 -3.23646
1392 -3.08719
1400 -2.93545
1408 -2.78137
1416 -2.62506
1424 -2.46665
1432 -2.30625
1440 -2.14399
1448 -1.97998
1456 -1.81433
1464 -1.64717
1472 -1.4786
1480 -1.30874
1488 -1.13769
1496 -0.965578
1504 -0.7925
1512 -0.618565
1520 -0.44388
1528 -0.268549
1536 -0.0926743
1544 0.0836422
1552 0.2603
1560 0.437202
1568 0.61425
1576 0.791348
1584 0.968403
1592 1.14532
1600 1.32201
1608 1.49839
1616 1.67436
1624 1.84984
1632 2.02475
1640 2.199
1648 2.37251
1656 2.54521
1664 2.717
1672 2.88783
1680 3.0576
1688 3.22626
1696 3.39372
1704 3.55992
1712 3.72479
1720 3.88826
1728 4.05027
1736 4.21076
1744 4.36966
1752 4.52692
1760 4.68247
1768 4.83626
1776 4.98823
1784 5.13834
1792 5.28653
1800 5.43275
1808 5.57695
1816 5.71908
1824 5.85911
1832 5.99699
1840 6.13267
1848 6.26611
1856 6.39728
1864 6.52615
1872 6.65267
1880 6.77681
1888 6.89854
1896 7.01782
1904 7.13464
1912 7.24896
1920 7.36075
1928 7.47
1936 7.57667
1944 7.68076
1952 7.78222
1960 7.88106
1968 7.97725
1976 8.07077
1984 8.16161
1992 8.24976
2000 8.33521
2008 8.41795
2016 8.49796
2024 8.57524
2032 8.64978
2040 8.72159
2048 8.79065
2056 8.85696
2064 8.92052
2072 8.98133
2080 9.0394
2088 9.09472
2096 9.14731
2104 9.19715
2112 9.24427
2120 9.28867
2128 9.33035
2136 9.36932
2144 9.4056
2152 9.4392
2160 9.47013
2168 9.4984
2176 9.52403
2184 9.54703
2192 9.56742
2200 9.58521
2208 9.60043
2216 9.6131
2224 9.62323
2232 9.63084
2240 9.63596
2248 9.63861
2256 9.63882
2264 9.6366
2272 9.63198
2280 9.62499
2288 9.61565
2296 9.604
2304 9.59005
2312 9.57384
2320 9.55539
2328 9.53474
2336 9.51192
2344 9.48695
2352 9.45987
2360 9.43071
2368 9.3995
2376 9.36627
2384 9.33107
2392 9.29392
2400 9.25485
2408 9.21391
2416 9.17112
2424 9.12652
2432 9.08015
2440 9.03205
2448 8.98224
2456 8.93078
2464 8.87769
2472 8.82301
2480 8.76678
2488 8.70904
2496 8.64982
2504 8.58917
2512 8.52713
2520 8.46372
2528 8.399
2536 8.33299
2544 8.26574
2552 8.19729
2560 8.12768
2568 8.05695
2576 7.98513
2584 7.91227
2592 7.8384
2600 7.76357
2608 7.68781
2616 7.61116
2624 7.53367
2632 7.45537
2640 7.3763
2648 7.2965
2656 7.21601
2664 7.13488
2672 7.05312
2680 6.9708
2688 6.88794
2696 6.80458
2704 6.72076
2712 6.63652
2720 6.5519
2728 6.46694
2736 6.38166
2744 6.29612
2752 6.21034
2760 6.12436
2768 6.03822
2776 5.95196
2784 5.8656
2792 5.77919
2800 5.69276
2808 5.60635
2816 5.51998
2824 5.4337
2832 5.34753
2840 5.26152
2848 5.17568
2856 5.09006
2864 5.00469
2872 4.9196
2880 4.83481
2888 4.75037
2896 4.66629
2904 4.58262
2912 4.49937
2920 4.41658
2928 4.33429
2936 4.2525
2944 4.17126
2952 4.09058
2960 4.01051
2968 3.93105
2976 3.85224
2984 3.7741
2992 3.69666
3000 3.61994
3008 3.54396
3016 3.46875
3024 3.39433
3032 3.32072
3040 3.24794
3048 3.17601
3056 3.10496
3064 3.0348
3072 2.96554
3080 2.89722
3088 2.82985
3096 2.76344
3104 2.69801
3112 2.63357
3120 2.57016
3128 2.50776
3136 2.44642
3144 2.38612
3152 2.3269
3160 2.26876
3168 2.21172
3176 2.15578
3184 2.10095
3192 2.04726
3200 1.9947
3208 1.94329
3216 1.89303
3224 1.84393
3232 1.79601
3240 1.74926
3248 1.7037
3256 1.65933
3264 1.61615
3272 1.57417
3280 1.5334
3288 1.49383
3296 1.45547
3304 1.41833
3312 1.3824
3320 1.34769
3328 1.31419
3336 1.28191
3344 1.25084
3352 1.221
3360 1.19236
3368 1.16494
3376 1.13873
3384 1.11373
3392 1.08993
3400 1.06733
3408 1.04592
3416 1.02571
3424 1.00668
3432 0.988828
3440 0.972152
3448 0.956641
3456 0.942289
3464 0.929088
3472 0.917029
3480 0.906105
3488 0.896305
3496 0.887621
3504 0.880043
3512 0.873559
3520 0.86816
3528 0.863834
3536 0.860569
3544 0.858353
3552 0.857174
3560 0.85702
3568 0.857876
3576 0.85973
3584 0.862567
3592 0.866374
3600 0.871136
3608 0.876838
3616 0.883465
3624 0.891001
3632 0.89943
3640 0.908737
3648 0.918905
3656 0.929916
3664 0.941755
3672 0.954405
3680 0.967846
3688 0.982063
3696 0.997036
3704 1.01275
3712 1.02918
3720 1.04631
3728 1.06413
3736 1.08261
3744 1.10174
3752 1.12149
3760 1.14184
3768 1.16278
3776 1.18429
3784 1.20634
3792 1.22892
3800 1.25201
3808 1.27558
3816 1.29962
3824 1.3241
3832 1.349
3840 1.37431
3848 1.4
3856 1.42605
3864 1.45244
3872 1.47915
3880 1.50616
3888 1.53345
3896 1.561
3904 1.58878
3912 1.61678
3920 1.64497
3928 1.67334
3936 1.70186
3944 1.7305
3952 1.76138
3960 1.78812
3968 1.81704
3976 1.84601
3984 1.87501
3992 1.90402
4000 1.93301
4008 1.96198
4016 1.99089
4024 2.01973
4032 2.04849
4040 2.07713
4048 2.10564
4056 2.134
4064 2.16219
4072 2.19019
4080 2.21799
4088 2.24557
4096 2.2729
4104 2.29997
4112 2.32677
4120 2.35327
4128 2.37945
4136 2.40531
4144 2.43081
4152 2.45596
4160 2.48072
4168 2.50509
4176 2.52904
4184 2.55257
4192 2.57566
4200 2.59828
4208 2.62044
4216 2.64211
4224 2.66328
4232 2.68394
4240 2.70407
4248 2.72366
4256 2.74269
4264 2.76116
4272 2.77906
4280 2.79636
4288 2.81307
4296 2.82917
4304 2.84464
4312 2.85949
4320 2.87369
4328 2.88725
4336 2.90014
4344 2.91237
4352 2.92392
4360 2.93479
4368 2.94497
4376 2.95445
4384 2.96323
4392 2.9713
4400 2.97865
4408 2.98528
4416 2.99119
4424 2.99636
4432 3.0008
4440 3.0045
4448 3.00746
4456 3.00968
4464 3.01115
4472 3.01187
4480 3.01184
4488 3.01107
4496 3.00954
4504 3.00726
4512 3.00423
4520 3.00045
4528 2.99592
4536 2.99064
4544 2.98461
4552 2.97785
4560 2.97034
4568 2.9621
4576 2.95312
4584 2.94342
4592 2.93299
4600 2.92184
4608 2.90998
4616 2.89741
4624 2.88413
4632 2.87017
4640 2.85551
4648 2.84017
4656 2.82417
4664 2.80749
4672 2.79017
4680 2.77219
4688 2.75358
4696 2.73434
4704 2.71448
4712 2.69402
4720 2.67296
4728 2.65132
4736 2.62911
4744 2.60634
4752 2.58302
4760 2.55916
4768 2.53478
4776 2.5099
4784 2.48451
4792 2.45865
4800 2.43233
4808 2.40555
4816 2.37833
4824 2.3507
4832 2.32265
4840 2.29422
4848 2.26542
4856 2.23625
4864 2.20675
4872 2.17692
4880 2.14679
4888 2.11637
4896 2.08567
4904 2.05472
4912 2.02354
4920 1.99213
4928 1.96053
4936 1.92875
4944 1.8968
4952 1.86471
4960 1.8325
4968 1.80018
4976 1.76777
4984 1.7353
4992 1.70277
5000 1.67022
5008 1.63767
5016 1.60512
5024 1.5726
5032 1.54014
5040 1.50774
5048 1.47543
5056 1.44324
5064 1.41117
5072 1.37925
5080 1.34751
5088 1.31595
5096 1.2846
5104 1.25348
5112 1.2226
5120 1.19199
5128 1.16167
5136 1.13166
5144 1.10197
5152 1.07262
5160 1.04364
5168 1.01504
5176 0.98684
5184 0.959057
5192 0.93171
5200 0.904818
5208 0.878398
5216 0.852467
5224 0.827042
5232 0.802142
5240 0.777781
5248 0.753977
5256 0.730746
5264 0.708102
5272 0.686063
5280 0.664642
5288 0.643854
5296 0.623714
5304 0.604236
5312 0.585433
5320 0.567319
5328 0.549905
5336 0.533205
5344 0.51723
5352 0.501992
5360 0.487501
5368 0.473768
5376 0.460803
5384 0.448616
5392 0.437214
5400 0.426607
5408 0.416802
5416 0.407807
5424 0.399629
5432 0.392272
5440 0.385744
5448 0.380049
5456 0.375191
5464 0.371175
5472 0.368002
5480 0.365676
5488 0.364198
5496 0.36357
5504 0.363791
5512 0.364863
5520 0.366783
5528 0.36955
5536 0.373162
5544 0.377616
5552 0.382908
5560 0.389034
5568 0.395988
5576 0.403764
5584 0.412356
5592 0.421756
5600 0.431956
5608 0.442947
5616 0.454718
5624 0.467261
5632 0.480562
5640 0.494611
5648 0.509393
5656 0.524896
5664 0.541105
5672 0.558004
5680 0.575577
5688 0.593807
5696 0.612677
5704 0.632168
5712 0.652261
5720 0.672935
5728 0.694169
5736 0.715942
5744 0.738231
5752 0.761012
5760 0.784262
5768 0.807955
5776 0.832066
5784 0.856568
5792 0.881433
5800 0.906634
5808 0.932142
5816 0.957926
5824 0.983958
5832 1.0102
5840 1.03663
5848 1.06322
5856 1.08991
5864 1.1167
5872 1.14353
5880 1.17037
5888 1.19719
5896 1.22396
5904 1.25062
5912 1.27716
5920 1.30352
5928 1.32966
5936 1.35556
5944 1.38116
5952 1.40643
5960 1.43133
5968 1.45581
5976 1.47984
5984 1.50336
5992 1.52635
6000 1.54874
6008 1.57051
6016 1.5916
6024 1.61197
6032 1.63158
6040 1.65039
6048 1.66834
6056 1.68539
6064 1.7015
6072 1.71663
6080 1.73072
6088 1.74373
6096 1.75562
6104 1.76634
6112 1.77584
6120 1.78409
6128 1.79103
6136 1.79663
6144 1.80083
6152 1.8036
6160 1.80489
6168 1.80466
6176 1.80286
6184 1.79946
6192 1.79441
6200 1.78767
6208 1.7792
6216 1.76897
6224 1.75693
6232 1.74305
6240 1.72729
6248 1.70962
6256 1.69001
6264 1.66841
6272 1.6448
6280 1.61915
6288 1.59143
6296 1.56161
6304 1.52966
6312 1.49558
6320 1.45932
6328 1.42087
6336 1.38021
6344 1.33733
6352 1.29221
6360 1.24484
6368 1.1952
6376 1.1433
6384 1.08913
6392 1.03268
6400 0.973947
6408 0.912946
6416 0.849678
6424 0.784151
6432 0.716378
6440 0.646374
6448 0.574158
6456 0.49975
6464 0.423178
6472 0.34447
6480 0.263659
6488 0.180783
6496 0.0958818
6504 0.0090017
6512 -0.079808
6520 -0.170493
6528 -0.262995
6536 -0.35725
6544 -0.453189
6552 -0.55074
6560 -0.649824
6568 -0.750357
6576 -0.852248
6584 -0.955404
6592 -1.05972
6600 -1.1651
6608 -1.27142
6616 -1.37856
6624 -1.4864
6632 -1.5948
6640 -1.70364
6648 -1.81275
6656 -1.92198
6664 -2.03119
6672 -2.14019
6680 -2.24881
6688 -2.35687
6696 -2.46417
6704 -2.57051
6712 -2.67569
6720 -2.77949
6728 -2.88167
6736 -2.98201
6744 -3.08026
6752 -3.17616
6760 -3.26945
6768 -3.35986
6776 -3.44709
6784 -3.53085
6792 -3.61084
6800 -3.68674
6808 -3.75822
6816 -3.82493
6824 -3.88654
6832 -3.94267
6840 -3.99294
6848 -4.03698
6856 -4.07437
6864 -4.1047
6872 -4.12756
6880 -4.14248
6888 -4.14902
6896 -4.14672
6904 -4.13507
6912 -4.1136
6920 -4.08177
6928 -4.03907
6936 -3.98496
6944 -3.91886
6952 -3.8402
6960 -3.74839
6968 -3.64282
6976 -3.52286
6984 -3.38786
6992 -3.23717
7000 -3.0701
7008 -2.88596
7016 -2.68401
7024 -2.46354
7032 -2.22377
7040 -1.96393
7048 -1.68322
7056 -1.38083
7064 -1.05591
7072 -0.70761
7080 -0.335037
7088 0.0627124
7096 0.486564
7104 0.93747
7112 1.4164
