0 20.8544
8 176306
16 312840
24 415672
32 490107
40 540783
48 571746
56 586513
64 588129
72 579220
80 562041
88 538520
96 510295
104 478748
112 445039
120 410131
128 374818
136 339744
144 305424
152 272264
160 240575
168 210584
176 182453
184 156283
192 132130
200 110005
208 89891.8
216 71744.1
224 55496.2
232 41066.2
240 28360.1
248 17275.6
256 7704.56
264 -463.886
272 -7341.75
280 -13040.3
288 -17668.5
296 -21332.3
304 -24133.4
312 -26168.7
320 -27529.8
328 -28302.6
336 -28567.4
344 -28398.3
352 -27863.8
360 -27026.2
368 -25942.2
376 -24663.2
384 -23234.9
392 -21698.2
400 -20089.2
408 -18439.4
416 -16776.2
424 -15123.1
432 -13500
440 -11923.4
448 -10406.9
456 -8961.48
464 -7595.5
472 -6315.22
480 -5124.93
488 -4027.23
496 -3023.21
504 -2112.67
512 -1294.3
520 -565.885
528 75.6002
536 633.792
544 1112.83
552 1517.25
560 1851.83
568 2121.58
576 2331.57
584 2486.93
592 2592.74
600 2654.01
608 2675.6
616 2662.21
624 2618.34
632 2548.29
640 2456.08
648 2345.49
656 2220.05
664 2083.01
672 1937.33
680 1785.74
688 1630.68
696 1474.33
704 1318.63
712 1165.27
720 1015.73
728 871.252
736 732.886
744 601.49
752 477.745
760 362.169
768 255.133
776 156.871
784 67.4968
792 -12.9848
800 -84.6652
808 -147.719
816 -202.395
824 -249.001
832 -287.898
840 -319.49
848 -344.21
856 -362.521
864 -374.899
872 -381.833
880 -383.817
888 -381.342
896 -374.895
904 -364.952
912 -351.975
920 -336.41
928 -318.683
936 -299.197
944 -278.334
952 -256.449
960 -233.873
968 -210.91
976 -187.837
984 -164.906
992 -142.34
1000 -120.338
1008 -99.0742
1016 -78.6979
1024 -59.335
1032 -41.0892
1040 -24.0432
1048 -8.26014
1056 6.21557
1064 19.3564
1072 31.1506
1080 41.6007
1088 50.7221
1096 58.5417
1104 65.0967
1112 70.4331
1120 74.6045
1128 77.6711
1136 79.6982
1144 80.7552
1152 80.9149
1160 80.2521
1168 78.8428
1176 76.7639
1184 74.0915
1192 70.9011
1200 67.2667
1208 63.2599
1216 58.95
1224 54.4033
1232 49.6827
1240 44.8476
1248 39.9534
1256 35.0518
1264 30.1901
1272 25.4116
1280 20.7552
1288 16.2557
1296 11.9436
1304 7.84525
1312 3.98319
1320 0.375876
1328 -2.96191
1336 -6.01896
1344 -8.78746
1352 -11.2628
1360 -13.4433
1368 -15.33
1376 -16.9267
1384 -18.2391
1392 -19.2755
1400 -20.0456
1408 -20.5609
1416 -20.8344
1424 -20.88
1432 -20.7131
1440 -20.3492
1448 -19.805
1456 -19.0973
1464 -18.2431
1472 -17.2596
1480 -16.164
1488 -14.973
1496 -13.7033
1504 -12.3709
1512 -10.9914
1520 -9.57959
1528 -8.14973
1536 -6.71518
1544 -5.28849
1552 -3.88129
1560 -2.50433
1568 -1.16738
1576 0.12075
1584 1.35222
1592 2.52017
1600 3.61868
1608 4.64282
1616 5.58854
1624 6.45272
1632 7.23309
1640 7.92823
1648 8.53749
1656 9.06098
1664 9.49948
1672 9.85445
1680 10.1279
1688 10.3225
1696 10.4412
1704 10.4876
1712 10.4656
1720 10.3794
1728 10.2335
1736 10.0327
1744 9.78183
1752 9.48595
1760 9.15019
1768 8.77973
1776 8.37972
1784 7.95529
1792 7.51149
1800 7.05325
1808 6.58537
1816 6.11248
1824 5.63901
1832 5.16918
1840 4.70696
1848 4.25608
1856 3.82001
1864 3.40192
1872 3.00471
1880 2.63098
1888 2.28304
1896 1.9629
1904 1.67226
1912 1.41254
1920 1.18488
1928 0.990105
1936 0.828791
1944 0.701239
1952 0.607495
1960 0.547364
1968 0.520421
1976 0.526023
1984 0.563329
1992 0.631309
2000 0.728764
2008 0.854342
2016 1.00655
2024 1.18378
2032 1.38431
2040 1.60634
2048 1.84798
2056 2.10731
2064 2.38233
2072 2.67105
2080 2.97145
2088 3.28151
2096 3.59922
2104 3.92261
2112 4.24974
2120 4.5787
2128 4.90767
2136 5.23488
2144 5.55862
2152 5.87729
2160 6.18937
2168 6.49342
2176 6.78811
2184 7.0722
2192 7.34459
2200 7.60424
2208 7.85025
2216 8.08182
2224 8.29826
2232 8.49899
2240 8.68353
2248 8.85153
2256 9.00271
2264 9.13691
2272 9.25405
2280 9.35418
2288 9.43738
2296 9.50388
2304 9.55392
2312 9.58788
2320 9.60615
2328 9.60922
2336 9.59764
2344 9.57197
2352 9.53287
2360 9.48099
2368 9.41705
2376 9.34179
2384 9.25597
2392 9.16035
2400 9.05574
2408 8.94292
2416 8.8227
2424 8.69588
2432 8.56323
2440 8.42556
2448 8.28361
2456 8.13814
2464 7.98987
2472 7.83951
2480 7.68772
2488 7.53515
2496 7.38241
2504 7.23009
2512 7.07871
2520 6.92879
2528 6.7808
2536 6.63517
2544 6.49228
2552 6.3525
2560 6.21612
2568 6.08344
2576 5.95467
2584 5.83003
2592 5.70968
2600 5.59374
2608 5.4823
2616 5.37543
2624 5.27315
2632 5.17547
2640 5.08235
2648 4.99373
2656 4.90955
2664 4.82969
2672 4.75403
2680 4.68244
2688 4.61475
2696 4.5508
2704 4.49039
2712 4.43334
2720 4.37944
2728 4.32848
2736 4.28024
2744 4.23451
2752 4.19106
2760 4.14969
2768 4.11016
2776 4.07227
2784 4.0358
2792 4.00055
2800 3.96633
2808 3.93293
2816 3.90019
2824 3.86792
2832 3.83597
2840 3.80419
2848 3.77244
2856 3.74058
2864 3.70851
2872 3.67612
2880 3.64333
2888 3.61004
2896 3.57621
2904 3.54176
2912 3.50667
2920 3.4709
2928 3.43444
2936 3.39727
2944 3.35939
2952 3.32083
2960 3.2816
2968 3.24174
2976 3.20128
2984 3.16027
2992 3.11876
3000 3.07681
3008 3.03449
3016 2.99186
3024 2.949
3032 2.90599
3040 2.86291
3048 2.81983
3056 2.77685
3064 2.73403
3072 2.69148
3080 2.64926
3088 2.60747
3096 2.56618
3104 2.52547
3112 2.48541
3120 2.44609
3128 2.40756
3136 2.3699
3144 2.33317
3152 2.29742
3160 2.2627
3168 2.22908
3176 2.19659
3184 2.16526
3192 2.13515
3200 2.10626
3208 2.07863
3216 2.05229
3224 2.02723
3232 2.00348
3240 1.98103
3248 1.9599
3256 1.94006
3264 1.92153
3272 1.90428
3280 1.8883
3288 1.87357
3296 1.86006
3304 1.84776
3312 1.83662
3320 1.82663
3328 1.81775
3336 1.80993
3344 1.80315
3352 1.79736
3360 1.79252
3368 1.78859
3376 1.78552
3384 1.78327
3392 1.7818
3400 1.78106
3408 1.78101
3416 1.78159
3424 1.78276
3432 1.78449
3440 1.78671
3448 1.7894
3456 1.79249
3464 1.79596
3472 1.79975
3480 1.80384
3488 1.80816
3496 1.81269
3504 1.81739
3512 1.82221
3520 1.82713
3528 1.8321
3536 1.8371
3544 1.84208
3552 1.84702
3560 1.85188
3568 1.85663
3576 1.86126
3584 1.86572
3592 1.86999
3600 1.87405
3608 1.87788
3616 1.88144
3624 1.88472
3632 1.88771
3640 1.89037
3648 1.8927
3656 1.89467
3664 1.89628
3672 1.89751
3680 1.89835
3688 1.89879
3696 1.89883
3704 1.89845
3712 1.89765
3720 1.89644
3728 1.8948
3736 1.89275
3744 1.89029
3752 1.88743
3760 1.88417
3768 1.88052
3776 1.87651
3784 1.87215
3792 1.86746
3800 1.86247
3808 1.85719
3816 1.85166
3824 1.84591
3832 1.83997
3840 1.83389
3848 1.8277
3856 1.82146
3864 1.81519
3872 1.80896
3880 1.80282
3888 1.79683
3896 1.79103
3904 1.7855
3912 1.7803
3920 1.77549
3928 1.77114
3936 1.76731
3944 1.76409
3952 1.76138
3960 1.75973
3968 1.75873
3976 1.75863
3984 1.7595
3992 1.76141
4000 1.76442
4008 1.76863
4016 1.77409
4024 1.78087
4032 1.78904
4040 1.79867
4048 1.80981
4056 1.82253
4064 1.83686
4072 1.85287
4080 1.8706
4088 1.89008
4096 1.91135
4104 1.93443
4112 1.95934
4120 1.98611
4128 2.01472
4136 2.04519
4144 2.0775
4152 2.11163
4160 2.14757
4168 2.18527
4176 2.2247
4184 2.26579
4192 2.30851
4200 2.35276
4208 2.39849
4216 2.44614
4224 2.49398
4232 2.54356
4240 2.5942
4248 2.6458
4256 2.69823
4264 2.75134
4272 2.80501
4280 2.85907
4288 2.91339
4296 2.96779
4304 3.02211
4312 3.07618
4320 3.12984
4328 3.1829
4336 3.23519
4344 3.28653
4352 3.33674
4360 3.38563
4368 3.43304
4376 3.47877
4384 3.52267
4392 3.56455
4400 3.60425
4408 3.64161
4416 3.67648
4424 3.7087
4432 3.73813
4440 3.76465
4448 3.78814
4456 3.80847
4464 3.82556
4472 3.83931
4480 3.84965
4488 3.85651
4496 3.85984
4504 3.8596
4512 3.85579
4520 3.84838
4528 3.83738
4536 3.82283
4544 3.80476
4552 3.78322
4560 3.75828
4568 3.73003
4576 3.69857
4584 3.66401
4592 3.62648
4600 3.58613
4608 3.54311
4616 3.49759
4624 3.44975
4632 3.39979
4640 3.3479
4648 3.29431
4656 3.23922
4664 3.18287
4672 3.12549
4680 3.06732
4688 3.00861
4696 2.94959
4704 2.89051
4712 2.83162
4720 2.77316
4728 2.71537
4736 2.65849
4744 2.60273
4752 2.54833
4760 2.49549
4768 2.44442
4776 2.3953
4784 2.34832
4792 2.30362
4800 2.26137
4808 2.22168
4816 2.18467
4824 2.15042
4832 2.11902
4840 2.09052
4848 2.06494
4856 2.04229
4864 2.02256
4872 2.00571
4880 1.9917
4888 1.98042
4896 1.97179
4904 1.96568
4912 1.96193
4920 1.96038
4928 1.96085
4936 1.96312
4944 1.96697
4952 1.97215
4960 1.9784
4968 1.98546
4976 1.99302
4984 2.0008
4992 2.00849
5000 2.01577
5008 2.02233
5016 2.02784
5024 2.03197
5032 2.03441
5040 2.03485
5048 2.03296
5056 2.02845
5064 2.02103
5072 2.01042
5080 1.99637
5088 1.97863
5096 1.95699
5104 1.93124
5112 1.90122
5120 1.86679
5128 1.82784
5136 1.78429
5144 1.73608
5152 1.68321
5160 1.62571
5168 1.56363
5176 1.49707
5184 1.42619
5192 1.35114
5200 1.27217
5208 1.18951
5216 1.10347
5224 1.01438
5232 0.922613
5240 0.82858
5248 0.73272
5256 0.635509
5264 0.537451
5272 0.439077
5280 0.340944
5288 0.24363
5296 0.147731
5304 0.0538595
5312 -0.0373644
5320 -0.125312
5328 -0.209354
5336 -0.288861
5344 -0.363213
5352 -0.431801
5360 -0.494033
5368 -0.549338
5376 -0.597175
5384 -0.637031
5392 -0.668432
5400 -0.690947
5408 -0.704191
5416 -0.707831
5424 -0.701591
5432 -0.685255
5440 -0.658672
5448 -0.62176
5456 -0.57451
5464 -0.516988
5472 -0.449336
5480 -0.371778
5488 -0.284621
5496 -0.188252
5504 -0.083143
5512 0.0301499
5520 0.150989
5528 0.278654
5536 0.412346
5544 0.55119
5552 0.694236
5560 0.840466
5568 0.988798
5576 1.13809
5584 1.28715
5592 1.43475
5600 1.5796
5608 1.7204
5616 1.85583
5624 1.98456
5632 2.10525
5640 2.21659
5648 2.31727
5656 2.40603
5664 2.48166
5672 2.54299
5680 2.58894
5688 2.6185
5696 2.63077
5704 2.62495
5712 2.60037
5720 2.55648
5728 2.49288
5736 2.40933
5744 2.30577
5752 2.18228
5760 2.03915
5768 1.87687
5776 1.6961
5784 1.49774
5792 1.28286
5800 1.05278
5808 0.808994
5816 0.553233
5824 0.287423
5832 0.0136956
5840 -0.265622
5848 -0.548016
5856 -0.830796
5864 -1.11111
5872 -1.38596
5880 -1.6522
5888 -1.90662
5896 -2.14586
5904 -2.36656
5912 -2.56527
5920 -2.73856
5928 -2.88303
5936 -2.99531
5944 -3.07214
5952 -3.11037
5960 -3.10703
5968 -3.05933
5976 -2.96474
5984 -2.82099
5992 -2.62616
6000 -2.37864
6008 -2.07728
6016 -1.72132
6024 -1.3105
6032 -0.845078
6040 -0.325848
6048 0.245807
6056 0.867896
6064 1.53779
6072 2.2522
6080 3.00716
6088 3.79801
6096 4.6194
6104 5.46526
6112 6.32884
6120 7.20269
6128 8.07869
6136 8.94808
6144 9.80148
6152 10.629
6160 11.42
6168 12.1638
6176 12.8489
6184 13.4637
6192 13.9964
6200 14.4349
6208 14.7673
6216 14.9815
6224 15.0659
6232 15.0091
6240 14.8001
6248 14.4287
6256 13.8855
6264 13.1619
6272 12.2504
6280 11.1451
6288 9.84113
6296 8.33558
6304 6.6272
6312 4.71677
6320 2.60724
6328 0.303848
6336 -2.18566
6344 -4.85091
6352 -7.67876
6360 -10.6532
6368 -13.7552
6376 -16.9625
6384 -20.2501
6392 -23.5893
6400 -26.9486
6408 -30.293
6416 -33.5845
6424 -36.7822
6432 -39.842
6440 -42.7171
6448 -45.3584
6456 -47.7141
6464 -49.7308
6472 -51.3533
6480 -52.5252
6488 -53.1893
6496 -53.2883
6504 -52.7653
6512 -51.5643
6520 -49.631
6528 -46.9136
6536 -43.3635
6544 -38.9364
6552 -33.5928
6560 -27.2993
6568 -20.0296
6576 -11.7652
6584 -2.49683
6592 7.77451
6600 19.0367
6608 31.265
6616 44.4213
6624 58.453
6632 73.2914
6640 88.8517
6648 105.031
6656 121.708
6664 138.742
6672 155.973
6680 173.219
6688 190.28
6696 206.931
6704 222.93
6712 238.011
6720 251.89
6728 264.263
6736 274.806
6744 283.181
6752 289.032
6760 291.994
6768 291.687
6776 287.729
6784 279.73
6792 267.303
6800 250.067
6808 227.649
6816 199.692
6824 165.864
6832 125.859
6840 79.4089
6848 26.2898
6856 -33.6698
6864 -100.579
6872 -174.476
6880 -255.316
6888 -342.965
6896 -437.184
6904 -537.62
6912 -643.797
6920 -755.1
6928 -870.767
6936 -989.876
6944 -1111.34
6952 -1233.88
6960 -1356.03
6968 -1476.14
6976 -1592.33
6984 -1702.52
6992 -1804.41
7000 -1895.47
7008 -1972.96
7016 -2033.92
7024 -2075.16
7032 -2093.3
7040 -2084.78
7048 -2045.83
7056 -1972.57
7064 -1860.95
7072 -1706.88
7080 -1506.17
7088 -1254.67
7096 -948.264
7104 -582.951
7112 -154.93
7120 339.332
7128 902.999
7136 1538.77
7144 2248.75
7152 3034.34
7160 3896.09
7168 4833.56
7176 5845.13
7184 6927.84
7192 8077.23
7200 9287.07
7208 10549.2
7216 11853.4
7224 13186.8
7232 14534.2
7240 15877.2
7248 17194.5
7256 18461.3
7264 19649.1
7272 20725.7
7280 21654.5
7288 22394.6
7296 22900.6
7304 23122.4
7312 23004.9
7320 22488
7328 21506.9
7336 19991.5
7344 17867.2
7352 15054.4
7360 11469.8
7368 7025.89
7376 1632.46
7384 -4803.06
7392 -12374.3
7400 -21174.8
7408 -31295.9
7416 -42825.4
7424 -55844.8
7432 -70426.6
7440 -86631
7448 -104502
7456 -124064
7464 -145313
7472 -168217
7480 -192703
7488 -218653
7496 -245894
7504 -274185
7512 -303213
7520 -332573
7528 -361755
7536 -390130
7544 -416930
7552 -441228
7560 -461913
7568 -477666
7576 -486932
7584 -487886
7592 -478398
7600 -455994
7608 -417812
7616 -360553
7624 -280428
7632 -173097
7640 -33606.8
