0 20.8544
8 20.4907
16 20.1316
24 19.7772
32 19.4275
40 19.0823
48 18.7418
56 18.4057
64 18.0741
72 17.747
80 17.4242
88 17.1059
96 16.7919
104 16.4821
112 16.1767
120 15.8755
128 15.5784
136 15.2856
144 14.9968
152 14.7121
160 14.4315
168 14.1549
176 13.8823
184 13.6136
192 13.3488
200 13.0879
208 12.8308
216 12.5776
224 12.3281
232 12.0824
240 11.8404
248 11.602
256 11.3673
264 11.1362
272 10.9087
280 10.6847
288 10.4642
296 10.2472
304 10.0336
312 9.82346
320 9.61669
328 9.41327
336 9.21317
344 9.01636
352 8.8228
360 8.63246
368 8.44532
376 8.26134
384 8.08049
392 7.90275
400 7.72807
408 7.55644
416 7.38782
424 7.22218
432 7.0595
440 6.89974
448 6.74287
456 6.58887
464 6.4377
472 6.28934
480 6.14376
488 6.00093
496 5.86083
504 5.72342
512 5.58867
520 5.45656
528 5.32706
536 5.20015
544 5.0758
552 4.95397
560 4.83464
568 4.71779
576 4.60339
584 4.49141
592 4.38183
600 4.27462
608 4.16975
616 4.06719
624 3.96693
632 3.86894
640 3.77319
648 3.67965
656 3.5883
664 3.49912
672 3.41208
680 3.32716
688 3.24432
696 3.16356
704 3.08484
712 3.00813
720 2.93342
728 2.86069
736 2.78989
744 2.72103
752 2.65406
760 2.58897
768 2.52574
776 2.46434
784 2.40474
792 2.34694
800 2.29089
808 2.23659
816 2.18401
824 2.13312
832 2.08391
840 2.03635
848 1.99042
856 1.94611
864 1.90338
872 1.86222
880 1.82261
888 1.78452
896 1.74794
904 1.71284
912 1.67921
920 1.64702
928 1.61625
936 1.58689
944 1.55891
952 1.53229
960 1.50702
968 1.48307
976 1.46043
984 1.43907
992 1.41898
1000 1.40013
1008 1.38252
1016 1.36611
1024 1.3509
1032 1.33686
1040 1.32397
1048 1.31222
1056 1.30159
1064 1.29206
1072 1.28361
1080 1.27622
1088 1.26988
1096 1.26458
1104 1.26028
1112 1.25698
1120 1.25466
1128 1.2533
1136 1.25289
1144 1.2534
1152 1.25482
1160 1.25714
1168 1.26034
1176 1.2644
1184 1.26931
1192 1.27505
1200 1.28161
1208 1.28896
1216 1.2971
1224 1.306
1232 1.31566
1240 1.32606
1248 1.33718
1256 1.34901
1264 1.36153
1272 1.37473
1280 1.3886
1288 1.40311
1296 1.41826
1304 1.43404
1312 1.45041
1320 1.46739
1328 1.48494
1336 1.50306
1344 1.52173
1352 1.54094
1360 1.56067
1368 1.58092
1376 1.60166
1384 1.62289
1392 1.6446
1400 1.66676
1408 1.68938
1416 1.71242
1424 1.73589
1432 1.75977
1440 1.78405
1448 1.80872
1456 1.83376
1464 1.85916
1472 1.88491
1480 1.911
1488 1.93742
1496 1.96415
1504 1.99119
1512 2.01852
1520 2.04614
1528 2.07402
1536 2.10217
1544 2.13056
1552 2.1592
1560 2.18806
1568 2.21714
1576 2.24642
1584 2.27591
1592 2.30558
1600 2.33543
1608 2.36545
1616 2.39562
1624 2.42594
1632 2.4564
1640 2.48699
1648 2.51769
1656 2.54851
1664 2.57943
1672 2.61044
1680 2.64153
1688 2.67269
1696 2.70392
1704 2.7352
1712 2.76654
1720 2.79791
1728 2.82931
1736 2.86073
1744 2.89217
1752 2.92361
1760 2.95506
1768 2.98649
1776 3.0179
1784 3.04929
1792 3.08064
1800 3.11196
1808 3.14322
1816 3.17443
1824 3.20558
1832 3.23666
1840 3.26766
1848 3.29857
1856 3.3294
1864 3.36012
1872 3.39075
1880 3.42126
1888 3.45165
1896 3.48192
1904 3.51206
1912 3.54206
1920 3.57193
1928 3.60164
1936 3.63119
1944 3.66059
1952 3.68982
1960 3.71888
1968 3.74776
1976 3.77645
1984 3.80496
1992 3.83327
2000 3.86139
2008 3.88929
2016 3.91699
2024 3.94448
2032 3.97174
2040 3.99878
2048 4.02559
2056 4.05217
2064 4.0785
2072 4.1046
2080 4.13044
2088 4.15604
2096 4.18138
2104 4.20645
2112 4.23126
2120 4.25581
2128 4.28008
2136 4.30407
2144 4.32778
2152 4.35121
2160 4.37435
2168 4.3972
2176 4.41976
2184 4.44201
2192 4.46397
2200 4.48561
2208 4.50696
2216 4.52798
2224 4.5487
2232 4.5691
2240 4.58917
2248 4.60893
2256 4.62835
2264 4.64745
2272 4.66622
2280 4.68465
2288 4.70275
2296 4.72051
2304 4.73792
2312 4.755
2320 4.77173
2328 4.78811
2336 4.80414
2344 4.81982
2352 4.83514
2360 4.85011
2368 4.86472
2376 4.87898
2384 4.89287
2392 4.9064
2400 4.91957
2408 4.93237
2416 4.94481
2424 4.95687
2432 4.96857
2440 4.9799
2448 4.99085
2456 5.00144
2464 5.01165
2472 5.02148
2480 5.03094
2488 5.04002
2496 5.04873
2504 5.05706
2512 5.06501
2520 5.07258
2528 5.07977
2536 5.08658
2544 5.09301
2552 5.09906
2560 5.10473
2568 5.11002
2576 5.11493
2584 5.11945
2592 5.1236
2600 5.12736
2608 5.13074
2616 5.13374
2624 5.13635
2632 5.13859
2640 5.14044
2648 5.14192
2656 5.14301
2664 5.14373
2672 5.14406
2680 5.14402
2688 5.1436
2696 5.1428
2704 5.14163
2712 5.14007
2720 5.13815
2728 5.13585
2736 5.13317
2744 5.13012
2752 5.1267
2760 5.12291
2768 5.11875
2776 5.11423
2784 5.10933
2792 5.10407
2800 5.09844
2808 5.09245
2816 5.0861
2824 5.07939
2832 5.07232
2840 5.06489
2848 5.0571
2856 5.04896
2864 5.04047
2872 5.03162
2880 5.02243
2888 5.01288
2896 5.00299
2904 4.99276
2912 4.98218
2920 4.97127
2928 4.96001
2936 4.94842
2944 4.93649
2952 4.92423
2960 4.91164
2968 4.89872
2976 4.88548
2984 4.87191
2992 4.85802
3000 4.84381
3008 4.82928
3016 4.81444
3024 4.79929
3032 4.78382
3040 4.76805
3048 4.75197
3056 4.73559
3064 4.71892
3072 4.70194
3080 4.68467
3088 4.6671
3096 4.64925
3104 4.63111
3112 4.61269
3120 4.59399
3128 4.575
3136 4.55575
3144 4.53622
3152 4.51642
3160 4.49635
3168 4.47602
3176 4.45543
3184 4.43458
3192 4.41347
3200 4.39212
3208 4.37051
3216 4.34866
3224 4.32657
3232 4.30424
3240 4.28167
3248 4.25887
3256 4.23584
3264 4.21259
3272 4.18911
3280 4.16541
3288 4.1415
3296 4.11737
3304 4.09303
3312 4.06849
3320 4.04374
3328 4.0188
3336 3.99365
3344 3.96832
3352 3.9428
3360 3.91709
3368 3.8912
3376 3.86513
3384 3.83888
3392 3.81247
3400 3.78588
3408 3.75914
3416 3.73223
3424 3.70517
3432 3.67795
3440 3.65058
3448 3.62307
3456 3.59541
3464 3.56762
3472 3.53969
3480 3.51164
3488 3.48345
3496 3.45514
3504 3.42671
3512 3.39817
3520 3.36951
3528 3.34075
3536 3.31188
3544 3.28291
3552 3.25384
3560 3.22468
3568 3.19544
3576 3.1661
3584 3.13669
3592 3.1072
3600 3.07763
3608 3.048
3616 3.0183
3624 2.98853
3632 2.95871
3640 2.92884
3648 2.89892
3656 2.86895
3664 2.83893
3672 2.80888
3680 2.7788
3688 2.74868
3696 2.71854
3704 2.68837
3712 2.65819
3720 2.62799
3728 2.59778
3736 2.56757
3744 2.53735
3752 2.50713
3760 2.47692
3768 2.44671
3776 2.41652
3784 2.38635
3792 2.3562
3800 2.32607
3808 2.29597
3816 2.2659
3824 2.23587
3832 2.20588
3840 2.17593
3848 2.14603
3856 2.11618
3864 2.08639
3872 2.05666
3880 2.027
3888 1.9974
3896 1.96787
3904 1.93842
3912 1.90904
3920 1.87975
3928 1.85055
3936 1.82143
3944 1.79241
3952 1.76138
3960 1.73467
3968 1.70596
3976 1.67735
3984 1.64886
3992 1.62049
4000 1.59224
4008 1.56411
4016 1.53611
4024 1.50824
4032 1.4805
4040 1.45291
4048 1.42546
4056 1.39815
4064 1.37099
4072 1.34399
4080 1.31715
4088 1.29046
4096 1.26394
4104 1.23759
4112 1.21141
4120 1.1854
4128 1.15957
4136 1.13393
4144 1.10846
4152 1.08319
4160 1.05811
4168 1.03322
4176 1.00853
4184 0.984047
4192 0.959766
4200 0.935694
4208 0.911833
4216 0.888186
4224 0.864758
4232 0.841552
4240 0.818569
4248 0.795814
4256 0.77329
4264 0.751
4272 0.728946
4280 0.707132
4288 0.685561
4296 0.664236
4304 0.643159
4312 0.622334
4320 0.601764
4328 0.581451
4336 0.561398
4344 0.541608
4352 0.522084
4360 0.502828
4368 0.483844
4376 0.465133
4384 0.446699
4392 0.428545
4400 0.410672
4408 0.393083
4416 0.375781
4424 0.358768
4432 0.342047
4440 0.32562
4448 0.30949
4456 0.293658
4464 0.278127
4472 0.2629
4480 0.247979
4488 0.233365
4496 0.219062
4504 0.20507
4512 0.191393
4520 0.178032
4528 0.164989
4536 0.152267
4544 0.139867
4552 0.12779
4560 0.11604
4568 0.104617
4576 0.0935237
4584 0.0827615
4592 0.0723322
4600 0.0622375
4608 0.0524788
4616 0.0430578
4624 0.0339759
4632 0.0252346
4640 0.0168354
4648 0.00877968
4656 0.00106867
4664 -0.0062963
4672 -0.013314
4680 -0.0199832
4688 -0.0263027
4696 -0.0322716
4704 -0.0378886
4712 -0.0431529
4720 -0.0480634
4728 -0.0526193
4736 -0.0568196
4744 -0.0606636
4752 -0.0641505
4760 -0.0672796
4768 -0.0700503
4776 -0.0724619
4784 -0.0745138
4792 -0.0762056
4800 -0.0775369
4808 -0.0785071
4816 -0.079116
4824 -0.0793633
4832 -0.0792486
4840 -0.078772
4848 -0.0779331
4856 -0.0767319
4864 -0.0751685
4872 -0.0732427
4880 -0.0709548
4888 -0.0683049
4896 -0.0652931
4904 -0.0619197
4912 -0.0581851
4920 -0.0540896
4928 -0.0496337
4936 -0.0448177
4944 -0.0396424
4952 -0.0341083
4960 -0.0282161
4968 -0.0219664
4976 -0.0153602
4984 -0.00839822
4992 -0.00108139
5000 0.00658929
5008 0.0146128
5016 0.022988
5024 0.0317138
5032 0.0407889
5040 0.0502121
5048 0.0599819
5056 0.070097
5064 0.0805559
5072 0.0913569
5080 0.102499
5088 0.113979
5096 0.125797
5104 0.13795
5112 0.150437
5120 0.163255
5128 0.176402
5136 0.189877
5144 0.203678
5152 0.217801
5160 0.232245
5168 0.247007
5176 0.262086
5184 0.277477
5192 0.29318
5200 0.309191
5208 0.325507
5216 0.342126
5224 0.359044
5232 0.37626
5240 0.393769
5248 0.411569
5256 0.429656
5264 0.448028
5272 0.466681
5280 0.485612
5288 0.504816
5296 0.524291
5304 0.544034
5312 0.564039
5320 0.584304
5328 0.604825
5336 0.625597
5344 0.646617
5352 0.667881
5360 0.689384
5368 0.711123
5376 0.733092
5384 0.755288
5392 0.777706
5400 0.800341
5408 0.823188
5416 0.846244
5424 0.869503
5432 0.892961
5440 0.916611
5448 0.94045
5456 0.964472
5464 0.988672
5472 1.01304
5480 1.03758
5488 1.06228
5496 1.08714
5504 1.11215
5512 1.1373
5520 1.16259
5528 1.18801
5536 1.21356
5544 1.23923
5552 1.26502
5560 1.29091
5568 1.31691
5576 1.343
5584 1.36918
5592 1.39544
5600 1.42178
5608 1.44818
5616 1.47465
5624 1.50117
5632 1.52774
5640 1.55435
5648 1.58099
5656 1.60766
5664 1.63435
5672 1.66104
5680 1.68774
5688 1.71444
5696 1.74112
5704 1.76778
5712 1.79441
5720 1.82101
5728 1.84756
5736 1.87406
5744 1.90049
5752 1.92686
5760 1.95314
5768 1.97934
5776 2.00544
5784 2.03143
5792 2.05731
5800 2.08307
5808 2.10869
5816 2.13417
5824 2.1595
5832 2.18466
5840 2.20966
5848 2.23447
5856 2.25909
5864 2.28352
5872 2.30773
5880 2.33172
5888 2.35547
5896 2.37899
5904 2.40226
5912 2.42526
5920 2.44798
5928 2.47043
5936 2.49257
5944 2.51442
5952 2.53594
5960 2.55713
5968 2.57799
5976 2.59849
5984 2.61863
5992 2.63839
6000 2.65777
6008 2.67675
6016 2.69532
6024 2.71346
6032 2.73117
6040 2.74843
6048 2.76523
6056 2.78156
6064 2.79741
6072 2.81275
6080 2.82759
6088 2.8419
6096 2.85567
6104 2.86889
6112 2.88155
6120 2.89363
6128 2.90512
6136 2.916
6144 2.92627
6152 2.9359
6160 2.94489
6168 2.95321
6176 2.96086
6184 2.96782
6192 2.97407
6200 2.97961
6208 2.98441
6216 2.98846
6224 2.99175
6232 2.99425
6240 2.99597
6248 2.99687
6256 2.99695
6264 2.99618
6272 2.99456
6280 2.99207
6288 2.98868
6296 2.98439
6304 2.97918
6312 2.97303
6320 2.96593
6328 2.95785
6336 2.94878
6344 2.93871
6352 2.92762
6360 2.91549
6368 2.9023
6376 2.88804
6384 2.87268
6392 2.85622
6400 2.83862
6408 2.81989
6416 2.79998
6424 2.7789
6432 2.75661
6440 2.73311
6448 2.70837
6456 2.68237
6464 2.6551
6472 2.62653
6480 2.59665
6488 2.56544
6496 2.53287
6504 2.49894
6512 2.46361
6520 2.42687
6528 2.38869
6536 2.34907
6544 2.30797
6552 2.26538
6560 2.22128
6568 2.17565
6576 2.12846
6584 2.07969
