0 213.059
8 1.30986e+06
16 2.55088e+06
24 3.7257e+06
32 4.83665e+06
40 5.88602e+06
48 6.87603e+06
56 7.80881e+06
64 8.68647e+06
72 9.51104e+06
80 1.02845e+07
88 1.10087e+07
96 1.16855e+07
104 1.23168e+07
112 1.29043e+07
120 1.34497e+07
128 1.39546e+07
136 1.44206e+07
144 1.48493e+07
152 1.52422e+07
160 1.56007e+07
168 1.59262e+07
176 1.62202e+07
184 1.64838e+07
192 1.67185e+07
200 1.69255e+07
208 1.71059e+07
216 1.72609e+07
224 1.73917e+07
232 1.74994e+07
240 1.75849e+07
248 1.76494e+07
256 1.76938e+07
264 1.77191e+07
272 1.77261e+07
280 1.77159e+07
288 1.76892e+07
296 1.76469e+07
304 1.75899e+07
312 1.75188e+07
320 1.74344e+07
328 1.73375e+07
336 1.72288e+07
344 1.71089e+07
352 1.69786e+07
360 1.68383e+07
368 1.66888e+07
376 1.65305e+07
384 1.63642e+07
392 1.61903e+07
400 1.60093e+07
408 1.58218e+07
416 1.56282e+07
424 1.5429e+07
432 1.52247e+07
440 1.50156e+07
448 1.48022e+07
456 1.45849e+07
464 1.43641e+07
472 1.41401e+07
480 1.39132e+07
488 1.36839e+07
496 1.34524e+07
504 1.32191e+07
512 1.29842e+07
520 1.27481e+07
528 1.25109e+07
536 1.2273e+07
544 1.20345e+07
552 1.17958e+07
560 1.15571e+07
568 1.13185e+07
576 1.10803e+07
584 1.08427e+07
592 1.06057e+07
600 1.03698e+07
608 1.01349e+07
616 9.90119e+06
624 9.66891e+06
632 9.43816e+06
640 9.20906e+06
648 8.98175e+06
656 8.75634e+06
664 8.53294e+06
672 8.31165e+06
680 8.09257e+06
688 7.87578e+06
696 7.66139e+06
704 7.44945e+06
712 7.24005e+06
720 7.03325e+06
728 6.82912e+06
736 6.62771e+06
744 6.42906e+06
752 6.23324e+06
760 6.04028e+06
768 5.85022e+06
776 5.6631e+06
784 5.47895e+06
792 5.29778e+06
800 5.11963e+06
808 4.94452e+06
816 4.77245e+06
824 4.60345e+06
832 4.43753e+06
840 4.27468e+06
848 4.11492e+06
856 3.95824e+06
864 3.80465e+06
872 3.65413e+06
880 3.50669e+06
888 3.36232e+06
896 3.221e+06
904 3.08272e+06
912 2.94747e+06
920 2.81523e+06
928 2.68599e+06
936 2.55972e+06
944 2.43641e+06
952 2.31602e+06
960 2.19854e+06
968 2.08395e+06
976 1.9722e+06
984 1.86329e+06
992 1.75717e+06
1000 1.65383e+06
1008 1.55322e+06
1016 1.45532e+06
1024 1.36009e+06
1032 1.26751e+06
1040 1.17753e+06
1048 1.09013e+06
1056 1.00527e+06
1064 922905
1072 843013
1080 765551
1088 690485
1096 617776
1104 547387
1112 479281
1120 413420
1128 349766
1136 288280
1144 228926
1152 171663
1160 116455
1168 63262.9
1176 12048
1184 -37227.6
1192 -84602
1200 -130113
1208 -173800
1216 -215698
1224 -255847
1232 -294284
1240 -331046
1248 -366169
1256 -399691
1264 -431647
1272 -462075
1280 -491010
1288 -518487
1296 -544542
1304 -569210
1312 -592525
1320 -614521
1328 -635233
1336 -654693
1344 -672934
1352 -689991
1360 -705893
1368 -720674
1376 -734365
1384 -746997
1392 -758600
1400 -769204
1408 -778840
1416 -787536
1424 -795321
1432 -802224
1440 -808272
1448 -813494
1456 -817914
1464 -821562
1472 -824462
1480 -826640
1488 -828121
1496 -828930
1504 -829091
1512 -828628
1520 -827565
1528 -825924
1536 -823727
1544 -820997
1552 -817755
1560 -814022
1568 -809820
1576 -805167
1584 -800084
1592 -794590
1600 -788704
1608 -782445
1616 -775830
1624 -768877
1632 -761604
1640 -754027
1648 -746163
1656 -738027
1664 -729635
1672 -721002
1680 -712144
1688 -703074
1696 -693806
1704 -684355
1712 -674733
1720 -664954
1728 -655029
1736 -644972
1744 -634793
1752 -624505
1760 -614119
1768 -603645
1776 -593094
1784 -582476
1792 -571801
1800 -561078
1808 -550317
1816 -539527
1824 -528716
1832 -517892
1840 -507064
1848 -496239
1856 -485424
1864 -474628
1872 -463856
1880 -453116
1888 -442414
1896 -431756
1904 -421147
1912 -410594
1920 -400103
1928 -389677
1936 -379323
1944 -369044
1952 -358846
1960 -348733
1968 -338708
1976 -328776
1984 -318940
1992 -309205
2000 -299572
2008 -290046
2016 -280629
2024 -271324
2032 -262134
2040 -253061
2048 -244108
2056 -235275
2064 -226567
2072 -217983
2080 -209527
2088 -201199
2096 -193000
2104 -184933
2112 -176998
2120 -169196
2128 -161528
2136 -153995
2144 -146598
2152 -139336
2160 -132211
2168 -125223
2176 -118372
2184 -111657
2192 -105080
2200 -98639.6
2208 -92336.3
2216 -86169.5
2224 -80139.1
2232 -74244.5
2240 -68485.4
2248 -62861.2
2256 -57371.2
2264 -52014.8
2272 -46791.3
2280 -41699.7
2288 -36739.4
2296 -31909.2
2304 -27208.3
2312 -22635.6
2320 -18190
2328 -13870.5
2336 -9675.72
2344 -5604.6
2352 -1655.85
2360 2171.84
2368 5879.79
2376 9469.36
2384 12941.9
2392 16299
2400 19541.9
2408 22672.2
2416 25691.4
2424 28600.9
2432 31402.4
2440 34097.5
2448 36687.6
2456 39174.4
2464 41559.5
2472 43844.5
2480 46031.2
2488 48121
2496 50115.7
2504 52016.9
2512 53826.4
2520 55545.7
2528 57176.7
2536 58720.8
2544 60179.9
2552 61555.6
2560 62849.6
2568 64063.6
2576 65199.2
2584 66258.2
2592 67242.2
2600 68152.8
2608 68991.8
2616 69760.8
2624 70461.4
2632 71095.2
2640 71664
2648 72169.2
2656 72612.6
2664 72995.7
2672 73320
2680 73587.2
2688 73798.9
2696 73956.5
2704 74061.5
2712 74115.6
2720 74120.2
2728 74076.7
2736 73986.8
2744 73851.7
2752 73672.9
2760 73452
2768 73190.1
2776 72888.9
2784 72549.5
2792 72173.4
2800 71761.8
2808 71316.2
2816 70837.8
2824 70327.8
2832 69787.5
2840 69218.1
2848 68620.9
2856 67997.1
2864 67347.8
2872 66674.2
2880 65977.4
2888 65258.5
2896 64518.6
2904 63758.9
2912 62980.3
2920 62183.9
2928 61370.7
2936 60541.7
2944 59697.9
2952 58840.2
2960 57969.6
2968 57087
2976 56193.2
2984 55289.2
2992 54375.8
3000 53453.9
3008 52524.2
3016 51587.5
3024 50644.7
3032 49696.5
3040 48743.6
3048 47786.8
3056 46826.7
3064 45864.1
3072 44899.6
3080 43933.8
3088 42967.4
3096 42001
3104 41035.1
3112 40070.4
3120 39107.5
3128 38146.8
3136 37188.8
3144 36234.2
3152 35283.3
3160 34336.7
3168 33394.8
3176 32458
3184 31526.8
3192 30601.6
3200 29682.8
3208 28770.8
3216 27865.8
3224 26968.4
3232 26078.7
3240 25197.2
3248 24324.1
3256 23459.8
3264 22604.5
3272 21758.4
3280 20921.9
3288 20095.2
3296 19278.5
3304 18472
3312 17676
3320 16890.5
3328 16115.9
3336 15352.2
3344 14599.7
3352 13858.4
3360 13128.6
3368 12410.3
3376 11703.6
3384 11008.7
3392 10325.7
3400 9654.61
3408 8995.54
3416 8348.55
3424 7713.71
3432 7091.06
3440 6480.65
3448 5882.51
3456 5296.66
3464 4723.13
3472 4161.92
3480 3613.04
3488 3076.47
3496 2552.22
3504 2040.25
3512 1540.55
3520 1053.08
3528 577.803
3536 114.677
3544 -336.347
3552 -775.327
3560 -1202.32
3568 -1617.4
3576 -2020.63
3584 -2412.09
3592 -2791.85
3600 -3160.02
3608 -3516.66
3616 -3861.89
3624 -4195.79
3632 -4518.47
3640 -4830.04
3648 -5130.59
3656 -5420.26
3664 -5699.14
3672 -5967.36
3680 -6225.05
3688 -6472.32
3696 -6709.3
3704 -6936.12
3712 -7152.92
3720 -7359.83
3728 -7556.98
3736 -7744.51
3744 -7922.56
3752 -8091.28
3760 -8250.81
3768 -8401.28
3776 -8542.86
3784 -8675.67
3792 -8799.89
3800 -8915.64
3808 -9023.08
3816 -9122.37
3824 -9213.65
3832 -9297.08
3840 -9372.81
3848 -9440.99
3856 -9501.77
3864 -9555.31
3872 -9601.77
3880 -9641.29
3888 -9674.03
3896 -9700.14
3904 -9719.77
3912 -9733.08
3920 -9740.23
3928 -9741.35
3936 -9736.61
3944 -9726.15
3952 -9710.12
3960 -9688.68
3968 -9661.96
3976 -9630.13
3984 -9593.32
3992 -9551.69
4000 -9505.36
4008 -9454.5
4016 -9399.24
4024 -9339.73
4032 -9276.1
4040 -9208.49
4048 -9137.04
4056 -9061.88
4064 -8983.16
4072 -8901
4080 -8815.54
4088 -8726.9
4096 -8635.22
4104 -8540.62
4112 -8443.23
4120 -8343.17
4128 -8240.57
4136 -8135.54
4144 -8028.21
4152 -7918.69
4160 -7807.09
4168 -7693.54
4176 -7578.15
4184 -7461.02
4192 -7342.26
4200 -7221.98
4208 -7100.29
4216 -6977.29
4224 -6853.08
4232 -6727.75
4240 -6601.41
4248 -6474.16
4256 -6346.08
4264 -6217.27
4272 -6087.82
4280 -5957.82
4288 -5827.36
4296 -5696.51
4304 -5565.36
4312 -5433.99
4320 -5302.49
4328 -5170.93
4336 -5039.38
4344 -4907.91
4352 -4776.61
4360 -4645.54
4368 -4514.76
4376 -4384.35
4384 -4254.36
4392 -4124.87
4400 -3995.92
4408 -3867.59
4416 -3739.92
4424 -3612.98
4432 -3486.82
4440 -3361.48
4448 -3237.02
4456 -3113.5
4464 -2990.94
4472 -2869.41
4480 -2748.95
4488 -2629.59
4496 -2511.38
4504 -2394.35
4512 -2278.55
4520 -2164.01
4528 -2050.77
4536 -1938.85
4544 -1828.29
4552 -1719.11
4560 -1611.36
4568 -1505.05
4576 -1400.2
4584 -1296.85
4592 -1195.02
4600 -1094.72
4608 -995.983
4616 -898.821
4624 -803.252
4632 -709.294
4640 -616.962
4648 -526.268
4656 -437.226
4664 -349.848
4672 -264.142
4680 -180.12
4688 -97.7873
4696 -17.1525
4704 61.779
4712 139.002
4720 214.514
4728 288.31
4736 360.39
4744 430.753
4752 499.398
4760 566.326
4768 631.54
4776 695.043
4784 756.837
4792 816.927
4800 875.318
4808 932.017
4816 987.03
4824 1040.36
4832 1092.03
4840 1142.03
4848 1190.38
4856 1237.09
4864 1282.17
4872 1325.63
4880 1367.48
4888 1407.74
4896 1446.42
4904 1483.53
4912 1519.09
4920 1553.11
4928 1585.6
4936 1616.59
4944 1646.09
4952 1674.11
4960 1700.67
4968 1725.79
4976 1749.49
4984 1771.79
4992 1792.7
5000 1812.24
5008 1830.43
5016 1847.3
5024 1862.85
5032 1877.12
5040 1890.11
5048 1901.86
5056 1912.37
5064 1921.68
5072 1929.8
5080 1936.76
5088 1942.57
5096 1947.25
5104 1950.83
5112 1953.33
5120 1954.77
5128 1955.18
5136 1954.57
5144 1952.96
5152 1950.38
5160 1946.85
5168 1942.39
5176 1937.02
5184 1930.77
5192 1923.66
5200 1915.71
5208 1906.93
5216 1897.36
5224 1887.01
5232 1875.91
5240 1864.08
5248 1851.53
5256 1838.3
5264 1824.39
5272 1809.84
5280 1794.66
5288 1778.88
5296 1762.51
5304 1745.58
5312 1728.1
5320 1710.1
5328 1691.6
5336 1672.61
5344 1653.17
5352 1633.27
5360 1612.96
5368 1592.24
5376 1571.13
5384 1549.66
5392 1527.83
5400 1505.68
5408 1483.22
5416 1460.46
5424 1437.43
5432 1414.13
5440 1390.6
5448 1366.84
5456 1342.88
5464 1318.72
5472 1294.39
5480 1269.9
5488 1245.27
5496 1220.52
5504 1195.65
5512 1170.68
5520 1145.63
5528 1120.51
5536 1095.34
5544 1070.14
5552 1044.9
5560 1019.66
5568 994.411
5576 969.179
5584 943.974
5592 918.809
5600 893.694
5608 868.641
5616 843.663
5624 818.771
5632 793.974
5640 769.285
5648 744.714
5656 720.27
5664 695.964
5672 671.806
5680 647.804
5688 623.967
5696 600.305
5704 576.826
5712 553.538
5720 530.45
5728 507.569
5736 484.902
5744 462.457
5752 440.241
5760 418.26
5768 396.521
5776 375.03
5784 353.794
5792 332.817
5800 312.106
5808 291.665
5816 271.5
5824 251.615
5832 232.015
5840 212.704
5848 193.687
5856 174.966
5864 156.546
5872 138.43
5880 120.622
5888 103.123
5896 85.9374
5904 69.0672
5912 52.5148
5920 36.2823
5928 20.3716
5936 4.78444
5944 -10.4776
5952 -25.4133
5960 -40.0214
5968 -54.301
5976 -68.2512
5984 -81.8715
5992 -95.1615
6000 -108.121
6008 -120.749
6016 -133.047
6024 -145.015
6032 -156.652
6040 -167.96
6048 -178.939
6056 -189.591
6064 -199.915
6072 -209.914
6080 -219.587
6088 -228.938
6096 -237.967
6104 -246.677
6112 -255.068
6120 -263.142
6128 -270.903
6136 -278.351
6144 -285.49
6152 -292.321
6160 -298.847
6168 -305.071
6176 -310.995
6184 -316.622
6192 -321.954
6200 -326.996
6208 -331.749
6216 -336.217
6224 -340.403
6232 -344.311
6240 -347.943
6248 -351.304
6256 -354.396
6264 -357.223
6272 -359.789
6280 -362.097
6288 -364.152
6296 -365.956
6304 -367.514
6312 -368.829
6320 -369.906
6328 -370.748
6336 -371.36
6344 -371.745
6352 -371.908
6360 -371.852
6368 -371.581
6376 -371.101
6384 -370.415
6392 -369.526
6400 -368.44
6408 -367.161
6416 -365.692
6424 -364.039
6432 -362.205
6440 -360.194
6448 -358.011
6456 -355.661
6464 -353.146
6472 -350.473
6480 -347.644
6488 -344.665
6496 -341.538
6504 -338.27
6512 -334.863
6520 -331.323
6528 -327.652
6536 -323.857
6544 -319.94
6552 -315.905
6560 -311.758
6568 -307.502
6576 -303.141
6584 -298.679
6592 -294.12
6600 -289.468
6608 -284.728
6616 -279.902
6624 -274.996
6632 -270.012
6640 -264.955
6648 -259.829
6656 -254.637
6664 -249.382
6672 -244.07
6680 -238.703
6688 -233.284
6696 -227.818
6704 -222.308
6712 -216.757
6720 -211.17
6728 -205.548
6736 -199.896
6744 -194.217
6752 -188.513
6760 -182.789
6768 -177.048
6776 -171.292
6784 -165.524
6792 -159.748
6800 -153.966
6808 -148.181
6816 -142.397
6824 -136.615
6832 -130.839
6840 -125.071
6848 -119.315
6856 -113.571
6864 -107.844
6872 -102.135
6880 -96.4464
6888 -90.7813
6896 -85.1415
6904 -79.5295
6912 -73.9473
6920 -68.397
6928 -62.8808
6936 -57.4006
6944 -51.9584
6952 -46.5561
6960 -41.1956
6968 -35.8786
6976 -30.6069
6984 -25.3821
6992 -20.206
7000 -15.08
7008 -10.0057
7016 -4.98459
7024 -0.0180588
7032 4.89252
7040 9.74584
7048 14.5406
7056 19.2757
7064 23.9499
7072 28.5621
7080 33.1113
7088 37.5964
7096 42.0165
7104 46.3707
7112 50.6582
7120 54.878
7128 59.0296
7136 63.1121
7144 67.125
7152 71.0675
7160 74.9391
7168 78.7392
7176 82.4675
7184 86.1235
7192 89.7067
7200 93.2168
7208 96.6535
7216 100.017
7224 103.306
7232 106.521
7240 109.662
7248 112.728
7256 115.721
7264 118.638
7272 121.482
7280 124.251
7288 126.945
7296 129.566
7304 132.112
7312 134.585
7320 136.984
7328 139.309
7336 141.562
7344 143.742
7352 145.849
7360 147.884
7368 149.848
7376 151.74
7384 153.562
7392 155.313
7400 156.994
7408 158.607
7416 160.15
7424 161.626
7432 163.034
7440 164.375
7448 165.65
7456 166.859
7464 168.003
7472 169.084
7480 170.101
7488 171.055
7496 171.947
7504 172.779
7512 173.55
7520 174.261
7528 174.914
7536 175.509
7544 176.048
7552 176.53
7560 176.957
7568 177.329
7576 177.649
7584 177.916
7592 178.131
7600 178.296
7608 178.411
7616 178.478
7624 178.497
7632 178.469
7640 178.395
7648 178.277
7656 178.114
7664 177.909
7672 177.662
7680 177.375
7688 177.047
7696 176.681
7704 176.277
7712 175.836
7720 175.36
7728 174.848
7736 174.303
7744 173.725
7752 173.116
7760 172.475
7768 171.805
7776 171.106
7784 170.38
7792 169.626
7800 168.847
7808 168.043
7816 167.215
7824 166.365
7832 165.492
7840 164.599
7848 163.686
7856 162.753
7864 161.803
7872 160.835
7880 159.852
7888 158.853
7896 157.839
7904 156.813
7912 155.773
7920 154.722
7928 153.661
7936 152.589
7944 151.508
7952 150.419
7960 149.322
7968 148.219
7976 147.11
7984 145.997
7992 144.879
8000 143.757
8008 142.633
8016 141.507
8024 140.38
8032 139.253
8040 138.126
8048 137
8056 135.875
8064 134.753
8072 133.635
8080 132.519
8088 131.408
8096 130.303
8104 129.202
8112 128.108
8120 127.021
8128 125.941
8136 124.869
8144 123.805
8152 122.751
8160 121.706
8168 120.671
8176 119.646
8184 118.633
8192 117.63
8200 116.64
8208 115.662
8216 114.697
8224 113.745
8232 112.807
8240 111.882
8248 110.972
8256 110.076
8264 109.196
8272 108.33
8280 107.481
8288 106.647
8296 105.829
8304 105.028
8312 104.244
8320 103.477
8328 102.726
8336 101.994
8344 101.279
8352 100.581
8360 99.9021
8368 99.241
8376 98.5982
8384 97.974
8392 97.3683
8400 96.7814
8408 96.2133
8416 95.6641
8424 95.1339
8432 94.6229
8440 94.131
8448 93.6583
8456 93.2048
8464 92.7706
8472 92.3557
8480 91.9601
8488 91.5837
8496 91.2267
8504 90.8889
8512 90.5703
8520 90.271
8528 89.9907
8536 89.7296
8544 89.4874
8552 89.2641
8560 89.0597
8568 88.8741
8576 88.707
8584 88.5585
8592 88.4284
8600 88.3166
8608 88.2229
8616 88.1472
8624 88.0894
8632 88.0493
8640 88.0267
8648 88.0214
8656 88.0334
8664 88.0623
8672 88.108
8680 88.1704
8688 88.2492
8696 88.3442
8704 88.4552
8712 88.582
8720 88.7244
8728 88.8821
8736 89.0549
8744 89.2427
8752 89.445
8760 89.6618
8768 89.8927
8776 90.1376
8784 90.3961
8792 90.668
8800 90.9531
8808 91.2511
8816 91.5617
8824 91.8846
8832 92.2197
8840 92.5666
8848 92.9251
8856 93.2949
8864 93.6757
8872 94.0672
8880 94.4692
8888 94.8814
8896 95.3036
8904 95.7353
8912 96.1765
8920 96.6267
8928 97.0858
8936 97.5533
8944 98.0292
8952 98.513
8960 99.0045
8968 99.5035
8976 100.01
8984 100.523
8992 101.042
9000 101.568
9008 102.1
9016 102.638
9024 103.181
9032 103.73
9040 104.284
9048 104.842
9056 105.405
9064 105.972
9072 106.543
9080 107.118
9088 107.697
9096 108.278
9104 108.863
9112 109.45
9120 110.04
9128 110.632
9136 111.226
9144 111.822
9152 112.42
9160 113.019
9168 113.619
9176 114.221
9184 114.823
9192 115.425
9200 116.028
9208 116.631
9216 117.234
9224 117.837
9232 118.439
9240 119.041
9248 119.642
9256 120.242
9264 120.841
9272 121.438
9280 122.035
9288 122.629
9296 123.222
9304 123.813
9312 124.402
9320 124.989
9328 125.574
9336 126.156
9344 126.735
9352 127.312
9360 127.886
9368 128.458
9376 129.026
9384 129.591
9392 130.153
9400 130.712
9408 131.267
9416 131.819
9424 132.367
9432 132.912
9440 133.453
9448 133.991
9456 134.524
9464 135.054
9472 135.58
9480 136.102
9488 136.62
9496 137.134
9504 137.644
9512 138.15
9520 138.652
9528 139.15
9536 139.643
9544 140.133
9552 140.618
9560 141.099
9568 141.576
9576 142.049
9584 142.518
9592 142.982
9600 143.443
9608 143.899
9616 144.352
9624 144.8
9632 145.245
9640 145.685
9648 146.122
9656 146.554
9664 146.983
9672 147.408
9680 147.829
9688 148.247
9696 148.661
9704 149.071
9712 149.478
9720 149.882
9728 150.282
9736 150.679
9744 151.073
9752 151.463
9760 151.851
9768 152.235
9776 152.617
9784 152.996
9792 153.372
9800 153.745
9808 154.116
9816 154.485
9824 154.851
9832 155.215
9840 155.576
9848 155.936
9856 156.294
9864 156.65
9872 157.004
9880 157.356
9888 157.707
9896 158.057
9904 158.405
9912 158.752
9920 159.098
9928 159.443
9936 159.787
9944 160.131
9952 160.473
9960 160.816
9968 161.157
9976 161.499
9984 161.84
9992 162.181
10000 162.522
10008 162.864
10016 163.205
10024 163.547
10032 163.89
10040 164.233
10048 164.576
10056 164.921
10064 165.266
10072 165.613
10080 165.96
10088 166.309
10096 166.659
10104 167.011
10112 167.364
10120 167.719
10128 168.075
10136 168.433
10144 168.794
10152 169.156
10160 169.52
10168 169.887
10176 170.256
10184 170.627
10192 171.001
10200 171.378
10208 171.757
10216 172.138
10224 172.523
10232 172.91
10240 173.301
10248 173.694
10256 174.091
10264 174.491
10272 174.894
10280 175.3
10288 175.709
10296 176.122
10304 176.539
10312 176.959
10320 177.382
10328 177.809
10336 178.24
10344 178.675
10352 179.113
10360 179.555
10368 180.001
10376 180.45
10384 180.903
10392 181.361
10400 181.822
10408 182.287
10416 182.756
10424 183.229
10432 183.706
10440 184.186
10448 184.671
10456 185.16
10464 185.652
10472 186.149
10480 186.649
10488 187.154
10496 187.662
10504 188.174
10512 188.69
10520 189.209
10528 189.733
10536 190.26
10544 190.791
10552 191.325
10560 191.864
10568 192.405
10576 192.95
10584 193.499
10592 194.051
10600 194.607
10608 195.165
10616 195.727
10624 196.292
10632 196.861
10640 197.432
10648 198.006
10656 198.583
10664 199.162
10672 199.745
10680 200.33
10688 200.917
10696 201.507
10704 202.099
10712 202.693
10720 203.289
10728 203.887
10736 204.488
10744 205.089
10752 205.693
10760 206.298
10768 206.904
10776 207.512
10784 208.121
10792 208.73
10800 209.341
10808 209.952
10816 210.564
10824 211.177
10832 211.79
10840 212.403
10848 213.016
10856 213.628
10864 214.241
10872 214.853
10880 215.465
10888 216.076
10896 216.686
10904 217.295
10912 217.903
10920 218.51
10928 219.115
10936 219.718
10944 220.319
10952 220.919
10960 221.516
10968 222.111
10976 222.704
10984 223.293
10992 223.88
11000 224.464
11008 225.045
11016 225.622
11024 226.196
11032 226.766
11040 227.332
11048 227.894
11056 228.452
11064 229.005
11072 229.554
11080 230.097
11088 230.636
11096 231.17
11104 231.698
11112 232.221
11120 232.738
11128 233.249
11136 233.754
11144 234.253
11152 234.745
11160 235.231
11168 235.71
11176 236.182
11184 236.647
11192 237.105
11200 237.555
11208 237.997
11216 238.432
11224 238.858
11232 239.277
11240 239.686
11248 240.088
11256 240.481
11264 240.865
11272 241.239
11280 241.605
11288 241.961
11296 242.308
11304 242.645
11312 242.972
11320 243.289
11328 243.596
11336 243.893
11344 244.18
11352 244.455
11360 244.72
11368 244.974
11376 245.217
11384 245.449
11392 245.669
11400 245.878
11408 246.076
11416 246.262
11424 246.435
11432 246.597
11440 246.747
11448 246.885
11456 247.01
11464 247.123
11472 247.223
11480 247.311
11488 247.385
11496 247.447
11504 247.496
11512 247.532
11520 247.555
11528 247.564
11536 247.56
11544 247.543
11552 247.512
11560 247.468
11568 247.41
11576 247.338
11584 247.252
11592 247.153
11600 247.039
11608 246.912
11616 246.771
11624 246.615
11632 246.446
11640 246.262
11648 246.064
11656 245.852
11664 245.625
11672 245.384
11680 245.129
11688 244.86
11696 244.576
11704 244.278
11712 243.965
11720 243.639
11728 243.297
11736 242.942
11744 242.572
11752 242.187
11760 241.789
11768 241.376
11776 240.949
11784 240.507
11792 240.051
11800 239.581
11808 239.097
11816 238.599
11824 238.087
11832 237.561
11840 237.02
11848 236.466
11856 235.898
11864 235.317
11872 234.721
11880 234.112
11888 233.49
11896 232.854
11904 232.205
11912 231.542
11920 230.867
11928 230.178
11936 229.476
11944 228.762
11952 228.034
11960 227.294
11968 226.542
11976 225.777
11984 225
11992 224.211
12000 223.41
12008 222.597
12016 221.772
12024 220.936
12032 220.088
12040 219.229
12048 218.359
12056 217.478
12064 216.586
12072 215.684
12080 214.771
12088 213.848
12096 212.915
12104 211.971
12112 211.018
12120 210.056
12128 209.084
12136 208.103
12144 207.113
12152 206.115
12160 205.107
12168 204.092
12176 203.068
12184 202.036
12192 200.997
12200 199.95
12208 198.895
12216 197.834
12224 196.766
12232 195.691
12240 194.609
12248 193.522
12256 192.428
12264 191.329
12272 190.225
12280 189.115
12288 188
12296 186.88
12304 185.756
12312 184.628
12320 183.495
12328 182.359
12336 181.22
12344 180.077
12352 178.931
12360 177.782
12368 176.631
12376 175.478
12384 174.322
12392 173.165
12400 172.007
12408 170.847
12416 169.686
12424 168.525
12432 167.364
12440 166.202
12448 165.04
12456 163.879
12464 162.719
12472 161.559
12480 160.401
12488 159.244
12496 158.09
12504 156.937
12512 155.786
12520 154.638
12528 153.493
12536 152.351
12544 151.212
12552 150.078
12560 148.947
12568 147.82
12576 146.698
12584 145.58
12592 144.468
12600 143.361
12608 142.259
12616 141.164
12624 140.074
12632 138.991
12640 137.914
12648 136.844
12656 135.782
12664 134.727
12672 133.679
12680 132.639
12688 131.608
12696 130.585
12704 129.571
12712 128.566
12720 127.57
12728 126.583
12736 125.606
12744 124.639
12752 123.682
12760 122.736
12768 121.8
12776 120.875
12784 119.961
12792 119.059
12800 118.168
12808 117.289
12816 116.422
12824 115.568
12832 114.726
12840 113.896
12848 113.08
12856 112.276
12864 111.486
12872 110.71
12880 109.947
12888 109.198
12896 108.463
12904 107.743
12912 107.037
12920 106.346
12928 105.67
12936 105.008
12944 104.362
12952 103.732
12960 103.117
12968 102.518
12976 101.934
12984 101.367
12992 100.816
13000 100.282
13008 99.7638
13016 99.2624
13024 98.7779
13032 98.3103
13040 97.8598
13048 97.4266
13056 97.0106
13064 96.6122
13072 96.2313
13080 95.8681
13088 95.5227
13096 95.1952
13104 94.8857
13112 94.5943
13120 94.3211
13128 94.0662
13136 93.8297
13144 93.6116
13152 93.412
13160 93.2309
13168 93.0686
13176 92.9249
13184 92.8
13192 92.694
13200 92.6068
13208 92.5385
13216 92.4892
13224 92.4588
13232 92.4475
13240 92.4552
13248 92.482
13256 92.5278
13264 92.5927
13272 92.6768
13280 92.7799
13288 92.9021
13296 93.0434
13304 93.2038
13312 93.3833
13320 93.5818
13328 93.7993
13336 94.0358
13344 94.2913
13352 94.5657
13360 94.8589
13368 95.171
13376 95.5018
13384 95.8514
13392 96.2196
13400 96.6064
13408 97.0118
13416 97.4355
13424 97.8777
13432 98.3381
13440 98.8167
13448 99.3134
13456 99.8281
13464 100.361
13472 100.911
13480 101.479
13488 102.065
13496 102.668
13504 103.289
13512 103.926
13520 104.581
13528 105.253
13536 105.941
13544 106.646
13552 107.368
13560 108.106
13568 108.86
13576 109.63
13584 110.417
13592 111.218
13600 112.036
13608 112.869
13616 113.717
13624 114.58
13632 115.457
13640 116.35
13648 117.257
13656 118.178
13664 119.113
13672 120.062
13680 121.024
13688 122
13696 122.99
13704 123.992
13712 125.007
13720 126.034
13728 127.074
13736 128.126
13744 129.19
13752 130.265
13760 131.352
13768 132.45
13776 133.559
13784 134.679
13792 135.808
13800 136.949
13808 138.099
13816 139.258
13824 140.427
13832 141.605
13840 142.792
13848 143.988
13856 145.192
13864 146.404
13872 147.624
13880 148.851
13888 150.085
13896 151.327
13904 152.575
13912 153.83
13920 155.09
13928 156.357
13936 157.629
13944 158.906
13952 160.189
13960 161.476
13968 162.767
13976 164.062
13984 165.362
13992 166.665
14000 167.971
14008 169.28
14016 170.591
14024 171.905
14032 173.221
14040 174.539
14048 175.858
14056 177.178
14064 178.499
14072 179.821
14080 181.143
14088 182.465
14096 183.786
14104 185.107
14112 186.427
14120 187.746
14128 189.063
14136 190.378
14144 191.691
14152 193.002
14160 194.31
14168 195.615
14176 196.916
14184 198.214
14192 199.508
14200 200.798
14208 202.083
14216 203.363
14224 204.639
14232 205.909
14240 207.173
14248 208.431
14256 209.683
14264 210.928
14272 212.167
14280 213.399
14288 214.623
14296 215.839
14304 217.048
14312 218.248
14320 219.44
14328 220.623
14336 221.797
14344 222.962
14352 224.117
14360 225.262
14368 226.398
14376 227.523
14384 228.637
14392 229.741
14400 230.833
14408 231.914
14416 232.984
14424 234.041
14432 235.087
14440 236.12
14448 237.141
14456 238.149
14464 239.144
14472 240.126
14480 241.094
14488 242.049
14496 242.99
14504 243.917
14512 244.829
14520 245.727
14528 246.61
14536 247.478
14544 248.332
14552 249.17
14560 249.992
14568 250.799
14576 251.59
14584 252.364
14592 253.123
14600 253.865
14608 254.591
14616 255.3
14624 255.992
14632 256.667
14640 257.325
14648 257.966
14656 258.589
14664 259.195
14672 259.783
14680 260.353
14688 260.905
14696 261.438
14704 261.954
14712 262.451
14720 262.93
14728 263.391
14736 263.832
14744 264.255
14752 264.659
14760 265.044
14768 265.41
14776 265.757
14784 266.085
14792 266.393
14800 266.683
14808 266.952
14816 267.203
14824 267.434
14832 267.645
14840 267.837
14848 268.009
14856 268.161
14864 268.294
14872 268.407
14880 268.5
14888 268.574
14896 268.628
14904 268.662
14912 268.676
14920 268.67
14928 268.645
14936 268.6
14944 268.535
14952 268.451
14960 268.346
14968 268.222
14976 268.079
14984 267.915
14992 267.732
15000 267.53
15008 267.308
15016 267.067
15024 266.806
15032 266.526
15040 266.227
15048 265.909
15056 265.571
15064 265.215
15072 264.839
15080 264.445
15088 264.032
15096 263.601
15104 263.15
15112 262.682
15120 262.195
15128 261.689
15136 261.166
15144 260.625
15152 260.066
15160 259.489
15168 258.894
15176 258.282
15184 257.653
15192 257.007
15200 256.343
15208 255.663
15216 254.966
15224 254.252
15232 253.522
15240 252.776
15248 252.013
15256 251.235
15264 250.441
15272 249.632
15280 248.807
15288 247.967
15296 247.112
15304 246.242
15312 245.266
15320 244.459
15328 243.546
15336 242.619
15344 241.679
15352 240.725
15360 239.757
15368 238.776
15376 237.783
15384 236.777
15392 235.758
15400 234.727
15408 233.684
15416 232.629
15424 231.563
15432 230.485
15440 229.397
15448 228.297
15456 227.187
15464 226.067
15472 224.937
15480 223.796
15488 222.646
15496 221.487
15504 220.319
15512 219.142
15520 217.957
15528 216.763
15536 215.561
15544 214.351
15552 213.134
15560 211.909
15568 210.678
15576 209.44
15584 208.195
15592 206.945
15600 205.688
15608 204.426
15616 203.158
15624 201.886
15632 200.608
15640 199.327
15648 198.04
15656 196.75
15664 195.456
15672 194.159
15680 192.859
15688 191.556
15696 190.25
15704 188.942
15712 187.632
15720 186.32
15728 185.007
15736 183.692
15744 182.377
15752 181.061
15760 179.744
15768 178.428
15776 177.112
15784 175.796
15792 174.481
15800 173.167
15808 171.854
15816 170.543
15824 169.234
15832 167.927
15840 166.623
15848 165.321
15856 164.022
15864 162.726
15872 161.433
15880 160.145
15888 158.86
15896 157.58
15904 156.304
15912 155.033
15920 153.767
15928 152.506
15936 151.251
15944 150.002
15952 148.758
15960 147.521
15968 146.291
15976 145.067
15984 143.851
15992 142.641
16000 141.439
16008 140.245
16016 139.059
16024 137.882
16032 136.712
16040 135.551
16048 134.4
16056 133.257
16064 132.124
16072 131
16080 129.886
16088 128.782
16096 127.688
16104 126.605
16112 125.532
16120 124.47
16128 123.419
16136 122.379
16144 121.35
16152 120.334
16160 119.328
16168 118.335
16176 117.354
16184 116.385
16192 115.429
16200 114.485
16208 113.554
16216 112.636
16224 111.732
16232 110.84
16240 109.962
16248 109.097
16256 108.246
16264 107.409
16272 106.586
16280 105.777
16288 104.983
16296 104.202
16304 103.436
16312 102.685
16320 101.949
16328 101.227
16336 100.52
16344 99.8287
16352 99.1521
16360 98.4909
16368 97.8449
16376 97.2144
16384 96.5994
16392 96
16400 95.4162
16408 94.8481
16416 94.2959
16424 93.7595
16432 93.239
16440 92.7345
16448 92.2461
16456 91.7737
16464 91.3174
16472 90.8773
16480 90.4534
16488 90.0457
16496 89.6542
16504 89.279
16512 88.9201
16520 88.5776
16528 88.2513
16536 87.9414
16544 87.6478
16552 87.3705
16560 87.1096
16568 86.865
16576 86.6367
16584 86.4246
16592 86.2289
16600 86.0493
16608 85.886
16616 85.7389
16624 85.6079
16632 85.493
16640 85.3941
16648 85.3113
16656 85.2444
16664 85.1935
16672 85.1584
16680 85.139
16688 85.1354
16696 85.1474
16704 85.1749
16712 85.218
16720 85.2765
16728 85.3502
16736 85.4392
16744 85.5434
16752 85.6626
16760 85.7967
16768 85.9457
16776 86.1094
16784 86.2877
16792 86.4805
16800 86.6877
16808 86.9092
16816 87.1448
16824 87.3945
16832 87.658
16840 87.9353
16848 88.2262
16856 88.5306
16864 88.8483
16872 89.1793
16880 89.5232
16888 89.8801
16896 90.2497
16904 90.6318
16912 91.0264
16920 91.4333
16928 91.8523
16936 92.2831
16944 92.7258
16952 93.18
16960 93.6456
16968 94.1225
16976 94.6104
16984 95.1091
16992 95.6186
17000 96.1385
17008 96.6688
17016 97.2092
17024 97.7595
17032 98.3195
17040 98.889
17048 99.4679
17056 100.056
17064 100.653
17072 101.258
17080 101.873
17088 102.495
17096 103.126
17104 103.764
17112 104.41
17120 105.064
17128 105.725
17136 106.393
17144 107.067
17152 107.749
17160 108.436
17168 109.13
17176 109.83
17184 110.535
17192 111.246
17200 111.962
17208 112.683
17216 113.409
17224 114.14
17232 114.875
17240 115.614
17248 116.357
17256 117.104
17264 117.854
17272 118.607
17280 119.364
17288 120.123
17296 120.884
17304 121.648
17312 122.414
17320 123.182
17328 123.951
17336 124.722
17344 125.494
17352 126.267
17360 127.041
17368 127.815
17376 128.589
17384 129.364
17392 130.138
17400 130.912
17408 131.685
17416 132.457
17424 133.229
17432 133.998
17440 134.767
17448 135.534
17456 136.298
17464 137.061
17472 137.821
17480 138.579
17488 139.333
17496 140.085
17504 140.834
17512 141.579
17520 142.32
17528 143.058
17536 143.792
17544 144.521
17552 145.246
17560 145.966
17568 146.682
17576 147.392
17584 148.097
17592 148.797
17600 149.492
17608 150.18
17616 150.863
17624 151.539
17632 152.21
17640 152.873
17648 153.531
17656 154.181
17664 154.824
17672 155.461
17680 156.089
17688 156.711
17696 157.325
17704 157.931
17712 158.529
17720 159.119
17728 159.701
17736 160.275
17744 160.84
17752 161.397
17760 161.945
17768 162.484
17776 163.014
17784 163.534
17792 164.046
17800 164.548
17808 165.041
17816 165.524
17824 165.998
17832 166.462
17840 166.916
17848 167.36
17856 167.794
17864 168.217
17872 168.631
17880 169.034
17888 169.427
17896 169.809
17904 170.181
17912 170.542
17920 170.893
17928 171.232
17936 171.561
17944 171.88
17952 172.187
17960 172.483
17968 172.768
17976 173.043
17984 173.306
17992 173.558
18000 173.799
18008 174.029
18016 174.248
18024 174.456
18032 174.652
18040 174.837
18048 175.011
18056 175.174
18064 175.326
18072 175.466
18080 175.596
18088 175.714
18096 175.821
18104 175.917
18112 176.002
18120 176.076
18128 176.138
18136 176.19
18144 176.231
18152 176.261
18160 176.28
18168 176.288
18176 176.286
18184 176.273
18192 176.249
18200 176.214
18208 176.17
18216 176.114
18224 176.049
18232 175.973
18240 175.887
18248 175.791
18256 175.685
18264 175.569
18272 175.443
18280 175.308
18288 175.163
18296 175.008
18304 174.844
18312 174.671
18320 174.489
18328 174.298
18336 174.097
18344 173.888
18352 173.671
18360 173.445
18368 173.21
18376 172.968
18384 172.717
18392 172.458
18400 172.192
18408 171.918
18416 171.636
18424 171.347
18432 171.051
18440 170.748
18448 170.438
18456 170.122
18464 169.799
18472 169.47
18480 169.134
18488 168.793
18496 168.445
18504 168.093
18512 167.734
18520 167.371
18528 167.002
18536 166.629
18544 166.251
18552 165.868
18560 165.482
18568 165.091
18576 164.696
18584 164.298
18592 163.896
18600 163.491
18608 163.083
18616 162.672
18624 162.258
18632 161.842
18640 161.424
18648 161.003
18656 160.581
18664 160.158
18672 159.733
18680 159.307
18688 158.88
18696 158.453
18704 158.025
18712 157.596
18720 157.168
18728 156.74
18736 156.312
18744 155.885
18752 155.459
18760 155.034
18768 154.611
18776 154.188
18784 153.768
18792 153.35
18800 152.934
18808 152.52
18816 152.11
18824 151.702
18832 151.297
18840 150.895
18848 150.498
18856 150.104
18864 149.714
18872 149.328
18880 148.947
18888 148.571
18896 148.199
18904 147.833
18912 147.472
18920 147.117
18928 146.767
18936 146.424
18944 146.087
18952 145.756
18960 145.432
18968 145.115
18976 144.805
18984 144.503
18992 144.208
19000 143.92
19008 143.641
19016 143.37
19024 143.107
19032 142.853
19040 142.607
19048 142.371
19056 142.143
19064 141.925
19072 141.717
19080 141.518
19088 141.329
19096 141.15
19104 140.982
19112 140.824
19120 140.676
19128 140.54
19136 140.414
19144 140.299
19152 140.196
19160 140.104
19168 140.024
19176 139.956
19184 139.899
19192 139.855
19200 139.823
19208 139.803
19216 139.796
19224 139.802
19232 139.82
19240 139.851
19248 139.895
19256 139.953
19264 140.024
19272 140.108
19280 140.206
19288 140.317
19296 140.442
19304 140.581
19312 140.734
19320 140.902
19328 141.083
19336 141.279
19344 141.488
19352 141.713
19360 141.952
19368 142.205
19376 142.473
19384 142.756
19392 143.054
19400 143.366
19408 143.693
19416 144.036
19424 144.393
19432 144.765
19440 145.153
19448 145.555
19456 145.973
19464 146.406
19472 146.854
19480 147.317
19488 147.795
19496 148.289
19504 148.798
19512 149.322
19520 149.861
19528 150.416
19536 150.986
19544 151.571
19552 152.171
19560 152.786
19568 153.417
19576 154.062
19584 154.723
19592 155.398
19600 156.089
19608 156.794
19616 157.514
19624 158.249
19632 158.999
19640 159.764
19648 160.542
19656 161.336
19664 162.144
19672 162.966
19680 163.802
19688 164.653
19696 165.518
19704 166.396
19712 167.289
19720 168.195
19728 169.114
19736 170.047
19744 170.994
19752 171.954
19760 172.927
19768 173.912
19776 174.911
19784 175.922
19792 176.946
19800 177.982
19808 179.03
19816 180.091
19824 181.163
19832 182.247
19840 183.342
19848 184.449
19856 185.567
19864 186.696
19872 187.836
19880 188.986
19888 190.147
19896 191.318
19904 192.499
19912 193.69
19920 194.89
19928 196.1
19936 197.319
19944 198.547
19952 199.784
19960 201.029
19968 202.282
19976 203.543
19984 204.813
19992 206.089
20000 207.373
20008 208.664
20016 209.962
20024 211.342
20032 212.577
20040 213.894
20048 215.217
20056 216.545
20064 217.879
20072 219.217
20080 220.56
20088 221.908
20096 223.26
20104 224.616
20112 225.975
20120 227.338
20128 228.704
20136 230.073
20144 231.444
20152 232.817
20160 234.193
20168 235.57
20176 236.948
20184 238.328
20192 239.708
20200 241.089
20208 242.47
20216 243.85
20224 245.231
20232 246.611
20240 247.989
20248 249.367
20256 250.742
20264 252.116
20272 253.488
20280 254.857
20288 256.223
20296 257.587
20304 258.946
20312 260.302
20320 261.654
20328 263.002
20336 264.345
20344 265.683
20352 267.016
20360 268.343
20368 269.664
20376 270.979
20384 272.288
20392 273.59
20400 274.884
20408 276.172
20416 277.451
20424 278.723
20432 279.986
20440 281.241
20448 282.487
20456 283.724
20464 284.951
20472 286.169
20480 287.376
20488 288.574
20496 289.76
20504 290.936
20512 292.1
20520 293.253
20528 294.394
20536 295.523
20544 296.64
20552 297.745
20560 298.836
20568 299.914
20576 300.979
20584 302.03
20592 303.068
20600 304.091
20608 305.1
20616 306.094
20624 307.073
20632 308.037
20640 308.986
20648 309.919
20656 310.836
20664 311.737
20672 312.621
20680 313.489
20688 314.341
20696 315.175
20704 315.992
20712 316.791
20720 317.573
20728 318.337
20736 319.083
20744 319.811
20752 320.52
20760 321.21
20768 321.882
20776 322.535
20784 323.169
20792 323.783
20800 324.378
20808 324.953
20816 325.508
20824 326.043
20832 326.558
20840 327.053
20848 327.528
20856 327.981
20864 328.415
20872 328.827
20880 329.218
20888 329.589
20896 329.938
20904 330.266
20912 330.573
20920 330.858
20928 331.122
20936 331.364
20944 331.584
20952 331.783
20960 331.96
20968 332.115
20976 332.248
20984 332.359
20992 332.448
21000 332.515
21008 332.559
21016 332.582
21024 332.582
21032 332.561
21040 332.517
21048 332.451
21056 332.362
21064 332.252
21072 332.119
21080 331.964
21088 331.787
21096 331.588
21104 331.367
21112 331.123
21120 330.858
21128 330.571
21136 330.262
21144 329.931
21152 329.578
21160 329.203
21168 328.807
21176 328.39
21184 327.951
21192 327.49
21200 327.009
21208 326.506
21216 325.983
21224 325.438
21232 324.873
21240 324.287
21248 323.68
21256 323.053
21264 322.406
21272 321.739
21280 321.053
21288 320.346
21296 319.62
21304 318.874
21312 318.11
21320 317.326
21328 316.523
21336 315.702
21344 314.863
21352 314.005
21360 313.129
21368 312.236
21376 311.325
21384 310.397
21392 309.451
21400 308.489
21408 307.51
21416 306.515
21424 305.504
21432 304.477
21440 303.434
21448 302.376
21456 301.303
21464 300.215
21472 299.113
21480 297.997
21488 296.867
21496 295.723
21504 294.566
21512 293.396
21520 292.213
21528 291.018
21536 289.811
21544 288.592
21552 287.361
21560 286.12
21568 284.868
21576 283.605
21584 282.333
21592 281.05
21600 279.758
21608 278.458
21616 277.148
21624 275.83
21632 274.504
21640 273.171
21648 271.83
21656 270.483
21664 269.128
21672 267.768
21680 266.402
21688 265.031
21696 263.654
21704 262.273
21712 260.887
21720 259.498
21728 258.105
21736 256.709
21744 255.311
21752 253.91
21760 252.507
21768 251.102
21776 249.697
21784 248.29
21792 246.883
21800 245.477
21808 244.07
21816 242.665
21824 241.261
21832 239.858
21840 238.457
21848 237.059
21856 235.664
21864 234.272
21872 232.883
21880 231.499
21888 230.119
21896 228.744
21904 227.374
21912 226.01
21920 224.651
21928 223.3
21936 221.955
21944 220.617
21952 219.287
21960 217.965
21968 216.651
21976 215.346
21984 214.05
21992 212.764
22000 211.487
22008 210.221
22016 208.966
22024 207.722
22032 206.489
22040 205.268
22048 204.06
22056 202.863
22064 201.68
22072 200.51
22080 199.354
22088 198.212
22096 197.084
22104 195.971
22112 194.873
22120 193.79
22128 192.723
22136 191.672
22144 190.638
22152 189.62
22160 188.619
22168 187.636
22176 186.67
22184 185.722
22192 184.793
22200 183.882
22208 182.99
22216 182.118
22224 181.265
22232 180.431
22240 179.618
22248 178.825
22256 178.052
22264 177.3
22272 176.57
22280 175.86
22288 175.173
22296 174.507
22304 173.863
22312 173.241
22320 172.642
22328 172.066
22336 171.512
22344 170.982
22352 170.475
22360 169.991
22368 169.531
22376 169.095
22384 168.683
22392 168.295
22400 167.932
22408 167.593
22416 167.279
22424 166.989
22432 166.724
22440 166.484
22448 166.27
22456 166.08
22464 165.916
22472 165.778
22480 165.665
22488 165.577
22496 165.515
22504 165.479
22512 165.469
22520 165.484
22528 165.525
22536 165.592
22544 165.685
22552 165.804
22560 165.949
22568 166.12
22576 166.317
22584 166.539
22592 166.788
22600 167.062
22608 167.362
22616 167.688
22624 168.04
22632 168.417
22640 168.82
22648 169.248
22656 169.702
22664 170.181
22672 170.685
22680 171.214
22688 171.768
22696 172.347
22704 172.951
22712 173.579
22720 174.232
22728 174.909
22736 175.61
22744 176.335
22752 177.083
22760 177.855
22768 178.651
22776 179.469
22784 180.311
22792 181.175
22800 182.061
22808 182.97
22816 183.901
22824 184.853
22832 185.827
22840 186.822
22848 187.838
22856 188.874
22864 189.931
22872 191.008
22880 192.104
22888 193.22
22896 194.355
22904 195.509
22912 196.681
22920 197.871
22928 199.079
22936 200.304
22944 201.546
22952 202.805
22960 204.08
22968 205.371
22976 206.677
22984 207.999
22992 209.335
23000 210.685
23008 212.049
23016 213.427
23024 214.818
23032 216.221
23040 217.636
23048 219.064
23056 220.502
23064 221.951
23072 223.411
23080 224.88
23088 226.359
23096 227.847
23104 229.343
23112 230.847
23120 232.359
23128 233.877
23136 235.402
23144 236.934
23152 238.47
23160 240.012
23168 241.558
23176 243.108
23184 244.662
23192 246.218
23200 247.777
23208 249.338
23216 250.9
23224 252.462
23232 254.026
23240 255.588
23248 257.15
23256 258.711
23264 260.27
23272 261.826
23280 263.379
23288 264.929
23296 266.475
23304 268.016
23312 269.552
23320 271.082
23328 272.606
23336 274.123
23344 275.632
23352 277.134
23360 278.627
23368 280.111
23376 281.585
23384 283.049
23392 284.502
23400 285.944
23408 287.374
23416 288.792
23424 290.197
23432 291.588
23440 292.965
23448 294.328
23456 295.675
23464 297.007
23472 298.323
23480 299.621
23488 300.903
23496 302.166
23504 303.412
23512 304.638
23520 305.845
23528 307.032
23536 308.199
23544 309.344
23552 310.469
23560 311.571
23568 312.651
23576 313.708
23584 314.741
23592 315.751
23600 316.736
23608 317.696
23616 318.631
23624 319.541
23632 320.423
23640 321.28
23648 322.109
23656 322.91
23664 323.684
23672 324.429
23680 325.145
23688 325.832
23696 326.49
23704 327.117
23712 327.714
23720 328.28
23728 328.815
23736 329.318
23744 329.789
23752 330.228
23760 330.635
23768 331.008
23776 331.349
23784 331.655
23792 331.928
23800 332.166
23808 332.371
23816 332.54
23824 332.674
23832 332.773
23840 332.837
23848 332.864
23856 332.856
23864 332.811
23872 332.73
23880 332.613
23888 332.458
23896 332.267
23904 332.038
23912 331.772
23920 331.468
23928 331.127
23936 330.748
23944 330.332
23952 329.877
23960 329.384
23968 328.853
23976 328.284
23984 327.677
23992 327.031
24000 326.347
24008 325.625
24016 324.864
24024 324.065
24032 323.228
24040 322.352
24048 321.438
24056 320.485
24064 319.495
24072 318.466
24080 317.399
24088 316.295
24096 315.152
24104 313.972
24112 312.755
24120 311.499
24128 310.207
24136 308.878
24144 307.511
24152 306.108
24160 304.669
24168 303.193
24176 301.681
24184 300.134
24192 298.551
24200 296.933
24208 295.279
24216 293.592
24224 291.869
24232 290.113
24240 288.323
24248 286.5
24256 284.644
24264 282.755
24272 280.834
24280 278.881
24288 276.896
24296 274.881
24304 272.835
24312 270.759
24320 268.653
24328 266.518
24336 264.354
24344 262.163
24352 259.943
24360 257.696
24368 255.423
24376 253.123
24384 250.797
24392 248.447
24400 246.072
24408 243.673
24416 241.251
24424 238.806
24432 236.34
24440 233.851
24448 231.342
24456 228.812
24464 226.263
24472 223.695
24480 221.109
24488 218.506
24496 215.885
24504 213.248
24512 210.596
24520 207.929
24528 205.248
24536 202.554
24544 199.847
24552 197.128
24560 194.399
24568 191.659
24576 188.909
24584 186.151
24592 183.385
24600 180.612
24608 177.832
24616 175.047
24624 172.257
24632 169.463
24640 166.666
24648 163.867
24656 161.066
24664 158.265
24672 155.464
24680 152.664
24688 149.866
24696 147.071
24704 144.28
24712 141.493
24720 138.711
24728 135.936
24736 133.135
24744 130.407
24752 127.656
24760 124.915
24768 122.184
24776 119.464
24784 116.757
24792 114.064
24800 111.384
24808 108.72
24816 106.072
24824 103.44
24832 100.827
24840 98.2314
24848 95.6558
24856 93.1005
24864 90.5666
24872 88.0548
24880 85.566
24888 83.1012
24896 80.6611
24904 78.2467
24912 75.8588
24920 73.4983
24928 71.166
24936 68.8629
24944 66.5896
24952 64.3472
24960 62.1364
24968 59.9581
24976 57.8131
24984 55.7022
24992 53.6263
25000 51.5861
25008 49.5824
25016 47.6162
25024 45.688
25032 43.7988
25040 41.9493
25048 40.1403
25056 38.3725
25064 36.6467
25072 34.9636
25080 33.3239
25088 31.7284
25096 30.1778
25104 28.6728
25112 27.214
25120 25.8022
25128 24.438
25136 23.122
25144 21.855
25152 20.6375
25160 19.4701
25168 18.3536
25176 17.2884
25184 16.2751
25192 15.3144
25200 14.4067
25208 13.5527
25216 12.7528
25224 12.0075
25232 11.3174
25240 10.6829
25248 10.1045
25256 9.58266
25264 9.11781
25272 8.71037
25280 8.36073
25288 8.0693
25296 7.83644
25304 7.66251
25312 7.54785
25320 7.49278
25328 7.4976
25336 7.56259
25344 7.68804
25352 7.87418
25360 8.12126
25368 8.42948
25376 8.79904
25384 9.23012
25392 9.72287
25400 10.2774
25408 10.8939
25416 11.5725
25424 12.3132
25432 13.116
25440 13.9811
25448 14.9084
25456 15.8979
25464 16.9497
25472 18.0637
25480 19.2398
25488 20.4779
25496 21.778
25504 23.1399
25512 24.5636
25520 26.0487
25528 27.5952
25536 29.2029
25544 30.8714
25552 32.6007
25560 34.3903
25568 36.24
25576 38.1496
25584 40.1186
25592 42.1468
25600 44.2337
25608 46.379
25616 48.5822
25624 50.8429
25632 53.1607
25640 55.535
25648 57.9654
25656 60.4514
25664 62.9923
25672 65.5877
25680 68.2369
25688 70.9394
25696 73.6946
25704 76.5017
25712 79.3601
25720 82.2691
25728 85.228
25736 88.2361
25744 91.2927
25752 94.3969
25760 97.5479
25768 100.745
25776 103.987
25784 107.274
25792 110.604
25800 113.977
25808 117.392
25816 120.847
25824 124.343
25832 127.877
25840 131.449
25848 135.058
25856 138.703
25864 142.382
25872 146.096
25880 149.842
25888 153.62
25896 157.429
25904 161.267
25912 165.133
25920 169.026
25928 172.946
25936 176.89
25944 180.858
25952 184.848
25960 188.859
25968 192.89
25976 196.94
25984 201.008
25992 205.091
26000 209.19
26008 213.302
26016 217.426
26024 221.561
26032 225.706
26040 229.859
26048 234.018
26056 238.184
26064 242.353
26072 246.525
26080 250.699
26088 254.873
26096 259.045
26104 263.214
26112 267.379
26120 271.538
26128 275.69
26136 279.834
26144 283.967
26152 288.089
26160 292.198
26168 296.293
26176 300.372
26184 304.433
26192 308.476
26200 312.499
26208 316.499
26216 320.477
26224 324.43
26232 328.357
26240 332.256
26248 336.127
26256 339.966
26264 343.774
26272 347.549
26280 351.288
26288 354.991
26296 358.657
26304 362.283
26312 365.869
26320 369.413
26328 372.913
26336 376.368
26344 379.777
26352 383.139
26360 386.451
26368 389.713
26376 392.924
26384 396.081
26392 399.183
26400 402.23
26408 405.22
26416 408.151
26424 411.023
26432 413.834
26440 416.582
26448 419.267
26456 421.887
26464 424.442
26472 426.929
26480 429.348
26488 431.697
26496 433.976
26504 436.184
26512 438.318
26520 440.379
26528 442.364
26536 444.274
26544 446.107
26552 447.862
26560 449.538
26568 451.134
26576 452.649
26584 454.082
26592 455.433
26600 456.701
26608 457.884
26616 458.983
26624 459.995
26632 460.921
26640 461.76
26648 462.511
26656 463.173
26664 463.747
26672 464.23
26680 464.623
26688 464.925
26696 465.136
26704 465.255
26712 465.282
26720 465.217
26728 465.058
26736 464.806
26744 464.46
26752 464.02
26760 463.486
26768 462.858
26776 462.135
26784 461.318
26792 460.406
26800 459.399
26808 458.297
26816 457.1
26824 455.809
26832 454.423
26840 452.942
26848 451.367
26856 449.698
26864 447.935
26872 446.079
26880 444.129
26888 442.086
26896 439.95
26904 437.723
26912 435.403
26920 432.993
26928 430.492
26936 427.9
26944 425.22
26952 422.451
26960 419.593
26968 416.649
26976 413.618
26984 410.501
26992 407.299
27000 404.014
27008 400.646
27016 397.195
27024 393.664
27032 390.053
27040 386.363
27048 382.595
27056 378.751
27064 374.832
27072 370.839
27080 366.773
27088 362.635
27096 358.428
27104 354.152
27112 349.809
27120 345.4
27128 340.927
27136 336.392
27144 331.795
27152 327.139
27160 322.425
27168 317.656
27176 312.832
27184 307.955
27192 303.028
27200 298.052
27208 293.029
27216 287.961
27224 282.849
27232 277.696
27240 272.504
27248 267.275
27256 262.011
27264 256.713
27272 251.385
27280 246.027
27288 240.643
27296 235.234
27304 229.804
27312 224.353
27320 218.884
27328 213.4
27336 207.902
27344 202.394
27352 196.877
27360 191.354
27368 185.827
27376 180.299
27384 174.773
27392 169.249
27400 163.732
27408 158.223
27416 152.726
27424 147.241
27432 141.773
27440 136.324
27448 130.895
27456 125.491
27464 120.112
27472 114.762
27480 109.444
27488 104.16
27496 98.912
27504 93.7034
27512 88.5366
27520 83.4142
27528 78.3387
27536 73.3128
27544 68.3391
27552 63.4201
27560 58.5584
27568 53.7567
27576 49.0174
27584 44.3433
27592 39.7367
27600 35.2004
27608 30.7368
27616 26.3484
27624 22.0379
27632 17.8076
27640 13.66
27648 9.59769
27656 5.62305
27664 1.73852
27672 -2.05349
27680 -5.7506
27688 -9.35043
27696 -12.8507
27704 -16.249
27712 -19.5431
27720 -22.7307
27728 -25.8096
27736 -28.7777
27744 -31.6327
27752 -34.3725
27760 -36.995
27768 -39.4982
27776 -41.88
27784 -44.1384
27792 -46.2716
27800 -48.2775
27808 -50.1544
27816 -51.9003
27824 -53.5137
27832 -54.9926
27840 -56.3355
27848 -57.5406
27856 -58.6065
27864 -59.5316
27872 -60.3144
27880 -60.9535
27888 -61.4475
27896 -61.7952
27904 -61.9951
27912 -62.0462
27920 -61.9473
27928 -61.6974
27936 -61.2954
27944 -60.7403
27952 -60.0313
27960 -59.1675
27968 -58.1483
27976 -56.9728
27984 -55.6404
27992 -54.1507
28000 -52.5032
28008 -50.6973
28016 -48.7328
28024 -46.6094
28032 -44.3269
28040 -41.8852
28048 -39.2842
28056 -36.524
28064 -33.6047
28072 -30.5265
28080 -27.2896
28088 -23.8944
28096 -20.3413
28104 -16.6308
28112 -12.7636
28120 -8.74018
28128 -4.56144
28136 -0.228184
28144 4.25867
28152 8.8981
28160 13.689
28168 18.6303
28176 23.7205
28184 28.9585
28192 34.3427
28200 39.8717
28208 45.5437
28216 51.3572
28224 57.3102
28232 63.401
28240 69.6275
28248 75.9877
28256 82.4795
28264 89.1006
28272 95.8487
28280 102.721
28288 109.716
28296 116.83
28304 124.061
28312 131.406
28320 138.863
28328 146.427
28336 154.097
28344 161.869
28352 169.739
28360 177.705
28368 185.764
28376 193.911
28384 202.144
28392 210.457
28400 218.849
28408 227.315
28416 235.851
28424 244.453
28432 253.118
28440 261.84
28448 270.617
28456 279.443
28464 288.314
28472 297.226
28480 306.174
28488 315.154
28496 324.162
28504 333.191
28512 342.238
28520 351.298
28528 360.366
28536 369.436
28544 378.505
28552 387.566
28560 396.615
28568 405.646
28576 414.654
28584 423.633
28592 432.58
28600 441.487
28608 450.349
28616 459.161
28624 467.918
28632 476.613
28640 485.242
28648 493.798
28656 502.275
28664 510.668
28672 518.972
28680 527.179
28688 535.285
28696 543.284
28704 551.169
28712 558.935
28720 566.576
28728 574.085
28736 581.458
28744 588.688
28752 595.768
28760 602.694
28768 609.458
28776 616.056
28784 622.481
28792 628.727
28800 634.789
28808 640.66
28816 646.334
28824 651.806
28832 657.07
28840 662.12
28848 666.95
28856 671.554
28864 675.927
28872 680.063
28880 683.956
28888 687.602
28896 690.993
28904 694.126
28912 696.993
28920 699.591
28928 701.914
28936 703.956
28944 705.713
28952 707.179
28960 708.349
28968 709.219
28976 709.784
28984 710.039
28992 709.979
29000 709.599
29008 708.897
29016 707.866
29024 706.503
29032 704.804
29040 702.765
29048 700.382
29056 697.65
29064 694.568
29072 691.131
29080 687.335
29088 683.178
29096 678.657
29104 673.768
29112 668.509
29120 662.878
29128 656.871
29136 650.487
29144 643.723
29152 636.578
29160 629.049
29168 621.136
29176 612.836
29184 604.148
29192 595.072
29200 585.606
29208 575.75
29216 565.503
29224 554.866
29232 543.837
29240 532.417
29248 520.606
29256 508.405
29264 495.815
29272 482.837
29280 469.471
29288 455.719
29296 441.583
29304 427.064
29312 412.165
29320 396.888
29328 381.235
29336 365.21
29344 348.815
29352 332.053
29360 314.928
29368 297.444
29376 279.605
29384 261.415
29392 242.878
29400 223.999
29408 204.783
29416 185.236
29424 165.362
29432 145.169
29440 124.66
29448 103.844
29456 82.7258
29464 61.3129
29472 39.6122
29480 17.631
29488 -4.62321
29496 -27.1425
29504 -49.9189
29512 -72.944
29520 -96.2092
29528 -119.706
29536 -143.424
29544 -167.356
29552 -191.49
29560 -215.818
29568 -240.328
29576 -265.012
29584 -289.857
29592 -314.854
29600 -339.99
29608 -365.255
29616 -390.637
29624 -416.124
29632 -441.704
29640 -467.364
29648 -493.092
29656 -518.875
29664 -544.7
29672 -570.553
29680 -596.422
29688 -622.292
29696 -648.149
29704 -673.98
29712 -699.769
29720 -725.502
29728 -751.165
29736 -776.742
29744 -802.219
29752 -827.579
29760 -852.807
29768 -877.889
29776 -902.806
29784 -927.545
29792 -952.088
29800 -976.419
29808 -1000.52
29816 -1024.38
29824 -1047.97
29832 -1071.29
29840 -1094.31
29848 -1117.02
29856 -1139.4
29864 -1161.43
29872 -1183.09
29880 -1204.37
29888 -1225.26
29896 -1245.72
29904 -1265.75
29912 -1285.33
29920 -1304.43
29928 -1323.05
29936 -1341.16
29944 -1358.74
29952 -1375.78
29960 -1392.27
29968 -1408.17
29976 -1423.48
29984 -1438.17
29992 -1452.24
30000 -1465.65
30008 -1478.4
30016 -1490.47
30024 -1501.83
30032 -1512.47
30040 -1522.38
30048 -1531.54
30056 -1539.92
30064 -1547.52
30072 -1554.32
30080 -1560.29
30088 -1565.43
30096 -1569.72
30104 -1573.14
30112 -1575.67
30120 -1577.31
30128 -1578.03
30136 -1577.83
30144 -1576.68
30152 -1574.57
30160 -1571.49
30168 -1567.43
30176 -1562.36
30184 -1556.29
30192 -1549.19
30200 -1541.05
30208 -1531.86
30216 -1521.61
30224 -1510.29
30232 -1497.89
30240 -1484.4
30248 -1469.8
30256 -1454.09
30264 -1437.26
30272 -1419.3
30280 -1400.2
30288 -1379.95
30296 -1358.56
30304 -1336
30312 -1312.28
30320 -1287.4
30328 -1261.33
30336 -1234.09
30344 -1205.67
30352 -1176.06
30360 -1145.26
30368 -1113.28
30376 -1080.1
30384 -1045.74
30392 -1010.18
30400 -973.44
30408 -935.509
30416 -896.393
30424 -856.094
30432 -814.618
30440 -771.968
30448 -728.151
30456 -683.171
30464 -637.036
30472 -589.754
30480 -541.332
30488 -491.78
30496 -441.109
30504 -389.328
30512 -336.45
30520 -282.488
30528 -227.453
30536 -171.361
30544 -114.226
30552 -56.0643
30560 3.10725
30568 63.2713
30576 124.41
30584 186.503
30592 249.53
30600 313.471
30608 378.304
30616 444.006
30624 510.553
30632 577.921
30640 646.084
30648 715.017
30656 784.69
30664 855.078
30672 926.15
30680 997.877
30688 1070.23
30696 1143.17
30704 1216.68
30712 1290.71
30720 1365.23
30728 1440.21
30736 1515.62
30744 1591.41
30752 1667.55
30760 1743.99
30768 1820.71
30776 1897.66
30784 1974.8
30792 2052.09
30800 2129.48
30808 2206.94
30816 2284.42
30824 2361.88
30832 2439.27
30840 2516.54
30848 2593.66
30856 2670.56
30864 2747.22
30872 2823.57
30880 2899.56
30888 2975.16
30896 3050.31
30904 3124.96
30912 3199.06
30920 3272.56
30928 3345.41
30936 3417.55
30944 3488.93
30952 3559.51
30960 3629.23
30968 3698.03
30976 3765.87
30984 3832.69
30992 3898.43
31000 3963.05
31008 4026.49
31016 4088.7
31024 4149.62
31032 4209.2
31040 4267.39
31048 4324.13
31056 4379.37
31064 4433.07
31072 4485.16
31080 4535.59
31088 4584.32
31096 4631.29
31104 4676.46
31112 4719.77
31120 4761.17
31128 4800.62
31136 4838.06
31144 4873.45
31152 4906.75
31160 4937.91
31168 4966.87
31176 4993.61
31184 5018.08
31192 5040.24
31200 5060.04
31208 5077.45
31216 5092.44
31224 5104.96
31232 5114.98
31240 5122.46
31248 5127.39
31256 5129.72
31264 5129.43
31272 5126.5
31280 5120.89
31288 5112.59
31296 5101.57
31304 5087.82
31312 5071.32
31320 5052.06
31328 5030.03
31336 5005.21
31344 4977.6
31352 4947.2
31360 4914
31368 4878.01
31376 4839.22
31384 4797.64
31392 4753.29
31400 4706.18
31408 4656.31
31416 4603.72
31424 4548.41
31432 4490.42
31440 4429.77
31448 4366.49
31456 4300.62
31464 4232.2
31472 4161.26
31480 4087.86
31488 4012.04
31496 3933.85
31504 3853.35
31512 3770.6
31520 3685.66
31528 3598.61
31536 3509.51
31544 3418.44
31552 3325.48
31560 3230.71
31568 3134.23
31576 3036.12
31584 2936.48
31592 2835.42
31600 2733.03
31608 2629.44
31616 2524.75
31624 2419.08
31632 2312.56
31640 2205.31
31648 2097.47
31656 1989.17
31664 1880.56
31672 1771.77
31680 1662.97
31688 1554.31
31696 1445.94
31704 1338.03
31712 1230.75
31720 1124.28
31728 1018.78
31736 914.444
31744 811.457
31752 710.01
31760 610.297
31768 512.517
31776 416.875
31784 323.577
31792 232.837
31800 144.869
31808 59.8936
31816 -21.8662
31824 -100.183
31832 -174.826
31840 -245.561
31848 -312.15
31856 -374.352
31864 -431.923
31872 -484.617
31880 -532.182
31888 -574.368
31896 -610.919
31904 -641.577
31912 -666.083
31920 -684.177
31928 -695.594
31936 -700.071
31944 -697.343
31952 -687.141
31960 -669.199
31968 -643.249
31976 -609.022
31984 -566.251
31992 -514.667
32000 -454.004
32008 -383.995
32016 -304.376
32024 -214.883
32032 -115.255
32040 -5.23383
32048 115.437
32056 247.011
32064 389.738
32072 543.861
32080 709.623
32088 887.259
32096 1077
32104 1279.07
32112 1493.69
32120 1721.07
32128 1961.42
32136 2214.93
32144 2481.79
32152 2762.18
32160 3056.27
32168 3364.21
32176 3686.17
32184 4022.26
32192 4372.63
32200 4737.38
32208 5116.62
32216 5510.41
32224 5918.85
32232 6341.98
32240 6779.83
32248 7232.44
32256 7699.81
32264 8181.91
32272 8678.71
32280 9190.17
32288 9716.2
32296 10256.7
32304 10811.6
32312 11380.6
32320 11963.7
32328 12560.7
32336 13171.3
32344 13795.2
32352 14432.2
32360 15082.1
32368 15744.3
32376 16418.7
32384 17104.7
32392 17802
32400 18510
32408 19228.4
32416 19956.4
32424 20693.5
32432 21439.2
32440 22192.7
32448 22953.4
32456 23720.5
32464 24493.2
32472 25270.6
32480 26052
32488 26836.3
32496 27622.6
32504 28409.9
32512 29197
32520 29982.8
32528 30766.3
32536 31546
32544 32320.7
32552 33089.1
32560 33849.7
32568 34601.1
32576 35341.7
32584 36069.9
32592 36784
32600 37482.4
32608 38163.2
32616 38824.5
32624 39464.4
32632 40081
32640 40672
32648 41235.4
32656 41768.9
32664 42270.3
32672 42737.1
32680 43166.8
32688 43557
32696 43905
32704 44208.1
32712 44463.5
32720 44668.3
32728 44819.6
32736 44914.4
32744 44949.4
32752 44921.5
32760 44827.3
32768 44663.5
32776 44426.5
32784 44112.8
32792 43718.6
32800 43240.3
32808 42673.9
32816 42015.4
32824 41260.8
32832 40406
32840 39446.6
32848 38378.4
32856 37196.8
32864 35897.4
32872 34475.4
32880 32926.2
32888 31244.9
32896 29426.4
32904 27465.9
32912 25358.2
32920 23098
32928 20680
32936 18098.8
32944 15348.9
32952 12424.6
32960 9320.22
32968 6030.03
32976 2548.1
32984 -1131.54
32992 -5014.95
33000 -9108.26
33008 -13417.7
33016 -17949.6
33024 -22710.3
33032 -27706.3
33040 -32944.1
33048 -38430.4
33056 -44171.7
33064 -50174.8
33072 -56446.5
33080 -62993.6
33088 -69823
33096 -76941.6
33104 -84356.5
33112 -92074.5
33120 -100103
33128 -108448
33136 -117118
33144 -126120
33152 -135460
33160 -145145
33168 -155184
33176 -165582
33184 -176346
33192 -187485
33200 -199004
33208 -210911
33216 -223212
33224 -235914
33232 -249024
33240 -262549
33248 -276494
33256 -290866
33264 -305672
33272 -320917
33280 -336607
33288 -352747
33296 -369344
33304 -386403
33312 -403928
33320 -421925
33328 -440398
33336 -459351
33344 -478788
33352 -498712
33360 -519128
33368 -540037
33376 -561443
33384 -583347
33392 -605752
33400 -628657
33408 -652064
33416 -675974
33424 -700385
33432 -725297
33440 -750707
33448 -776615
33456 -803016
33464 -829908
33472 -857285
33480 -885143
33488 -913476
33496 -942277
33504 -971538
33512 -1.00125e+06
33520 -1.0314e+06
33528 -1.06199e+06
33536 -1.09299e+06
33544 -1.1244e+06
33552 -1.15621e+06
33560 -1.18839e+06
33568 -1.22092e+06
33576 -1.25381e+06
33584 -1.28701e+06
33592 -1.32052e+06
33600 -1.35431e+06
33608 -1.38835e+06
33616 -1.42262e+06
33624 -1.4571e+06
33632 -1.49175e+06
33640 -1.52654e+06
33648 -1.56145e+06
33656 -1.59643e+06
33664 -1.63145e+06
33672 -1.66647e+06
33680 -1.70145e+06
33688 -1.73635e+06
33696 -1.77112e+06
33704 -1.80571e+06
33712 -1.84007e+06
33720 -1.87414e+06
33728 -1.90788e+06
33736 -1.94122e+06
33744 -1.9741e+06
33752 -2.00646e+06
33760 -2.03822e+06
33768 -2.06932e+06
33776 -2.09968e+06
33784 -2.12922e+06
33792 -2.15786e+06
33800 -2.18552e+06
33808 -2.21209e+06
33816 -2.2375e+06
33824 -2.26164e+06
33832 -2.28441e+06
33840 -2.30571e+06
33848 -2.32541e+06
33856 -2.34342e+06
33864 -2.35959e+06
33872 -2.37382e+06
33880 -2.38597e+06
33888 -2.3959e+06
33896 -2.40346e+06
33904 -2.40852e+06
33912 -2.41092e+06
33920 -2.4105e+06
33928 -2.40709e+06
33936 -2.40052e+06
33944 -2.39061e+06
33952 -2.37718e+06
33960 -2.36003e+06
33968 -2.33896e+06
33976 -2.31376e+06
33984 -2.28423e+06
33992 -2.25012e+06
34000 -2.21122e+06
34008 -2.16728e+06
34016 -2.11805e+06
34024 -2.06328e+06
34032 -2.00269e+06
34040 -1.93601e+06
34048 -1.86296e+06
34056 -1.78322e+06
34064 -1.69651e+06
34072 -1.6025e+06
34080 -1.50086e+06
34088 -1.39125e+06
34096 -1.27332e+06
34104 -1.1467e+06
34112 -1.01102e+06
34120 -865883
34128 -710897
34136 -545642
34144 -369688
34152 -182592
