0 213.059
8 214.237
16 215.414
24 216.59
32 217.765
40 218.939
48 220.111
56 221.281
64 222.45
72 223.618
80 224.784
88 225.948
96 227.11
104 228.27
112 229.429
120 230.585
128 231.739
136 232.891
144 234.041
152 235.188
160 236.333
168 237.475
176 238.615
184 239.752
192 240.887
200 242.018
208 243.147
216 244.273
224 245.396
232 246.516
240 247.633
248 248.747
256 249.858
264 250.965
272 252.069
280 253.169
288 254.266
296 255.36
304 256.45
312 257.536
320 258.619
328 259.698
336 260.773
344 261.845
352 262.912
360 263.975
368 265.035
376 266.09
384 267.141
392 268.188
400 269.231
408 270.27
416 271.304
424 272.334
432 273.359
440 274.38
448 275.397
456 276.409
464 277.416
472 278.419
480 279.417
488 280.41
496 281.399
504 282.382
512 283.361
520 284.335
528 285.304
536 286.268
544 287.227
552 288.181
560 289.13
568 290.073
576 291.012
584 291.945
592 292.873
600 293.795
608 294.713
616 295.625
624 296.531
632 297.432
640 298.328
648 299.218
656 300.103
664 300.982
672 301.856
680 302.723
688 303.586
696 304.442
704 305.293
712 306.138
720 306.977
728 307.811
736 308.639
744 309.46
752 310.276
760 311.086
768 311.891
776 312.689
784 313.481
792 314.267
800 315.047
808 315.821
816 316.589
824 317.351
832 318.107
840 318.856
848 319.6
856 320.337
864 321.068
872 321.793
880 322.512
888 323.224
896 323.93
904 324.63
912 325.323
920 326.01
928 326.691
936 327.365
944 328.033
952 328.695
960 329.35
968 329.999
976 330.641
984 331.277
992 331.907
1000 332.53
1008 333.146
1016 333.756
1024 334.359
1032 334.956
1040 335.546
1048 336.13
1056 336.707
1064 337.278
1072 337.842
1080 338.399
1088 338.95
1096 339.495
1104 340.032
1112 340.563
1120 341.088
1128 341.605
1136 342.116
1144 342.621
1152 343.118
1160 343.61
1168 344.094
1176 344.572
1184 345.043
1192 345.507
1200 345.965
1208 346.416
1216 346.86
1224 347.298
1232 347.729
1240 348.153
1248 348.57
1256 348.981
1264 349.385
1272 349.783
1280 350.173
1288 350.557
1296 350.934
1304 351.305
1312 351.669
1320 352.026
1328 352.376
1336 352.72
1344 353.057
1352 353.387
1360 353.711
1368 354.028
1376 354.338
1384 354.641
1392 354.938
1400 355.228
1408 355.512
1416 355.788
1424 356.059
1432 356.322
1440 356.579
1448 356.829
1456 357.072
1464 357.309
1472 357.539
1480 357.763
1488 357.979
1496 358.19
1504 358.393
1512 358.59
1520 358.781
1528 358.965
1536 359.142
1544 359.313
1552 359.477
1560 359.634
1568 359.785
1576 359.93
1584 360.068
1592 360.199
1600 360.324
1608 360.442
1616 360.554
1624 360.66
1632 360.759
1640 360.851
1648 360.937
1656 361.017
1664 361.09
1672 361.157
1680 361.217
1688 361.271
1696 361.319
1704 361.36
1712 361.395
1720 361.424
1728 361.446
1736 361.462
1744 361.472
1752 361.475
1760 361.472
1768 361.463
1776 361.448
1784 361.426
1792 361.398
1800 361.364
1808 361.324
1816 361.278
1824 361.225
1832 361.167
1840 361.102
1848 361.031
1856 360.954
1864 360.871
1872 360.782
1880 360.687
1888 360.586
1896 360.479
1904 360.366
1912 360.247
1920 360.122
1928 359.991
1936 359.854
1944 359.712
1952 359.563
1960 359.409
1968 359.249
1976 359.083
1984 358.911
1992 358.733
2000 358.55
2008 358.36
2016 358.166
2024 357.965
2032 357.759
2040 357.547
2048 357.329
2056 357.106
2064 356.877
2072 356.643
2080 356.403
2088 356.157
2096 355.906
2104 355.65
2112 355.388
2120 355.12
2128 354.848
2136 354.569
2144 354.286
2152 353.997
2160 353.702
2168 353.402
2176 353.097
2184 352.787
2192 352.471
2200 352.15
2208 351.824
2216 351.493
2224 351.157
2232 350.815
2240 350.468
2248 350.117
2256 349.76
2264 349.398
2272 349.031
2280 348.659
2288 348.282
2296 347.9
2304 347.513
2312 347.121
2320 346.724
2328 346.323
2336 345.916
2344 345.505
2352 345.089
2360 344.668
2368 344.242
2376 343.812
2384 343.377
2392 342.937
2400 342.493
2408 342.044
2416 341.59
2424 341.132
2432 340.669
2440 340.202
2448 339.73
2456 339.254
2464 338.773
2472 338.288
2480 337.798
2488 337.304
2496 336.806
2504 336.303
2512 335.796
2520 335.285
2528 334.769
2536 334.25
2544 333.726
2552 333.198
2560 332.665
2568 332.129
2576 331.588
2584 331.044
2592 330.495
2600 329.942
2608 329.386
2616 328.825
2624 328.261
2632 327.692
2640 327.12
2648 326.543
2656 325.963
2664 325.379
2672 324.791
2680 324.2
2688 323.605
2696 323.006
2704 322.403
2712 321.797
2720 321.187
2728 320.573
2736 319.956
2744 319.336
2752 318.711
2760 318.084
2768 317.452
2776 316.818
2784 316.18
2792 315.538
2800 314.894
2808 314.245
2816 313.594
2824 312.939
2832 312.281
2840 311.62
2848 310.955
2856 310.288
2864 309.617
2872 308.943
2880 308.266
2888 307.586
2896 306.903
2904 306.217
2912 305.528
2920 304.835
2928 304.14
2936 303.442
2944 302.742
2952 302.038
2960 301.331
2968 300.622
2976 299.91
2984 299.195
2992 298.477
3000 297.757
3008 297.034
3016 296.308
3024 295.58
3032 294.849
3040 294.116
3048 293.38
3056 292.641
3064 291.9
3072 291.157
3080 290.411
3088 289.663
3096 288.912
3104 288.159
3112 287.404
3120 286.647
3128 285.887
3136 285.125
3144 284.36
3152 283.594
3160 282.825
3168 282.054
3176 281.281
3184 280.506
3192 279.729
3200 278.95
3208 278.169
3216 277.386
3224 276.601
3232 275.814
3240 275.025
3248 274.235
3256 273.442
3264 272.648
3272 271.851
3280 271.053
3288 270.254
3296 269.452
3304 268.649
3312 267.844
3320 267.038
3328 266.23
3336 265.42
3344 264.609
3352 263.797
3360 262.982
3368 262.167
3376 261.35
3384 260.531
3392 259.711
3400 258.89
3408 258.067
3416 257.243
3424 256.418
3432 255.591
3440 254.763
3448 253.934
3456 253.104
3464 252.273
3472 251.44
3480 250.606
3488 249.771
3496 248.936
3504 248.099
3512 247.261
3520 246.422
3528 245.582
3536 244.741
3544 243.899
3552 243.056
3560 242.213
3568 241.368
3576 240.523
3584 239.677
3592 238.83
3600 237.983
3608 237.135
3616 236.286
3624 235.436
3632 234.586
3640 233.735
3648 232.883
3656 232.031
3664 231.179
3672 230.325
3680 229.472
3688 228.617
3696 227.763
3704 226.908
3712 226.052
3720 225.196
3728 224.34
3736 223.484
3744 222.627
3752 221.77
3760 220.912
3768 220.055
3776 219.197
3784 218.339
3792 217.48
3800 216.622
3808 215.763
3816 214.905
3824 214.046
3832 213.187
3840 212.328
3848 211.47
3856 210.611
3864 209.752
3872 208.893
3880 208.035
3888 207.176
3896 206.318
3904 205.459
3912 204.601
3920 203.743
3928 202.885
3936 202.028
3944 201.171
3952 200.314
3960 199.457
3968 198.601
3976 197.745
3984 196.889
3992 196.034
4000 195.179
4008 194.325
4016 193.471
4024 192.617
4032 191.764
4040 190.912
4048 190.06
4056 189.208
4064 188.357
4072 187.507
4080 186.658
4088 185.809
4096 184.96
4104 184.113
4112 183.266
4120 182.42
4128 181.574
4136 180.729
4144 179.886
4152 179.042
4160 178.2
4168 177.359
4176 176.518
4184 175.678
4192 174.84
4200 174.002
4208 173.165
4216 172.329
4224 171.494
4232 170.66
4240 169.827
4248 168.995
4256 168.164
4264 167.334
4272 166.505
4280 165.678
4288 164.851
4296 164.026
4304 163.202
4312 162.379
4320 161.557
4328 160.736
4336 159.917
4344 159.099
4352 158.282
4360 157.467
4368 156.653
4376 155.84
4384 155.028
4392 154.218
4400 153.41
4408 152.602
4416 151.796
4424 150.992
4432 150.189
4440 149.387
4448 148.587
4456 147.789
4464 146.992
4472 146.196
4480 145.402
4488 144.61
4496 143.819
4504 143.03
4512 142.243
4520 141.457
4528 140.673
4536 139.89
4544 139.109
4552 138.33
4560 137.553
4568 136.777
4576 136.003
4584 135.231
4592 134.46
4600 133.692
4608 132.925
4616 132.16
4624 131.397
4632 130.636
4640 129.876
4648 129.119
4656 128.363
4664 127.61
4672 126.858
4680 126.108
4688 125.36
4696 124.615
4704 123.871
4712 123.129
4720 122.389
4728 121.651
4736 120.916
4744 120.182
4752 119.45
4760 118.721
4768 117.994
4776 117.268
4784 116.545
4792 115.824
4800 115.105
4808 114.389
4816 113.674
4824 112.962
4832 112.252
4840 111.544
4848 110.838
4856 110.135
4864 109.434
4872 108.735
4880 108.039
4888 107.344
4896 106.652
4904 105.963
4912 105.275
4920 104.591
4928 103.908
4936 103.228
4944 102.55
4952 101.875
4960 101.202
4968 100.531
4976 99.8627
4984 99.197
4992 98.5337
5000 97.8729
5008 97.2146
5016 96.5587
5024 95.9054
5032 95.2545
5040 94.6062
5048 93.9603
5056 93.3171
5064 92.6763
5072 92.0382
5080 91.4026
5088 90.7695
5096 90.1391
5104 89.5113
5112 88.886
5120 88.2634
5128 87.6434
5136 87.0261
5144 86.4114
5152 85.7994
5160 85.19
5168 84.5833
5176 83.9793
5184 83.378
5192 82.7793
5200 82.1834
5208 81.5902
5216 80.9998
5224 80.4121
5232 79.8271
5240 79.2449
5248 78.6654
5256 78.0887
5264 77.5148
5272 76.9437
5280 76.3754
5288 75.8098
5296 75.2471
5304 74.6872
5312 74.1302
5320 73.5759
5328 73.0246
5336 72.476
5344 71.9303
5352 71.3875
5360 70.8476
5368 70.3105
5376 69.7763
5384 69.245
5392 68.7166
5400 68.1911
5408 67.6686
5416 67.1489
5424 66.6322
5432 66.1184
5440 65.6075
5448 65.0996
5456 64.5946
5464 64.0926
5472 63.5936
5480 63.0975
5488 62.6044
5496 62.1143
5504 61.6271
5512 61.143
5520 60.6619
5528 60.1837
5536 59.7086
5544 59.2364
5552 58.7673
5560 58.3012
5568 57.8382
5576 57.3781
5584 56.9212
5592 56.4672
5600 56.0163
5608 55.5684
5616 55.1237
5624 54.6819
5632 54.2432
5640 53.8076
5648 53.3751
5656 52.9457
5664 52.5193
5672 52.096
5680 51.6758
5688 51.2587
5696 50.8447
5704 50.4338
5712 50.026
5720 49.6213
5728 49.2197
5736 48.8212
5744 48.4258
5752 48.0336
5760 47.6444
5768 47.2584
5776 46.8756
5784 46.4958
5792 46.1192
5800 45.7458
5808 45.3754
5816 45.0082
5824 44.6442
5832 44.2833
5840 43.9255
5848 43.5709
5856 43.2195
5864 42.8712
5872 42.526
5880 42.1841
5888 41.8452
5896 41.5096
5904 41.1771
5912 40.8477
5920 40.5216
5928 40.1985
5936 39.8787
5944 39.562
5952 39.2485
5960 38.9382
5968 38.6311
5976 38.3271
5984 38.0263
5992 37.7287
6000 37.4342
6008 37.1429
6016 36.8548
6024 36.5699
6032 36.2882
6040 36.0096
6048 35.7342
6056 35.462
6064 35.193
6072 34.9271
6080 34.6645
6088 34.405
6096 34.1486
6104 33.8955
6112 33.6456
6120 33.3988
6128 33.1552
6136 32.9147
6144 32.6775
6152 32.4434
6160 32.2125
6168 31.9848
6176 31.7602
6184 31.5388
6192 31.3206
6200 31.1056
6208 30.8937
6216 30.685
6224 30.4794
6232 30.277
6240 30.0778
6248 29.8818
6256 29.6889
6264 29.4991
6272 29.3125
6280 29.1291
6288 28.9488
6296 28.7717
6304 28.5977
6312 28.4269
6320 28.2592
6328 28.0946
6336 27.9332
6344 27.775
6352 27.6198
6360 27.4678
6368 27.3189
6376 27.1732
6384 27.0306
6392 26.8911
6400 26.7547
6408 26.6214
6416 26.4913
6424 26.3642
6432 26.2403
6440 26.1195
6448 26.0017
6456 25.8871
6464 25.7756
6472 25.6671
6480 25.5617
6488 25.4595
6496 25.3603
6504 25.2642
6512 25.1711
6520 25.0811
6528 24.9942
6536 24.9104
6544 24.8296
6552 24.7519
6560 24.6772
6568 24.6055
6576 24.5369
6584 24.4714
6592 24.4088
6600 24.3493
6608 24.2929
6616 24.2394
6624 24.189
6632 24.1415
6640 24.0971
6648 24.0557
6656 24.0173
6664 23.9818
6672 23.9494
6680 23.9199
6688 23.8934
6696 23.8699
6704 23.8494
6712 23.8318
6720 23.8171
6728 23.8055
6736 23.7967
6744 23.7909
6752 23.7881
6760 23.7882
6768 23.7912
6776 23.7971
6784 23.8059
6792 23.8176
6800 23.8323
6808 23.8498
6816 23.8702
6824 23.8936
6832 23.9198
6840 23.9488
6848 23.9807
6856 24.0155
6864 24.0532
6872 24.0937
6880 24.137
6888 24.1832
6896 24.2322
6904 24.284
6912 24.3386
6920 24.3961
6928 24.4563
6936 24.5194
6944 24.5852
6952 24.6538
6960 24.7252
6968 24.7994
6976 24.8763
6984 24.956
6992 25.0384
7000 25.1236
7008 25.2115
7016 25.3022
7024 25.3955
7032 25.4916
7040 25.5904
7048 25.6919
7056 25.796
7064 25.9029
7072 26.0124
7080 26.1247
7088 26.2395
7096 26.357
7104 26.4772
7112 26.6
7120 26.7255
7128 26.8536
7136 26.9842
7144 27.1175
7152 27.2534
7160 27.3919
7168 27.533
7176 27.6767
7184 27.8229
7192 27.9717
7200 28.123
7208 28.2769
7216 28.4334
7224 28.5923
7232 28.7538
7240 28.9178
7248 29.0843
7256 29.2533
7264 29.4248
7272 29.5987
7280 29.7752
7288 29.9541
7296 30.1354
7304 30.3192
7312 30.5055
7320 30.6941
7328 30.8852
7336 31.0787
7344 31.2746
7352 31.4729
7360 31.6736
7368 31.8766
7376 32.0821
7384 32.2898
7392 32.5
7400 32.7125
7408 32.9273
7416 33.1444
7424 33.3638
7432 33.5856
7440 33.8096
7448 34.036
7456 34.2646
7464 34.4955
7472 34.7286
7480 34.964
7488 35.2016
7496 35.4415
7504 35.6835
7512 35.9278
7520 36.1743
7528 36.423
7536 36.6739
7544 36.9269
7552 37.1822
7560 37.4395
7568 37.699
7576 37.9607
7584 38.2245
7592 38.4904
7600 38.7584
7608 39.0285
7616 39.3007
7624 39.5749
7632 39.8513
7640 40.1297
7648 40.4101
7656 40.6926
7664 40.9771
7672 41.2636
7680 41.5522
7688 41.8427
7696 42.1352
7704 42.4297
7712 42.7262
7720 43.0246
7728 43.325
7736 43.6274
7744 43.9316
7752 44.2378
7760 44.5458
7768 44.8558
7776 45.1677
7784 45.4814
7792 45.797
7800 46.1145
7808 46.4338
7816 46.755
7824 47.0779
7832 47.4027
7840 47.7293
7848 48.0577
7856 48.3879
7864 48.7198
7872 49.0536
7880 49.389
7888 49.7262
7896 50.0652
7904 50.4058
7912 50.7482
7920 51.0923
7928 51.4381
7936 51.7855
7944 52.1346
7952 52.4854
7960 52.8378
7968 53.1919
7976 53.5475
7984 53.9048
7992 54.2637
8000 54.6242
8008 54.9863
8016 55.35
8024 55.7152
8032 56.082
8040 56.4503
8048 56.8201
8056 57.1915
8064 57.5643
8072 57.9387
8080 58.3145
8088 58.6918
8096 59.0706
8104 59.4509
8112 59.8326
8120 60.2157
8128 60.6002
8136 60.9862
8144 61.3735
8152 61.7622
8160 62.1523
8168 62.5438
8176 62.9367
8184 63.3308
8192 63.7263
8200 64.1232
8208 64.5213
8216 64.9208
8224 65.3215
8232 65.7235
8240 66.1268
8248 66.5313
8256 66.9371
8264 67.3441
8272 67.7524
8280 68.1618
8288 68.5725
8296 68.9843
8304 69.3973
8312 69.8115
8320 70.2269
8328 70.6434
8336 71.061
8344 71.4797
8352 71.8996
8360 72.3206
8368 72.7426
8376 73.1658
8384 73.59
8392 74.0152
8400 74.4415
8408 74.8689
8416 75.2972
8424 75.7266
8432 76.157
8440 76.5884
8448 77.0207
8456 77.454
8464 77.8883
8472 78.3235
8480 78.7597
8488 79.1967
8496 79.6347
8504 80.0736
8512 80.5134
8520 80.954
8528 81.3956
8536 81.838
8544 82.2812
8552 82.7252
8560 83.1701
8568 83.6158
8576 84.0623
8584 84.5096
8592 84.9577
8600 85.4065
8608 85.8561
8616 86.3065
8624 86.7575
8632 87.2093
8640 87.6618
8648 88.1151
8656 88.569
8664 89.0235
8672 89.4788
8680 89.9347
8688 90.3912
8696 90.8484
8704 91.3062
8712 91.7647
8720 92.2237
8728 92.6833
8736 93.1435
8744 93.6043
8752 94.0656
8760 94.5275
8768 94.9899
8776 95.4528
8784 95.9162
8792 96.3802
8800 96.8446
8808 97.3096
8816 97.775
8824 98.2408
8832 98.7071
8840 99.1738
8848 99.641
8856 100.109
8864 100.577
8872 101.045
8880 101.514
8888 101.983
8896 102.452
8904 102.922
8912 103.392
8920 103.863
8928 104.334
8936 104.805
8944 105.276
8952 105.748
8960 106.22
8968 106.692
8976 107.165
8984 107.638
8992 108.111
9000 108.584
9008 109.057
9016 109.531
9024 110.005
9032 110.479
9040 110.953
9048 111.427
9056 111.902
9064 112.376
9072 112.851
9080 113.326
9088 113.801
9096 114.276
9104 114.751
9112 115.226
9120 115.701
9128 116.177
9136 116.652
9144 117.127
9152 117.603
9160 118.078
9168 118.554
9176 119.029
9184 119.505
9192 119.98
9200 120.455
9208 120.931
9216 121.406
9224 121.881
9232 122.356
9240 122.831
9248 123.306
9256 123.781
9264 124.255
9272 124.73
9280 125.204
9288 125.678
9296 126.152
9304 126.626
9312 127.1
9320 127.574
9328 128.047
9336 128.52
9344 128.993
9352 129.466
9360 129.938
9368 130.41
9376 130.882
9384 131.354
9392 131.825
9400 132.296
9408 132.767
9416 133.237
9424 133.707
9432 134.177
9440 134.647
9448 135.116
9456 135.584
9464 136.053
9472 136.521
9480 136.988
9488 137.456
9496 137.922
9504 138.389
9512 138.855
9520 139.32
9528 139.785
9536 140.25
9544 140.714
9552 141.178
9560 141.641
9568 142.104
9576 142.566
9584 143.028
9592 143.489
9600 143.95
9608 144.41
9616 144.87
9624 145.329
9632 145.787
9640 146.245
9648 146.702
9656 147.159
9664 147.615
9672 148.071
9680 148.526
9688 148.98
9696 149.434
9704 149.887
9712 150.339
9720 150.791
9728 151.242
9736 151.692
9744 152.142
9752 152.591
9760 153.039
9768 153.486
9776 153.933
9784 154.379
9792 154.825
9800 155.269
9808 155.713
9816 156.156
9824 156.599
9832 157.04
9840 157.481
9848 157.921
9856 158.36
9864 158.798
9872 159.236
9880 159.672
9888 160.108
9896 160.543
9904 160.977
9912 161.411
9920 161.843
9928 162.274
9936 162.705
9944 163.135
9952 163.564
9960 163.992
9968 164.419
9976 164.845
9984 165.27
9992 165.694
10000 166.117
10008 166.54
10016 166.961
10024 167.381
10032 167.801
10040 168.219
10048 168.636
10056 169.053
10064 169.468
10072 169.883
10080 170.296
10088 170.708
10096 171.12
10104 171.53
10112 171.939
10120 172.347
10128 172.754
10136 173.16
10144 173.565
10152 173.969
10160 174.371
10168 174.773
10176 175.174
10184 175.573
10192 175.971
10200 176.368
10208 176.764
10216 177.159
10224 177.553
10232 177.945
10240 178.337
10248 178.727
10256 179.116
10264 179.504
10272 179.89
10280 180.276
10288 180.66
10296 181.043
10304 181.425
10312 181.805
10320 182.185
10328 182.563
10336 182.94
10344 183.315
10352 183.69
10360 184.063
10368 184.435
10376 184.805
10384 185.174
10392 185.542
10400 185.909
10408 186.274
10416 186.639
10424 187.001
10432 187.363
10440 187.723
10448 188.082
10456 188.439
10464 188.795
10472 189.15
10480 189.504
10488 189.856
10496 190.207
10504 190.556
10512 190.904
10520 191.251
10528 191.596
10536 191.94
10544 192.282
10552 192.623
10560 192.963
10568 193.301
10576 193.638
10584 193.973
10592 194.308
10600 194.64
10608 194.971
10616 195.301
10624 195.629
10632 195.956
10640 196.281
10648 196.605
10656 196.928
10664 197.249
10672 197.568
10680 197.886
10688 198.203
10696 198.518
10704 198.831
10712 199.143
10720 199.454
10728 199.763
10736 200.071
10744 200.377
10752 200.681
10760 200.984
10768 201.286
10776 201.585
10784 201.884
10792 202.181
10800 202.476
10808 202.77
10816 203.062
10824 203.353
10832 203.642
10840 203.929
10848 204.215
10856 204.5
10864 204.783
10872 205.064
10880 205.344
10888 205.622
10896 205.898
10904 206.173
10912 206.446
10920 206.718
10928 206.988
10936 207.257
10944 207.524
10952 207.789
10960 208.053
10968 208.315
10976 208.575
10984 208.834
10992 209.091
11000 209.347
11008 209.601
11016 209.853
11024 210.103
11032 210.352
11040 210.6
11048 210.846
11056 211.09
11064 211.332
11072 211.573
11080 211.812
11088 212.049
11096 212.285
11104 212.519
11112 212.751
11120 212.982
11128 213.211
11136 213.438
11144 213.664
11152 213.888
11160 214.11
11168 214.331
11176 214.55
11184 214.767
11192 214.983
11200 215.197
11208 215.409
11216 215.619
11224 215.828
11232 216.035
11240 216.24
11248 216.444
11256 216.646
11264 216.846
11272 217.045
11280 217.242
11288 217.437
11296 217.63
11304 217.822
11312 218.011
11320 218.2
11328 218.386
11336 218.571
11344 218.754
11352 218.935
11360 219.115
11368 219.293
11376 219.469
11384 219.643
11392 219.816
11400 219.986
11408 220.156
11416 220.323
11424 220.489
11432 220.653
11440 220.815
11448 220.975
11456 221.134
11464 221.291
11472 221.446
11480 221.6
11488 221.751
11496 221.901
11504 222.05
11512 222.196
11520 222.341
11528 222.484
11536 222.625
11544 222.764
11552 222.902
11560 223.038
11568 223.172
11576 223.305
11584 223.436
11592 223.565
11600 223.692
11608 223.817
11616 223.941
11624 224.063
11632 224.183
11640 224.302
11648 224.419
11656 224.534
11664 224.647
11672 224.758
11680 224.868
11688 224.976
11696 225.082
11704 225.187
11712 225.29
11720 225.391
11728 225.49
11736 225.587
11744 225.683
11752 225.777
11760 225.869
11768 225.96
11776 226.049
11784 226.136
11792 226.221
11800 226.304
11808 226.386
11816 226.466
11824 226.545
11832 226.621
11840 226.696
11848 226.769
11856 226.841
11864 226.91
11872 226.978
11880 227.044
11888 227.109
11896 227.172
11904 227.233
11912 227.292
11920 227.35
11928 227.405
11936 227.46
11944 227.512
11952 227.563
11960 227.612
11968 227.659
11976 227.704
11984 227.748
11992 227.79
12000 227.831
12008 227.869
12016 227.906
12024 227.942
12032 227.975
12040 228.007
12048 228.037
12056 228.066
12064 228.093
12072 228.118
12080 228.141
12088 228.163
12096 228.183
12104 228.202
12112 228.218
12120 228.233
12128 228.247
12136 228.258
12144 228.268
12152 228.277
12160 228.284
12168 228.289
12176 228.292
12184 228.294
12192 228.294
12200 228.292
12208 228.289
12216 228.284
12224 228.277
12232 228.269
12240 228.26
12248 228.248
12256 228.235
12264 228.22
12272 228.204
12280 228.186
12288 228.166
12296 228.145
12304 228.122
12312 228.098
12320 228.072
12328 228.044
12336 228.015
12344 227.984
12352 227.952
12360 227.918
12368 227.882
12376 227.845
12384 227.807
12392 227.766
12400 227.724
12408 227.681
12416 227.636
12424 227.589
12432 227.541
12440 227.491
12448 227.44
12456 227.387
12464 227.333
12472 227.277
12480 227.22
12488 227.161
12496 227.1
12504 227.038
12512 226.974
12520 226.909
12528 226.843
12536 226.775
12544 226.705
12552 226.634
12560 226.562
12568 226.487
12576 226.412
12584 226.335
12592 226.256
12600 226.176
12608 226.095
12616 226.012
12624 225.928
12632 225.842
12640 225.754
12648 225.666
12656 225.575
12664 225.484
12672 225.391
12680 225.296
12688 225.2
12696 225.103
12704 225.004
12712 224.904
12720 224.802
12728 224.699
12736 224.595
12744 224.489
12752 224.382
12760 224.274
12768 224.164
12776 224.052
12784 223.94
12792 223.826
12800 223.71
12808 223.594
12816 223.475
12824 223.356
12832 223.235
12840 223.113
12848 222.99
12856 222.865
12864 222.739
12872 222.612
12880 222.483
12888 222.353
12896 222.222
12904 222.089
12912 221.955
12920 221.82
12928 221.684
12936 221.546
12944 221.407
12952 221.267
12960 221.125
12968 220.983
12976 220.839
12984 220.694
12992 220.547
13000 220.4
13008 220.251
13016 220.101
13024 219.95
13032 219.797
13040 219.644
13048 219.489
13056 219.333
13064 219.176
13072 219.017
13080 218.858
13088 218.697
13096 218.535
13104 218.372
13112 218.208
13120 218.043
13128 217.876
13136 217.709
13144 217.54
13152 217.371
13160 217.2
13168 217.028
13176 216.855
13184 216.681
13192 216.505
13200 216.329
13208 216.152
13216 215.973
13224 215.794
13232 215.613
13240 215.432
13248 215.249
13256 215.066
13264 214.881
13272 214.695
13280 214.509
13288 214.321
13296 214.133
13304 213.943
13312 213.752
13320 213.561
13328 213.368
13336 213.175
13344 212.98
13352 212.785
13360 212.588
13368 212.391
13376 212.193
13384 211.993
13392 211.793
13400 211.592
13408 211.391
13416 211.188
13424 210.984
13432 210.779
13440 210.574
13448 210.368
13456 210.161
13464 209.952
13472 209.744
13480 209.534
13488 209.323
13496 209.112
13504 208.9
13512 208.687
13520 208.473
13528 208.258
13536 208.043
13544 207.827
13552 207.61
13560 207.392
13568 207.173
13576 206.954
13584 206.734
13592 206.513
13600 206.292
13608 206.07
13616 205.847
13624 205.623
13632 205.399
13640 205.174
13648 204.948
13656 204.721
13664 204.494
13672 204.267
13680 204.038
13688 203.809
13696 203.579
13704 203.349
13712 203.118
13720 202.886
13728 202.654
13736 202.421
13744 202.188
13752 201.953
13760 201.719
13768 201.484
13776 201.248
13784 201.011
13792 200.774
13800 200.537
13808 200.299
13816 200.06
13824 199.821
13832 199.582
13840 199.341
13848 199.101
13856 198.86
13864 198.618
13872 198.376
13880 198.133
13888 197.89
13896 197.647
13904 197.403
13912 197.158
13920 196.913
13928 196.668
13936 196.422
13944 196.176
13952 195.93
13960 195.683
13968 195.435
13976 195.188
13984 194.94
13992 194.691
14000 194.442
14008 194.193
14016 193.944
14024 193.694
14032 193.444
14040 193.193
14048 192.942
14056 192.691
14064 192.44
14072 192.188
14080 191.936
14088 191.684
14096 191.431
14104 191.179
14112 190.925
14120 190.672
14128 190.419
14136 190.165
14144 189.911
14152 189.657
14160 189.402
14168 189.148
14176 188.893
14184 188.638
14192 188.383
14200 188.128
14208 187.872
14216 187.616
14224 187.361
14232 187.105
14240 186.849
14248 186.593
14256 186.336
14264 186.08
14272 185.824
14280 185.567
14288 185.311
14296 185.054
14304 184.797
14312 184.54
14320 184.283
14328 184.027
14336 183.77
14344 183.513
14352 183.256
14360 182.999
14368 182.742
14376 182.485
14384 182.228
14392 181.971
14400 181.714
14408 181.457
14416 181.201
14424 180.944
14432 180.687
14440 180.431
14448 180.174
14456 179.918
14464 179.661
14472 179.405
14480 179.149
14488 178.893
14496 178.637
14504 178.381
14512 178.126
14520 177.87
14528 177.615
14536 177.36
14544 177.105
14552 176.85
14560 176.595
14568 176.341
14576 176.087
14584 175.833
14592 175.579
14600 175.326
14608 175.072
14616 174.819
14624 174.566
14632 174.314
14640 174.062
14648 173.81
14656 173.558
14664 173.306
14672 173.055
14680 172.805
14688 172.554
14696 172.304
14704 172.054
14712 171.805
14720 171.555
14728 171.307
14736 171.058
14744 170.81
14752 170.562
14760 170.315
14768 170.068
14776 169.822
14784 169.575
14792 169.33
14800 169.084
14808 168.84
14816 168.595
14824 168.351
14832 168.108
14840 167.865
14848 167.622
14856 167.38
14864 167.138
14872 166.897
14880 166.657
14888 166.416
14896 166.177
14904 165.938
14912 165.699
14920 165.461
14928 165.224
14936 164.987
14944 164.75
14952 164.515
14960 164.279
14968 164.045
14976 163.811
14984 163.577
14992 163.344
15000 163.112
15008 162.88
15016 162.649
15024 162.419
15032 162.189
15040 161.96
15048 161.732
15056 161.504
15064 161.277
15072 161.051
15080 160.825
15088 160.6
15096 160.375
15104 160.152
15112 159.929
15120 159.707
15128 159.485
15136 159.265
15144 159.045
15152 158.825
15160 158.607
15168 158.389
15176 158.172
15184 157.956
15192 157.741
15200 157.526
15208 157.312
15216 157.099
15224 156.887
15232 156.676
15240 156.465
15248 156.256
15256 156.047
15264 155.839
15272 155.632
15280 155.426
15288 155.22
15296 155.016
15304 154.812
15312 154.609
15320 154.407
15328 154.207
15336 154.006
15344 153.807
15352 153.609
15360 153.412
15368 153.216
15376 153.02
15384 152.826
15392 152.632
15400 152.44
15408 152.248
15416 152.058
15424 151.868
15432 151.68
15440 151.492
15448 151.306
15456 151.12
15464 150.936
15472 150.752
15480 150.57
15488 150.388
15496 150.208
15504 150.028
15512 149.85
15520 149.673
15528 149.497
15536 149.322
15544 149.148
15552 148.975
15560 148.803
15568 148.632
15576 148.463
15584 148.294
15592 148.127
15600 147.96
15608 147.795
15616 147.631
15624 147.468
15632 147.307
15640 147.146
15648 146.987
15656 146.829
15664 146.672
15672 146.516
15680 146.361
15688 146.208
15696 146.055
15704 145.904
15712 145.754
15720 145.606
15728 145.458
15736 145.312
15744 145.167
15752 145.023
15760 144.881
15768 144.739
15776 144.599
15784 144.461
15792 144.323
15800 144.187
15808 144.052
15816 143.918
15824 143.786
15832 143.655
15840 143.525
15848 143.397
15856 143.27
15864 143.144
15872 143.019
15880 142.896
15888 142.774
15896 142.654
15904 142.534
15912 142.417
15920 142.3
15928 142.185
15936 142.071
15944 141.959
15952 141.848
15960 141.738
15968 141.63
15976 141.523
15984 141.417
15992 141.313
16000 141.21
16008 141.109
16016 141.009
16024 140.911
16032 140.814
16040 140.718
16048 140.624
16056 140.531
16064 140.44
16072 140.35
16080 140.261
16088 140.174
16096 140.089
16104 140.005
16112 139.922
16120 139.841
16128 139.761
16136 139.683
16144 139.606
16152 139.531
16160 139.457
16168 139.385
16176 139.314
16184 139.245
16192 139.177
16200 139.111
16208 139.046
16216 138.983
16224 138.921
16232 138.861
16240 138.803
16248 138.746
16256 138.69
16264 138.636
16272 138.584
16280 138.533
16288 138.484
16296 138.436
16304 138.39
16312 138.345
16320 138.302
16328 138.26
16336 138.22
16344 138.182
16352 138.145
16360 138.11
16368 138.077
16376 138.045
16384 138.014
16392 137.986
16400 137.958
16408 137.933
16416 137.909
16424 137.886
16432 137.866
16440 137.847
16448 137.829
16456 137.813
16464 137.799
16472 137.786
16480 137.776
16488 137.766
16496 137.759
16504 137.753
16512 137.748
16520 137.745
16528 137.744
16536 137.745
16544 137.747
16552 137.751
16560 137.757
16568 137.764
16576 137.773
16584 137.783
16592 137.795
16600 137.809
16608 137.825
16616 137.842
16624 137.861
16632 137.882
16640 137.904
16648 137.928
16656 137.954
16664 137.981
16672 138.01
16680 138.041
16688 138.074
16696 138.108
16704 138.144
16712 138.181
16720 138.221
16728 138.262
16736 138.304
16744 138.349
16752 138.395
16760 138.443
16768 138.492
16776 138.544
16784 138.597
16792 138.652
16800 138.708
16808 138.766
16816 138.826
16824 138.888
16832 138.951
16840 139.016
16848 139.083
16856 139.152
16864 139.222
16872 139.294
16880 139.368
16888 139.444
16896 139.521
16904 139.6
16912 139.681
16920 139.763
16928 139.847
16936 139.933
16944 140.021
16952 140.111
16960 140.202
16968 140.295
16976 140.39
16984 140.486
16992 140.584
17000 140.684
17008 140.786
17016 140.889
17024 140.995
17032 141.102
17040 141.21
17048 141.321
17056 141.433
17064 141.547
17072 141.663
17080 141.78
17088 141.9
17096 142.021
17104 142.143
17112 142.268
17120 142.394
17128 142.522
17136 142.652
17144 142.783
17152 142.917
17160 143.052
17168 143.188
17176 143.327
17184 143.467
17192 143.609
17200 143.753
17208 143.899
17216 144.046
17224 144.195
17232 144.346
17240 144.498
17248 144.653
17256 144.809
17264 144.966
17272 145.126
17280 145.287
17288 145.45
17296 145.615
17304 145.781
17312 145.95
17320 146.12
17328 146.291
17336 146.465
17344 146.64
17352 146.817
17360 146.995
17368 147.176
17376 147.358
17384 147.542
17392 147.727
17400 147.915
17408 148.104
17416 148.294
17424 148.487
17432 148.681
17440 148.877
17448 149.075
17456 149.274
17464 149.475
17472 149.678
17480 149.882
17488 150.088
17496 150.296
17504 150.506
17512 150.717
17520 150.93
17528 151.145
17536 151.361
17544 151.579
17552 151.799
17560 152.021
17568 152.244
17576 152.469
17584 152.695
17592 152.923
17600 153.153
17608 153.385
17616 153.618
17624 153.853
17632 154.089
17640 154.328
17648 154.568
17656 154.809
17664 155.052
17672 155.297
17680 155.544
17688 155.792
17696 156.042
17704 156.293
17712 156.546
17720 156.801
17728 157.057
17736 157.315
17744 157.575
17752 157.836
17760 158.099
17768 158.363
17776 158.629
17784 158.897
17792 159.166
17800 159.437
17808 159.71
17816 159.984
17824 160.26
17832 160.537
17840 160.816
17848 161.096
17856 161.378
17864 161.662
17872 161.947
17880 162.234
17888 162.522
17896 162.812
17904 163.103
17912 163.396
17920 163.691
17928 163.987
17936 164.284
17944 164.583
17952 164.884
17960 165.186
17968 165.49
17976 165.795
17984 166.102
17992 166.41
18000 166.719
18008 167.031
18016 167.343
18024 167.658
18032 167.973
18040 168.29
18048 168.609
18056 168.929
18064 169.251
18072 169.574
18080 169.898
18088 170.224
18096 170.551
18104 170.88
18112 171.21
18120 171.542
18128 171.875
18136 172.21
18144 172.546
18152 172.883
18160 173.222
18168 173.562
18176 173.903
18184 174.246
18192 174.591
18200 174.936
18208 175.283
18216 175.632
18224 175.982
18232 176.333
18240 176.685
18248 177.039
18256 177.394
18264 177.751
18272 178.109
18280 178.468
18288 178.828
18296 179.19
18304 179.553
18312 179.917
18320 180.283
18328 180.65
18336 181.018
18344 181.388
18352 181.758
18360 182.13
18368 182.504
18376 182.878
18384 183.254
18392 183.631
18400 184.009
18408 184.389
18416 184.769
18424 185.151
18432 185.534
18440 185.918
18448 186.304
18456 186.691
18464 187.078
18472 187.467
18480 187.857
18488 188.249
18496 188.641
18504 189.035
18512 189.429
18520 189.825
18528 190.222
18536 190.62
18544 191.019
18552 191.42
18560 191.821
18568 192.224
18576 192.627
18584 193.032
18592 193.437
18600 193.844
18608 194.252
18616 194.661
18624 195.07
18632 195.481
18640 195.893
18648 196.306
18656 196.72
18664 197.135
18672 197.551
18680 197.967
18688 198.385
18696 198.804
18704 199.224
18712 199.644
18720 200.066
18728 200.489
18736 200.912
18744 201.336
18752 201.762
18760 202.188
18768 202.615
18776 203.043
18784 203.472
18792 203.902
18800 204.332
18808 204.764
18816 205.196
18824 205.629
18832 206.063
18840 206.498
18848 206.933
18856 207.37
18864 207.807
18872 208.245
18880 208.683
18888 209.123
18896 209.563
18904 210.004
18912 210.446
18920 210.888
18928 211.332
18936 211.776
18944 212.22
18952 212.665
18960 213.111
18968 213.558
18976 214.006
18984 214.454
18992 214.902
19000 215.352
19008 215.802
19016 216.252
19024 216.703
19032 217.155
19040 217.608
19048 218.061
19056 218.514
19064 218.968
19072 219.423
19080 219.878
19088 220.334
19096 220.79
19104 221.247
19112 221.705
19120 222.163
19128 222.621
19136 223.08
19144 223.539
19152 223.999
19160 224.459
19168 224.92
19176 225.381
19184 225.843
19192 226.305
19200 226.767
19208 227.23
19216 227.693
19224 228.157
19232 228.621
19240 229.085
19248 229.55
19256 230.015
19264 230.48
19272 230.946
19280 231.412
19288 231.878
19296 232.345
19304 232.812
19312 233.279
19320 233.746
19328 234.214
19336 234.682
19344 235.15
19352 235.618
19360 236.087
19368 236.556
19376 237.025
19384 237.494
19392 237.963
19400 238.433
19408 238.902
19416 239.372
19424 239.842
19432 240.312
19440 240.782
19448 241.252
19456 241.723
19464 242.193
19472 242.664
19480 243.134
19488 243.605
19496 244.075
19504 244.546
19512 245.017
19520 245.487
19528 245.958
19536 246.428
19544 246.899
19552 247.37
19560 247.84
19568 248.311
19576 248.781
19584 249.251
19592 249.721
19600 250.191
19608 250.661
19616 251.131
19624 251.601
19632 252.071
19640 252.54
19648 253.009
19656 253.478
19664 253.947
19672 254.416
19680 254.884
19688 255.352
19696 255.82
19704 256.288
19712 256.756
19720 257.223
19728 257.69
19736 258.156
19744 258.623
19752 259.089
19760 259.555
19768 260.02
19776 260.485
19784 260.95
19792 261.414
19800 261.878
19808 262.341
19816 262.805
19824 263.267
19832 263.73
19840 264.191
19848 264.653
19856 265.114
19864 265.574
19872 266.034
19880 266.494
19888 266.953
19896 267.411
19904 267.869
19912 268.327
19920 268.784
19928 269.24
19936 269.696
19944 270.151
19952 270.605
19960 271.059
19968 271.513
19976 271.966
19984 272.418
19992 272.869
20000 273.32
20008 273.77
20016 274.219
20024 274.668
20032 275.116
20040 275.563
20048 276.01
20056 276.456
20064 276.901
20072 277.345
20080 277.788
20088 278.231
20096 278.673
20104 279.114
20112 279.554
20120 279.994
20128 280.432
20136 280.87
20144 281.307
20152 281.743
20160 282.178
20168 282.612
20176 283.045
20184 283.478
20192 283.909
20200 284.34
20208 284.769
20216 285.198
20224 285.625
20232 286.052
20240 286.477
20248 286.901
20256 287.325
20264 287.747
20272 288.169
20280 288.589
20288 289.008
20296 289.426
20304 289.843
20312 290.259
20320 290.674
20328 291.087
20336 291.5
20344 291.911
20352 292.321
20360 292.73
20368 293.138
20376 293.544
20384 293.95
20392 294.354
20400 294.757
20408 295.158
20416 295.558
20424 295.958
20432 296.355
20440 296.752
20448 297.147
20456 297.541
20464 297.933
20472 298.324
20480 298.714
20488 299.102
20496 299.489
20504 299.875
20512 300.259
20520 300.642
20528 301.023
20536 301.403
20544 301.782
20552 302.159
20560 302.534
20568 302.908
20576 303.281
20584 303.652
20592 304.021
20600 304.389
20608 304.756
20616 305.121
20624 305.484
20632 305.846
20640 306.206
20648 306.564
20656 306.921
20664 307.276
20672 307.63
20680 307.982
20688 308.332
20696 308.681
20704 309.028
20712 309.373
20720 309.717
20728 310.059
20736 310.399
20744 310.738
20752 311.074
20760 311.409
20768 311.742
20776 312.074
20784 312.403
20792 312.731
20800 313.057
20808 313.381
20816 313.703
20824 314.024
20832 314.342
20840 314.659
20848 314.974
20856 315.287
20864 315.598
20872 315.907
20880 316.214
20888 316.519
20896 316.823
20904 317.124
20912 317.423
20920 317.721
20928 318.016
20936 318.31
20944 318.601
20952 318.89
20960 319.178
20968 319.463
20976 319.746
20984 320.027
20992 320.306
21000 320.583
21008 320.858
21016 321.131
21024 321.401
21032 321.67
21040 321.936
21048 322.2
21056 322.463
21064 322.722
21072 322.98
21080 323.236
21088 323.489
21096 323.74
21104 323.989
21112 324.235
21120 324.48
21128 324.722
21136 324.962
21144 325.199
21152 325.434
21160 325.667
21168 325.898
21176 326.126
21184 326.352
21192 326.576
21200 326.797
21208 327.016
21216 327.233
21224 327.447
21232 327.659
21240 327.868
21248 328.075
21256 328.28
21264 328.482
21272 328.682
21280 328.879
21288 329.074
21296 329.266
21304 329.456
21312 329.643
21320 329.828
21328 330.011
21336 330.19
21344 330.368
21352 330.542
21360 330.715
21368 330.884
21376 331.052
21384 331.216
21392 331.378
21400 331.537
21408 331.694
21416 331.848
21424 332
21432 332.149
21440 332.295
21448 332.439
21456 332.58
21464 332.718
21472 332.854
21480 332.987
21488 333.117
21496 333.245
21504 333.369
21512 333.492
21520 333.611
21528 333.728
21536 333.842
21544 333.953
21552 334.061
21560 334.167
21568 334.27
21576 334.37
21584 334.467
21592 334.562
21600 334.653
21608 334.742
21616 334.828
21624 334.911
21632 334.992
21640 335.069
21648 335.144
21656 335.216
21664 335.285
21672 335.351
21680 335.414
21688 335.474
21696 335.531
21704 335.586
21712 335.637
21720 335.686
21728 335.731
21736 335.774
21744 335.814
21752 335.851
21760 335.884
21768 335.915
21776 335.943
21784 335.968
21792 335.99
21800 336.009
21808 336.024
21816 336.037
21824 336.047
21832 336.054
21840 336.058
21848 336.058
21856 336.056
21864 336.05
21872 336.042
21880 336.03
21888 336.016
21896 335.998
21904 335.977
21912 335.953
21920 335.926
21928 335.896
21936 335.863
21944 335.826
21952 335.787
21960 335.744
21968 335.698
21976 335.649
21984 335.597
21992 335.542
22000 335.484
22008 335.422
22016 335.357
22024 335.289
22032 335.218
22040 335.144
22048 335.066
22056 334.986
22064 334.902
22072 334.815
22080 334.724
22088 334.631
22096 334.534
22104 334.434
22112 334.33
22120 334.224
22128 334.114
22136 334.001
22144 333.885
22152 333.765
22160 333.642
22168 333.516
22176 333.387
22184 333.254
22192 333.118
22200 332.979
22208 332.836
22216 332.69
22224 332.541
22232 332.389
22240 332.233
22248 332.074
22256 331.911
22264 331.746
22272 331.577
22280 331.404
22288 331.228
22296 331.049
22304 330.867
22312 330.681
22320 330.492
22328 330.3
22336 330.104
22344 329.905
22352 329.702
22360 329.496
22368 329.287
22376 329.074
22384 328.858
22392 328.639
22400 328.416
22408 328.19
22416 327.96
22424 327.727
22432 327.491
22440 327.251
22448 327.008
22456 326.762
22464 326.512
22472 326.259
22480 326.002
22488 325.742
22496 325.478
22504 325.212
22512 324.941
22520 324.668
22528 324.39
22536 324.11
22544 323.826
22552 323.539
22560 323.248
22568 322.954
22576 322.656
22584 322.355
22592 322.05
22600 321.743
22608 321.431
22616 321.116
22624 320.798
22632 320.477
22640 320.152
22648 319.823
22656 319.491
22664 319.156
22672 318.818
22680 318.475
22688 318.13
22696 317.781
22704 317.428
22712 317.073
22720 316.713
22728 316.351
22736 315.985
22744 315.615
22752 315.242
22760 314.866
22768 314.486
22776 314.103
22784 313.716
22792 313.326
22800 312.933
22808 312.536
22816 312.135
22824 311.732
22832 311.325
22840 310.914
22848 310.5
22856 310.083
22864 309.662
22872 309.238
22880 308.81
22888 308.379
22896 307.945
22904 307.507
22912 307.066
22920 306.622
22928 306.174
22936 305.722
22944 305.268
22952 304.81
22960 304.348
22968 303.883
22976 303.415
22984 302.944
22992 302.469
23000 301.99
23008 301.509
23016 301.024
23024 300.535
23032 300.044
23040 299.549
23048 299.05
23056 298.549
23064 298.044
23072 297.535
23080 297.024
23088 296.509
23096 295.99
23104 295.469
23112 294.944
23120 294.415
23128 293.884
23136 293.349
23144 292.811
23152 292.269
23160 291.725
23168 291.177
23176 290.625
23184 290.071
23192 289.513
23200 288.952
23208 288.388
23216 287.82
23224 287.25
23232 286.676
23240 286.098
23248 285.518
23256 284.934
23264 284.348
23272 283.758
23280 283.164
23288 282.568
23296 281.968
23304 281.366
23312 280.76
23320 280.151
23328 279.538
23336 278.923
23344 278.305
23352 277.683
23360 277.058
23368 276.43
23376 275.799
23384 275.165
23392 274.528
23400 273.888
23408 273.244
23416 272.598
23424 271.948
23432 271.296
23440 270.64
23448 269.982
23456 269.32
23464 268.655
23472 267.988
23480 267.317
23488 266.643
23496 265.967
23504 265.287
23512 264.605
23520 263.919
23528 263.23
23536 262.539
23544 261.845
23552 261.147
23560 260.447
23568 259.744
23576 259.038
23584 258.329
23592 257.618
23600 256.903
23608 256.186
23616 255.465
23624 254.742
23632 254.016
23640 253.288
23648 252.556
23656 251.822
23664 251.085
23672 250.345
23680 249.602
23688 248.857
23696 248.109
23704 247.358
23712 246.604
23720 245.848
23728 245.089
23736 244.328
23744 243.564
23752 242.797
23760 242.027
23768 241.255
23776 240.481
23784 239.703
23792 238.923
23800 238.141
23808 237.356
23816 236.568
23824 235.778
23832 234.986
23840 234.191
23848 233.393
23856 232.593
23864 231.79
23872 230.985
23880 230.178
23888 229.368
23896 228.556
23904 227.741
23912 226.924
23920 226.104
23928 225.283
23936 224.459
23944 223.632
23952 222.803
23960 221.972
23968 221.139
23976 220.303
23984 219.465
23992 218.625
24000 217.783
24008 216.938
24016 216.092
24024 215.243
24032 214.392
24040 213.539
24048 212.683
24056 211.826
24064 210.966
24072 210.105
24080 209.241
24088 208.375
24096 207.508
24104 206.638
24112 205.766
24120 204.892
24128 204.017
24136 203.139
24144 202.259
24152 201.378
24160 200.494
24168 199.609
24176 198.722
24184 197.833
24192 196.942
24200 196.05
24208 195.155
24216 194.259
24224 193.361
24232 192.461
24240 191.56
24248 190.657
24256 189.752
24264 188.846
24272 187.938
24280 187.028
24288 186.117
24296 185.204
24304 184.289
24312 183.373
24320 182.456
24328 181.537
24336 180.616
24344 179.694
24352 178.771
24360 177.846
24368 176.919
24376 175.992
24384 175.063
24392 174.132
24400 173.2
24408 172.267
24416 171.333
24424 170.397
24432 169.461
24440 168.522
24448 167.583
24456 166.643
24464 165.701
24472 164.758
24480 163.814
24488 162.869
24496 161.923
24504 160.976
24512 160.028
24520 159.078
24528 158.128
24536 157.177
24544 156.225
24552 155.272
24560 154.318
24568 153.363
24576 152.407
24584 151.45
24592 150.493
24600 149.535
24608 148.576
24616 147.616
24624 146.656
24632 145.694
24640 144.733
24648 143.77
24656 142.807
24664 141.843
24672 140.879
24680 139.914
24688 138.949
24696 137.983
24704 137.016
24712 136.049
24720 135.082
24728 134.114
24736 133.135
24744 132.178
24752 131.209
24760 130.24
24768 129.27
24776 128.3
24784 127.33
24792 126.36
24800 125.39
24808 124.419
24816 123.448
24824 122.477
24832 121.506
24840 120.535
24848 119.564
24856 118.593
24864 117.622
24872 116.651
24880 115.68
24888 114.709
24896 113.738
24904 112.768
24912 111.797
24920 110.827
24928 109.857
24936 108.887
24944 107.917
24952 106.948
24960 105.979
24968 105.01
24976 104.042
24984 103.074
24992 102.107
25000 101.14
25008 100.173
25016 99.2071
25024 98.2416
25032 97.2767
25040 96.3124
25048 95.3488
25056 94.3857
25064 93.4234
25072 92.4617
25080 91.5008
25088 90.5406
25096 89.5812
25104 88.6227
25112 87.665
25120 86.7081
25128 85.7522
25136 84.7971
25144 83.8431
25152 82.89
25160 81.938
25168 80.9869
25176 80.037
25184 79.0882
25192 78.1405
25200 77.1939
25208 76.2486
25216 75.3044
25224 74.3615
25232 73.4199
25240 72.4796
25248 71.5406
25256 70.603
25264 69.6668
25272 68.732
25280 67.7987
25288 66.8669
25296 65.9365
25304 65.0078
25312 64.0805
25320 63.1549
25328 62.231
25336 61.3087
25344 60.3881
25352 59.4692
25360 58.5521
25368 57.6367
25376 56.7232
25384 55.8115
25392 54.9018
25400 53.9939
25408 53.0879
25416 52.184
25424 51.282
25432 50.3821
25440 49.4842
25448 48.5885
25456 47.6948
25464 46.8034
25472 45.9141
25480 45.027
25488 44.1422
25496 43.2597
25504 42.3795
25512 41.5016
25520 40.6261
25528 39.753
25536 38.8824
25544 38.0143
25552 37.1486
25560 36.2855
25568 35.425
25576 34.567
25584 33.7117
25592 32.8591
25600 32.0092
25608 31.162
25616 30.3175
25624 29.4759
25632 28.6371
25640 27.8012
25648 26.9681
25656 26.138
25664 25.3108
25672 24.4866
25680 23.6655
25688 22.8474
25696 22.0324
25704 21.2205
25712 20.4117
25720 19.6062
25728 18.8039
25736 18.0048
25744 17.209
25752 16.4165
25760 15.6274
25768 14.8417
25776 14.0594
25784 13.2805
25792 12.5052
25800 11.7333
25808 10.965
25816 10.2003
25824 9.4392
25832 8.68176
25840 7.92799
25848 7.17795
25856 6.43165
25864 5.68914
25872 4.95045
25880 4.21561
25888 3.48466
25896 2.75762
25904 2.03454
25912 1.31544
25920 0.600358
25928 -0.110669
25936 -0.817609
25944 -1.52043
25952 -2.2191
25960 -2.91357
25968 -3.60383
25976 -4.28983
25984 -4.97155
25992 -5.64894
26000 -6.32198
26008 -6.99062
26016 -7.65485
26024 -8.31461
26032 -8.96989
26040 -9.62064
26048 -10.2668
26056 -10.9084
26064 -11.5454
26072 -12.1777
26080 -12.8053
26088 -13.4282
26096 -14.0464
26104 -14.6597
26112 -15.2682
26120 -15.8718
26128 -16.4706
26136 -17.0644
26144 -17.6533
26152 -18.2371
26160 -18.8159
26168 -19.3897
26176 -19.9584
26184 -20.5219
26192 -21.0802
26200 -21.6334
26208 -22.1813
26216 -22.724
26224 -23.2613
26232 -23.7934
26240 -24.32
26248 -24.8413
26256 -25.3571
26264 -25.8674
26272 -26.3722
26280 -26.8715
26288 -27.3653
26296 -27.8534
26304 -28.3359
26312 -28.8127
26320 -29.2838
26328 -29.7492
26336 -30.2088
26344 -30.6626
26352 -31.1105
26360 -31.5526
26368 -31.9888
26376 -32.4191
26384 -32.8433
26392 -33.2616
26400 -33.6738
26408 -34.08
26416 -34.48
26424 -34.874
26432 -35.2617
26440 -35.6433
26448 -36.0186
26456 -36.3876
26464 -36.7504
26472 -37.1068
26480 -37.4568
26488 -37.8005
26496 -38.1377
26504 -38.4684
26512 -38.7927
26520 -39.1104
26528 -39.4215
26536 -39.7261
26544 -40.024
26552 -40.3153
26560 -40.5999
26568 -40.8778
26576 -41.1489
26584 -41.4132
26592 -41.6707
26600 -41.9213
26608 -42.1651
26616 -42.402
26624 -42.6319
26632 -42.8548
26640 -43.0707
26648 -43.2796
26656 -43.4814
26664 -43.6761
26672 -43.8637
26680 -44.0441
26688 -44.2173
26696 -44.3833
26704 -44.5421
26712 -44.6935
26720 -44.8376
26728 -44.9744
26736 -45.1038
26744 -45.2258
26752 -45.3403
26760 -45.4474
26768 -45.5469
26776 -45.639
26784 -45.7235
26792 -45.8003
26800 -45.8696
26808 -45.9312
26816 -45.9851
26824 -46.0314
26832 -46.0699
26840 -46.1006
26848 -46.1235
26856 -46.1386
26864 -46.1458
26872 -46.1452
26880 -46.1366
26888 -46.1201
26896 -46.0956
26904 -46.0632
26912 -46.0227
26920 -45.9741
26928 -45.9175
26936 -45.8528
26944 -45.7799
26952 -45.6988
26960 -45.6096
26968 -45.5122
26976 -45.4065
26984 -45.2925
26992 -45.1702
27000 -45.0396
27008 -44.9007
27016 -44.7533
27024 -44.5976
27032 -44.4334
27040 -44.2608
27048 -44.0797
27056 -43.89
27064 -43.6919
27072 -43.4851
27080 -43.2698
27088 -43.0459
27096 -42.8133
27104 -42.5721
27112 -42.3222
27120 -42.0636
27128 -41.7962
27136 -41.5201
27144 -41.2352
27152 -40.9415
27160 -40.639
27168 -40.3276
27176 -40.0073
27184 -39.6782
27192 -39.3401
27200 -38.993
27208 -38.637
27216 -38.272
27224 -37.898
27232 -37.515
27240 -37.1229
27248 -36.7217
27256 -36.3114
27264 -35.892
27272 -35.4635
27280 -35.0258
27288 -34.5789
27296 -34.1228
27304 -33.6575
27312 -33.1829
27320 -32.6991
27328 -32.206
27336 -31.7036
27344 -31.1919
27352 -30.6708
27360 -30.1404
27368 -29.6006
27376 -29.0513
27384 -28.4927
27392 -27.9247
27400 -27.3472
27408 -26.7602
27416 -26.1637
27424 -25.5578
27432 -24.9423
27440 -24.3173
27448 -23.6827
27456 -23.0386
27464 -22.3849
27472 -21.7216
27480 -21.0486
27488 -20.3661
27496 -19.6739
27504 -18.972
27512 -18.2605
27520 -17.5393
27528 -16.8084
27536 -16.0678
27544 -15.3174
27552 -14.5573
27560 -13.7875
27568 -13.0079
27576 -12.2185
27584 -11.4193
27592 -10.6103
27600 -9.79156
27608 -8.96296
27616 -8.12452
27624 -7.27625
27632 -6.41812
27640 -5.55012
27648 -4.67226
27656 -3.78451
27664 -2.88687
27672 -1.97934
27680 -1.06189
27688 -0.134535
27696 0.802748
27704 1.74996
27712 2.70711
27720 3.67421
27728 4.65125
27736 5.63826
27744 6.63523
27752 7.64216
27760 8.65907
27768 9.68596
27776 10.7228
27784 11.7697
27792 12.8265
27800 13.8934
27808 14.9702
27816 16.0571
27824 17.1539
27832 18.2608
27840 19.3776
27848 20.5045
27856 21.6414
27864 22.7883
27872 23.9452
27880 25.1121
27888 26.289
27896 27.4759
27904 28.6729
27912 29.8798
27920 31.0968
27928 32.3237
27936 33.5607
27944 34.8076
27952 36.0646
27960 37.3315
27968 38.6085
27976 39.8954
27984 41.1923
27992 42.4991
28000 43.816
28008 45.1427
28016 46.4795
28024 47.8262
28032 49.1828
28040 50.5494
28048 51.9258
28056 53.3122
28064 54.7085
28072 56.1148
28080 57.5308
28088 58.9568
28096 60.3926
28104 61.8383
28112 63.2938
28120 64.7592
28128 66.2344
28136 67.7194
28144 69.2141
28152 70.7187
28160 72.233
28168 73.7571
28176 75.2909
28184 76.8344
28192 78.3876
28200 79.9506
28208 81.5231
28216 83.1054
28224 84.6972
28232 86.2987
28240 87.9098
28248 89.5304
28256 91.1606
28264 92.8004
28272 94.4497
28280 96.1084
28288 97.7766
28296 99.4543
28304 101.141
28312 102.838
28320 104.544
28328 106.259
28336 107.984
28344 109.717
28352 111.461
28360 113.213
28368 114.975
28376 116.745
28384 118.525
28392 120.315
28400 122.113
28408 123.92
28416 125.737
28424 127.562
28432 129.396
28440 131.24
28448 133.092
28456 134.953
28464 136.823
28472 138.702
28480 140.59
28488 142.486
28496 144.391
28504 146.305
28512 148.227
28520 150.158
28528 152.098
28536 154.046
28544 156.002
28552 157.967
28560 159.941
28568 161.923
28576 163.913
28584 165.911
28592 167.918
28600 169.933
28608 171.956
28616 173.987
28624 176.026
28632 178.073
28640 180.128
28648 182.191
28656 184.262
28664 186.341
28672 188.427
28680 190.522
28688 192.624
28696 194.733
28704 196.85
28712 198.975
28720 201.107
28728 203.246
28736 205.393
28744 207.547
28752 209.708
28760 211.877
28768 214.052
28776 216.235
28784 218.425
28792 220.621
28800 222.825
28808 225.035
28816 227.252
28824 229.476
28832 231.706
28840 233.943
28848 236.187
28856 238.437
28864 240.693
28872 242.955
28880 245.224
28888 247.499
28896 249.78
28904 252.067
28912 254.36
28920 256.659
28928 258.964
28936 261.274
28944 263.591
28952 265.912
28960 268.24
28968 270.572
28976 272.91
28984 275.254
28992 277.602
29000 279.956
29008 282.314
29016 284.678
29024 287.046
29032 289.42
29040 291.798
29048 294.18
29056 296.568
29064 298.959
29072 301.355
29080 303.755
29088 306.16
29096 308.568
29104 310.981
29112 313.397
29120 315.818
29128 318.242
29136 320.669
29144 323.101
29152 325.535
29160 327.973
29168 330.414
29176 332.859
29184 335.306
29192 337.757
29200 340.21
29208 342.666
29216 345.124
29224 347.586
29232 350.049
29240 352.515
29248 354.983
29256 357.454
29264 359.926
29272 362.4
29280 364.876
29288 367.354
29296 369.833
29304 372.314
29312 374.795
29320 377.279
29328 379.763
29336 382.248
29344 384.734
29352 387.221
29360 389.709
29368 392.197
29376 394.685
29384 397.174
29392 399.663
29400 402.151
29408 404.64
29416 407.128
29424 409.616
29432 412.104
29440 414.591
29448 417.077
29456 419.562
29464 422.046
29472 424.529
29480 427.011
29488 429.491
29496 431.97
29504 434.447
29512 436.922
29520 439.395
29528 441.866
29536 444.334
29544 446.8
29552 449.264
29560 451.725
29568 454.183
29576 456.638
29584 459.089
29592 461.538
29600 463.983
29608 466.424
29616 468.861
29624 471.295
29632 473.724
29640 476.15
29648 478.57
29656 480.986
29664 483.398
29672 485.804
29680 488.206
29688 490.602
29696 492.993
29704 495.378
29712 497.757
29720 500.131
29728 502.498
29736 504.859
29744 507.214
29752 509.562
29760 511.903
29768 514.238
29776 516.565
29784 518.885
29792 521.197
29800 523.502
29808 525.798
29816 528.087
29824 530.367
29832 532.639
29840 534.903
29848 537.157
29856 539.403
29864 541.639
29872 543.866
29880 546.083
29888 548.291
29896 550.488
29904 552.675
29912 554.852
29920 557.019
29928 559.174
29936 561.319
29944 563.452
29952 565.574
29960 567.684
29968 569.782
29976 571.868
29984 573.942
29992 576.004
30000 578.053
30008 580.088
30016 582.111
30024 584.121
30032 586.116
30040 588.098
30048 590.066
30056 592.02
30064 593.959
30072 595.883
30080 597.793
30088 599.687
30096 601.566
30104 603.429
30112 605.276
30120 607.107
30128 608.922
30136 610.72
30144 612.501
30152 614.266
30160 616.012
30168 617.741
30176 619.453
30184 621.146
30192 622.821
30200 624.477
30208 626.115
30216 627.733
30224 629.332
30232 630.911
30240 632.47
30248 634.009
30256 635.528
30264 637.026
30272 638.503
30280 639.959
30288 641.393
30296 642.806
30304 644.196
30312 645.564
30320 646.91
30328 648.232
30336 649.532
30344 650.808
30352 652.06
30360 653.288
30368 654.492
30376 655.671
30384 656.825
30392 657.955
30400 659.058
30408 660.136
30416 661.188
30424 662.213
30432 663.212
30440 664.183
30448 665.128
30456 666.044
30464 666.933
30472 667.794
30480 668.626
30488 669.429
30496 670.203
30504 670.947
30512 671.662
30520 672.347
30528 673.001
30536 673.624
30544 674.216
30552 674.777
30560 675.306
30568 675.803
30576 676.267
30584 676.699
30592 677.097
30600 677.462
30608 677.793
30616 678.09
30624 678.353
30632 678.581
30640 678.773
30648 678.93
30656 679.051
30664 679.136
30672 679.184
30680 679.195
30688 679.169
30696 679.105
30704 679.004
30712 678.863
30720 678.684
30728 678.466
30736 678.208
30744 677.91
30752 677.572
30760 677.193
30768 676.774
30776 676.312
30784 675.809
30792 675.264
30800 674.676
30808 674.045
30816 673.371
30824 672.653
30832 671.89
30840 671.083
30848 670.231
30856 669.334
30864 668.391
30872 667.401
30880 666.365
30888 665.282
30896 664.152
30904 662.973
30912 661.746
30920 660.471
30928 659.146
30936 657.772
30944 656.348
30952 654.873
30960 653.348
30968 651.771
30976 650.142
30984 648.462
30992 646.728
31000 644.942
31008 643.102
31016 641.208
31024 639.259
31032 637.256
31040 635.198
31048 633.083
31056 630.913
31064 628.685
31072 626.401
31080 624.059
31088 621.658
31096 619.2
31104 616.682
31112 614.104
31120 611.467
31128 608.769
31136 606.01
31144 603.189
31152 600.307
31160 597.362
31168 594.354
31176 591.283
31184 588.148
31192 584.948
31200 581.684
31208 578.354
31216 574.958
31224 571.495
31232 567.966
31240 564.369
31248 560.704
31256 556.97
31264 553.168
31272 549.295
31280 545.353
31288 541.34
31296 537.256
31304 533.1
31312 528.872
31320 524.571
31328 520.196
31336 515.748
31344 511.225
31352 506.627
31360 501.954
31368 497.205
31376 492.379
31384 487.475
31392 482.494
31400 477.435
31408 472.296
31416 467.078
31424 461.78
31432 456.401
31440 450.941
31448 445.399
31456 439.775
31464 434.067
31472 428.276
31480 422.401
31488 416.441
31496 410.396
31504 404.264
31512 398.046
31520 391.741
31528 385.347
31536 378.866
31544 372.295
31552 365.635
31560 358.884
31568 352.042
31576 345.109
31584 338.083
31592 330.965
31600 323.753
31608 316.447
31616 309.046
31624 301.55
31632 293.958
31640 286.269
31648 278.482
31656 270.598
31664 262.614
31672 254.532
31680 246.349
31688 238.066
31696 229.681
31704 221.194
31712 212.605
31720 203.912
31728 195.115
31736 186.213
31744 177.205
31752 168.092
31760 158.871
31768 149.543
31776 140.106
31784 130.561
31792 120.906
31800 111.14
