0 213.059
8 211.646
16 210.239
24 208.838
32 207.444
40 206.055
48 204.672
56 203.295
64 201.924
72 200.56
80 199.201
88 197.848
96 196.501
104 195.159
112 193.824
120 192.495
128 191.171
136 189.854
144 188.542
152 187.236
160 185.936
168 184.641
176 183.353
184 182.07
192 180.793
200 179.522
208 178.256
216 176.996
224 175.742
232 174.494
240 173.251
248 172.014
256 170.782
264 169.557
272 168.336
280 167.122
288 165.913
296 164.71
304 163.512
312 162.32
320 161.133
328 159.952
336 158.776
344 157.606
352 156.442
360 155.283
368 154.129
376 152.981
384 151.838
392 150.701
400 149.569
408 148.443
416 147.322
424 146.206
432 145.096
440 143.991
448 142.891
456 141.797
464 140.708
472 139.625
480 138.546
488 137.473
496 136.405
504 135.343
512 134.286
520 133.234
528 132.187
536 131.145
544 130.109
552 129.078
560 128.052
568 127.031
576 126.015
584 125.004
592 123.999
600 122.998
608 122.003
616 121.013
624 120.028
632 119.048
640 118.073
648 117.103
656 116.138
664 115.178
672 114.223
680 113.273
688 112.328
696 111.388
704 110.453
712 109.522
720 108.597
728 107.677
736 106.761
744 105.851
752 104.945
760 104.044
768 103.148
776 102.257
784 101.371
792 100.489
800 99.6126
808 98.7407
816 97.8735
824 97.0112
832 96.1536
840 95.3007
848 94.4526
856 93.6091
864 92.7704
872 91.9364
880 91.1071
888 90.2824
896 89.4624
904 88.6471
912 87.8363
920 87.0303
928 86.2288
936 85.4319
944 84.6396
952 83.8519
960 83.0687
968 82.2901
976 81.5161
984 80.7465
992 79.9815
1000 79.221
1008 78.465
1016 77.7135
1024 76.9665
1032 76.2239
1040 75.4857
1048 74.752
1056 74.0227
1064 73.2979
1072 72.5774
1080 71.8614
1088 71.1497
1096 70.4424
1104 69.7394
1112 69.0408
1120 68.3465
1128 67.6566
1136 66.9709
1144 66.2896
1152 65.6125
1160 64.9397
1168 64.2712
1176 63.607
1184 62.947
1192 62.2912
1200 61.6396
1208 60.9923
1216 60.3491
1224 59.7102
1232 59.0754
1240 58.4448
1248 57.8183
1256 57.196
1264 56.5778
1272 55.9638
1280 55.3538
1288 54.748
1296 54.1462
1304 53.5485
1312 52.9549
1320 52.3653
1328 51.7798
1336 51.1983
1344 50.6209
1352 50.0474
1360 49.478
1368 48.9125
1376 48.351
1384 47.7935
1392 47.24
1400 46.6903
1408 46.1447
1416 45.6029
1424 45.0651
1432 44.5311
1440 44.0011
1448 43.4749
1456 42.9527
1464 42.4342
1472 41.9196
1480 41.4089
1488 40.902
1496 40.3989
1504 39.8996
1512 39.4041
1520 38.9124
1528 38.4245
1536 37.9403
1544 37.4599
1552 36.9832
1560 36.5103
1568 36.0411
1576 35.5756
1584 35.1138
1592 34.6556
1600 34.2012
1608 33.7505
1616 33.3034
1624 32.8599
1632 32.4201
1640 31.9839
1648 31.5513
1656 31.1224
1664 30.697
1672 30.2752
1680 29.857
1688 29.4424
1696 29.0313
1704 28.6238
1712 28.2198
1720 27.8193
1728 27.4224
1736 27.0289
1744 26.639
1752 26.2525
1760 25.8695
1768 25.49
1776 25.1139
1784 24.7413
1792 24.3721
1800 24.0063
1808 23.644
1816 23.285
1824 22.9294
1832 22.5773
1840 22.2285
1848 21.883
1856 21.5409
1864 21.2022
1872 20.8668
1880 20.5347
1888 20.2059
1896 19.8805
1904 19.5583
1912 19.2394
1920 18.9238
1928 18.6114
1936 18.3024
1944 17.9965
1952 17.6939
1960 17.3945
1968 17.0983
1976 16.8054
1984 16.5156
1992 16.229
2000 15.9456
2008 15.6654
2016 15.3883
2024 15.1144
2032 14.8436
2040 14.5759
2048 14.3114
2056 14.0499
2064 13.7916
2072 13.5363
2080 13.2842
2088 13.0351
2096 12.789
2104 12.5461
2112 12.3061
2120 12.0692
2128 11.8353
2136 11.6045
2144 11.3766
2152 11.1517
2160 10.9299
2168 10.711
2176 10.495
2184 10.282
2192 10.072
2200 9.86491
2208 9.66074
2216 9.4595
2224 9.26117
2232 9.06574
2240 8.8732
2248 8.68354
2256 8.49676
2264 8.31284
2272 8.13178
2280 7.95357
2288 7.77819
2296 7.60564
2304 7.43591
2312 7.26899
2320 7.10487
2328 6.94354
2336 6.78499
2344 6.62922
2352 6.47621
2360 6.32596
2368 6.17845
2376 6.03368
2384 5.89164
2392 5.75231
2400 5.6157
2408 5.48179
2416 5.35057
2424 5.22203
2432 5.09617
2440 4.97297
2448 4.85243
2456 4.73453
2464 4.61928
2472 4.50666
2480 4.39665
2488 4.28926
2496 4.18447
2504 4.08228
2512 3.98267
2520 3.88564
2528 3.79118
2536 3.69927
2544 3.60992
2552 3.52311
2560 3.43884
2568 3.35708
2576 3.27785
2584 3.20112
2592 3.12689
2600 3.05515
2608 2.98589
2616 2.9191
2624 2.85478
2632 2.79292
2640 2.7335
2648 2.67652
2656 2.62197
2664 2.56984
2672 2.52012
2680 2.47281
2688 2.4279
2696 2.38537
2704 2.34522
2712 2.30744
2720 2.27203
2728 2.23897
2736 2.20825
2744 2.17987
2752 2.15382
2760 2.13009
2768 2.10867
2776 2.08956
2784 2.07274
2792 2.05821
2800 2.04595
2808 2.03597
2816 2.02825
2824 2.02278
2832 2.01956
2840 2.01858
2848 2.01982
2856 2.02329
2864 2.02897
2872 2.03686
2880 2.04694
2888 2.05921
2896 2.07366
2904 2.09028
2912 2.10907
2920 2.13001
2928 2.1531
2936 2.17833
2944 2.2057
2952 2.23518
2960 2.26679
2968 2.3005
2976 2.33631
2984 2.37421
2992 2.4142
3000 2.45626
3008 2.50039
3016 2.54658
3024 2.59483
3032 2.64511
3040 2.69744
3048 2.75179
3056 2.80817
3064 2.86655
3072 2.92694
3080 2.98933
3088 3.05371
3096 3.12007
3104 3.18841
3112 3.25871
3120 3.33097
3128 3.40518
3136 3.48133
3144 3.55942
3152 3.63944
3160 3.72137
3168 3.80522
3176 3.89097
3184 3.97862
3192 4.06816
3200 4.15959
3208 4.25288
3216 4.34804
3224 4.44506
3232 4.54394
3240 4.64465
3248 4.74721
3256 4.85159
3264 4.95779
3272 5.06581
3280 5.17563
3288 5.28726
3296 5.40067
3304 5.51587
3312 5.63284
3320 5.75159
3328 5.87209
3336 5.99435
3344 6.11836
3352 6.24411
3360 6.37159
3368 6.50079
3376 6.63171
3384 6.76434
3392 6.89868
3400 7.03471
3408 7.17243
3416 7.31183
3424 7.45291
3432 7.59565
3440 7.74005
3448 7.8861
3456 8.0338
3464 8.18314
3472 8.33411
3480 8.4867
3488 8.64091
3496 8.79673
3504 8.95415
3512 9.11316
3520 9.27377
3528 9.43595
3536 9.59971
3544 9.76503
3552 9.93192
3560 10.1004
3568 10.2703
3576 10.4419
3584 10.6149
3592 10.7895
3600 10.9656
3608 11.1432
3616 11.3223
3624 11.5029
3632 11.685
3640 11.8686
3648 12.0537
3656 12.2402
3664 12.4282
3672 12.6176
3680 12.8085
3688 13.0009
3696 13.1947
3704 13.3899
3712 13.5865
3720 13.7845
3728 13.984
3736 14.1848
3744 14.3871
3752 14.5907
3760 14.7957
3768 15.0021
3776 15.2099
3784 15.419
3792 15.6295
3800 15.8413
3808 16.0545
3816 16.269
3824 16.4848
3832 16.7019
3840 16.9204
3848 17.1402
3856 17.3613
3864 17.5836
3872 17.8073
3880 18.0322
3888 18.2584
3896 18.4859
3904 18.7147
3912 18.9447
3920 19.1759
3928 19.4084
3936 19.6422
3944 19.8772
3952 20.1133
3960 20.3508
3968 20.5894
3976 20.8292
3984 21.0702
3992 21.3124
4000 21.5559
4008 21.8004
4016 22.0462
4024 22.2931
4032 22.5412
4040 22.7905
4048 23.0408
4056 23.2924
4064 23.545
4072 23.7988
4080 24.0538
4088 24.3098
4096 24.5669
4104 24.8252
4112 25.0846
4120 25.345
4128 25.6065
4136 25.8691
4144 26.1328
4152 26.3976
4160 26.6634
4168 26.9303
4176 27.1982
4184 27.4672
4192 27.7372
4200 28.0082
4208 28.2803
4216 28.5534
4224 28.8275
4232 29.1026
4240 29.3787
4248 29.6558
4256 29.9339
4264 30.213
4272 30.493
4280 30.774
4288 31.056
4296 31.339
4304 31.6229
4312 31.9078
4320 32.1936
4328 32.4803
4336 32.768
4344 33.0566
4352 33.3461
4360 33.6365
4368 33.9278
4376 34.2201
4384 34.5132
4392 34.8073
4400 35.1022
4408 35.398
4416 35.6946
4424 35.9922
4432 36.2906
4440 36.5898
4448 36.8899
4456 37.1909
4464 37.4927
4472 37.7953
4480 38.0987
4488 38.403
4496 38.7081
4504 39.014
4512 39.3207
4520 39.6282
4528 39.9365
4536 40.2456
4544 40.5555
4552 40.8662
4560 41.1776
4568 41.4898
4576 41.8028
4584 42.1165
4592 42.431
4600 42.7462
4608 43.0621
4616 43.3788
4624 43.6962
4632 44.0144
4640 44.3333
4648 44.6528
4656 44.9731
4664 45.2941
4672 45.6158
4680 45.9382
4688 46.2612
4696 46.585
4704 46.9094
4712 47.2345
4720 47.5603
4728 47.8867
4736 48.2138
4744 48.5415
4752 48.8699
4760 49.1989
4768 49.5285
4776 49.8588
4784 50.1897
4792 50.5212
4800 50.8534
4808 51.1861
4816 51.5195
4824 51.8534
4832 52.1879
4840 52.5231
4848 52.8588
4856 53.1951
4864 53.5319
4872 53.8693
4880 54.2073
4888 54.5459
4896 54.885
4904 55.2246
4912 55.5648
4920 55.9056
4928 56.2468
4936 56.5886
4944 56.9309
4952 57.2738
4960 57.6171
4968 57.961
4976 58.3053
4984 58.6502
4992 58.9956
5000 59.3414
5008 59.6877
5016 60.0345
5024 60.3818
5032 60.7296
5040 61.0778
5048 61.4265
5056 61.7756
5064 62.1252
5072 62.4752
5080 62.8257
5088 63.1766
5096 63.5279
5104 63.8797
5112 64.2318
5120 64.5844
5128 64.9375
5136 65.2909
5144 65.6447
5152 65.9989
5160 66.3535
5168 66.7086
5176 67.0639
5184 67.4197
5192 67.7759
5200 68.1324
5208 68.4893
5216 68.8465
5224 69.2041
5232 69.5621
5240 69.9204
5248 70.279
5256 70.638
5264 70.9974
5272 71.357
5280 71.717
5288 72.0773
5296 72.4379
5304 72.7989
5312 73.1601
5320 73.5216
5328 73.8835
5336 74.2456
5344 74.608
5352 74.9708
5360 75.3337
5368 75.697
5376 76.0606
5384 76.4244
5392 76.7885
5400 77.1528
5408 77.5174
5416 77.8822
5424 78.2473
5432 78.6127
5440 78.9782
5448 79.344
5456 79.7101
5464 80.0764
5472 80.4428
5480 80.8095
5488 81.1765
5496 81.5436
5504 81.9109
5512 82.2784
5520 82.6462
5528 83.0141
5536 83.3822
5544 83.7505
5552 84.119
5560 84.4876
5568 84.8564
5576 85.2254
5584 85.5946
5592 85.9639
5600 86.3334
5608 86.703
5616 87.0727
5624 87.4427
5632 87.8127
5640 88.1829
5648 88.5532
5656 88.9236
5664 89.2942
5672 89.6649
5680 90.0357
5688 90.4066
5696 90.7776
5704 91.1488
5712 91.52
5720 91.8913
5728 92.2627
5736 92.6342
5744 93.0058
5752 93.3775
5760 93.7492
5768 94.1211
5776 94.4929
5784 94.8649
5792 95.2369
5800 95.609
5808 95.9811
5816 96.3533
5824 96.7255
5832 97.0978
5840 97.4701
5848 97.8424
5856 98.2148
5864 98.5872
5872 98.9596
5880 99.332
5888 99.7045
5896 100.077
5904 100.449
5912 100.822
5920 101.194
5928 101.567
5936 101.939
5944 102.312
5952 102.684
5960 103.057
5968 103.429
5976 103.802
5984 104.174
5992 104.546
6000 104.919
6008 105.291
6016 105.663
6024 106.035
6032 106.407
6040 106.78
6048 107.152
6056 107.524
6064 107.896
6072 108.267
6080 108.639
6088 109.011
6096 109.382
6104 109.754
6112 110.126
6120 110.497
6128 110.868
6136 111.239
6144 111.611
6152 111.982
6160 112.352
6168 112.723
6176 113.094
6184 113.465
6192 113.835
6200 114.205
6208 114.576
6216 114.946
6224 115.316
6232 115.685
6240 116.055
6248 116.425
6256 116.794
6264 117.163
6272 117.533
6280 117.902
6288 118.27
6296 118.639
6304 119.008
6312 119.376
6320 119.744
6328 120.112
6336 120.48
6344 120.848
6352 121.215
6360 121.582
6368 121.949
6376 122.316
6384 122.683
6392 123.05
6400 123.416
6408 123.782
6416 124.148
6424 124.514
6432 124.879
6440 125.245
6448 125.61
6456 125.974
6464 126.339
6472 126.704
6480 127.068
6488 127.432
6496 127.795
6504 128.159
6512 128.522
6520 128.885
6528 129.248
6536 129.61
6544 129.973
6552 130.335
6560 130.696
6568 131.058
6576 131.419
6584 131.78
6592 132.141
6600 132.501
6608 132.861
6616 133.221
6624 133.581
6632 133.94
6640 134.299
6648 134.658
6656 135.016
6664 135.374
6672 135.732
6680 136.09
6688 136.447
6696 136.804
6704 137.161
6712 137.517
6720 137.873
6728 138.229
6736 138.584
6744 138.939
6752 139.294
6760 139.648
6768 140.002
6776 140.356
6784 140.71
6792 141.063
6800 141.415
6808 141.768
6816 142.12
6824 142.472
6832 142.823
6840 143.174
6848 143.525
6856 143.875
6864 144.225
6872 144.574
6880 144.924
6888 145.273
6896 145.621
6904 145.969
6912 146.317
6920 146.664
6928 147.011
6936 147.358
6944 147.704
6952 148.05
6960 148.395
6968 148.74
6976 149.085
6984 149.429
6992 149.773
7000 150.117
7008 150.46
7016 150.802
7024 151.145
7032 151.487
7040 151.828
7048 152.169
7056 152.51
7064 152.85
7072 153.19
7080 153.529
7088 153.868
7096 154.206
7104 154.544
7112 154.882
7120 155.219
7128 155.556
7136 155.892
7144 156.228
7152 156.563
7160 156.898
7168 157.233
7176 157.567
7184 157.901
7192 158.234
7200 158.567
7208 158.899
7216 159.231
7224 159.562
7232 159.893
7240 160.223
7248 160.553
7256 160.883
7264 161.212
7272 161.54
7280 161.868
7288 162.196
7296 162.523
7304 162.849
7312 163.176
7320 163.501
7328 163.826
7336 164.151
7344 164.475
7352 164.799
7360 165.122
7368 165.445
7376 165.767
7384 166.088
7392 166.41
7400 166.73
7408 167.05
7416 167.37
7424 167.689
7432 168.008
7440 168.326
7448 168.643
7456 168.96
7464 169.277
7472 169.593
7480 169.908
7488 170.223
7496 170.538
7504 170.851
7512 171.165
7520 171.478
7528 171.79
7536 172.102
7544 172.413
7552 172.723
7560 173.033
7568 173.343
7576 173.652
7584 173.961
7592 174.268
7600 174.576
7608 174.883
7616 175.189
7624 175.494
7632 175.8
7640 176.104
7648 176.408
7656 176.712
7664 177.014
7672 177.317
7680 177.619
7688 177.92
7696 178.22
7704 178.52
7712 178.82
7720 179.119
7728 179.417
7736 179.715
7744 180.012
7752 180.308
7760 180.604
7768 180.899
7776 181.194
7784 181.488
7792 181.782
7800 182.075
7808 182.367
7816 182.659
7824 182.95
7832 183.241
7840 183.531
7848 183.82
7856 184.109
7864 184.397
7872 184.685
7880 184.972
7888 185.258
7896 185.544
7904 185.829
7912 186.114
7920 186.398
7928 186.681
7936 186.964
7944 187.246
7952 187.527
7960 187.808
7968 188.088
7976 188.368
7984 188.647
7992 188.925
8000 189.203
8008 189.48
8016 189.756
8024 190.032
8032 190.307
8040 190.582
8048 190.856
8056 191.129
8064 191.401
8072 191.673
8080 191.945
8088 192.215
8096 192.485
8104 192.755
8112 193.024
8120 193.292
8128 193.559
8136 193.826
8144 194.092
8152 194.358
8160 194.622
8168 194.887
8176 195.15
8184 195.413
8192 195.675
8200 195.937
8208 196.198
8216 196.458
8224 196.717
8232 196.976
8240 197.235
8248 197.492
8256 197.749
8264 198.005
8272 198.261
8280 198.516
8288 198.77
8296 199.023
8304 199.276
8312 199.529
8320 199.78
8328 200.031
8336 200.281
8344 200.531
8352 200.779
8360 201.028
8368 201.275
8376 201.522
8384 201.768
8392 202.013
8400 202.258
8408 202.502
8416 202.745
8424 202.988
8432 203.23
8440 203.471
8448 203.712
8456 203.952
8464 204.191
8472 204.429
8480 204.667
8488 204.904
8496 205.141
8504 205.376
8512 205.611
8520 205.846
8528 206.079
8536 206.312
8544 206.544
8552 206.776
8560 207.007
8568 207.237
8576 207.466
8584 207.695
8592 207.923
8600 208.15
8608 208.377
8616 208.603
8624 208.828
8632 209.052
8640 209.276
8648 209.499
8656 209.721
8664 209.943
8672 210.164
8680 210.384
8688 210.603
8696 210.822
8704 211.04
8712 211.257
8720 211.474
8728 211.69
8736 211.905
8744 212.119
8752 212.333
8760 212.546
8768 212.758
8776 212.97
8784 213.18
8792 213.391
8800 213.6
8808 213.808
8816 214.016
8824 214.224
8832 214.43
8840 214.636
8848 214.841
8856 215.045
8864 215.249
8872 215.451
8880 215.653
8888 215.855
8896 216.055
8904 216.255
8912 216.454
8920 216.653
8928 216.85
8936 217.047
8944 217.244
8952 217.439
8960 217.634
8968 217.828
8976 218.021
8984 218.214
8992 218.405
9000 218.596
9008 218.787
9016 218.976
9024 219.165
9032 219.353
9040 219.541
9048 219.727
9056 219.913
9064 220.098
9072 220.283
9080 220.466
9088 220.649
9096 220.831
9104 221.013
9112 221.193
9120 221.373
9128 221.553
9136 221.731
9144 221.909
9152 222.086
9160 222.262
9168 222.437
9176 222.612
9184 222.786
9192 222.959
9200 223.132
9208 223.303
9216 223.474
9224 223.645
9232 223.814
9240 223.983
9248 224.151
9256 224.318
9264 224.485
9272 224.65
9280 224.815
9288 224.98
9296 225.143
9304 225.306
9312 225.468
9320 225.629
9328 225.79
9336 225.949
9344 226.108
9352 226.267
9360 226.424
9368 226.581
9376 226.737
9384 226.892
9392 227.046
9400 227.2
9408 227.353
9416 227.505
9424 227.657
9432 227.808
9440 227.958
9448 228.107
9456 228.255
9464 228.403
9472 228.55
9480 228.696
9488 228.842
9496 228.986
9504 229.13
9512 229.273
9520 229.416
9528 229.557
9536 229.698
9544 229.839
9552 229.978
9560 230.117
9568 230.255
9576 230.392
9584 230.528
9592 230.664
9600 230.799
9608 230.933
9616 231.066
9624 231.199
9632 231.331
9640 231.462
9648 231.592
9656 231.722
9664 231.851
9672 231.979
9680 232.106
9688 232.233
9696 232.359
9704 232.484
9712 232.608
9720 232.732
9728 232.855
9736 232.977
9744 233.098
9752 233.219
9760 233.339
9768 233.458
9776 233.576
9784 233.694
9792 233.81
9800 233.926
9808 234.042
9816 234.156
9824 234.27
9832 234.383
9840 234.496
9848 234.607
9856 234.718
9864 234.828
9872 234.937
9880 235.046
9888 235.154
9896 235.261
9904 235.367
9912 235.473
9920 235.578
9928 235.682
9936 235.785
9944 235.888
9952 235.99
9960 236.091
9968 236.191
9976 236.291
9984 236.39
9992 236.488
10000 236.585
10008 236.682
10016 236.778
10024 236.873
10032 236.967
10040 237.061
10048 237.154
10056 237.246
10064 237.337
10072 237.428
10080 237.518
10088 237.607
10096 237.695
10104 237.783
10112 237.87
10120 237.956
10128 238.042
10136 238.127
10144 238.211
10152 238.294
10160 238.376
10168 238.458
10176 238.539
10184 238.62
10192 238.699
10200 238.778
10208 238.856
10216 238.933
10224 239.01
10232 239.086
10240 239.161
10248 239.236
10256 239.309
10264 239.382
10272 239.454
10280 239.526
10288 239.597
10296 239.667
10304 239.736
10312 239.805
10320 239.873
10328 239.94
10336 240.006
10344 240.072
10352 240.137
10360 240.201
10368 240.264
10376 240.327
10384 240.389
10392 240.45
10400 240.511
10408 240.571
10416 240.63
10424 240.688
10432 240.746
10440 240.803
10448 240.859
10456 240.915
10464 240.97
10472 241.024
10480 241.077
10488 241.13
10496 241.182
10504 241.233
10512 241.283
10520 241.333
10528 241.382
10536 241.431
10544 241.478
10552 241.525
10560 241.571
10568 241.617
10576 241.662
10584 241.706
10592 241.749
10600 241.792
10608 241.834
10616 241.875
10624 241.916
10632 241.956
10640 241.995
10648 242.033
10656 242.071
10664 242.108
10672 242.144
10680 242.18
10688 242.215
10696 242.249
10704 242.282
10712 242.315
10720 242.347
10728 242.379
10736 242.409
10744 242.44
10752 242.469
10760 242.497
10768 242.525
10776 242.553
10784 242.579
10792 242.605
10800 242.63
10808 242.655
10816 242.679
10824 242.702
10832 242.724
10840 242.746
10848 242.767
10856 242.787
10864 242.807
10872 242.826
10880 242.844
10888 242.862
10896 242.879
10904 242.895
10912 242.911
10920 242.926
10928 242.94
10936 242.953
10944 242.966
10952 242.978
10960 242.99
10968 243.001
10976 243.011
10984 243.02
10992 243.029
11000 243.037
11008 243.045
11016 243.052
11024 243.058
11032 243.063
11040 243.068
11048 243.072
11056 243.076
11064 243.079
11072 243.081
11080 243.082
11088 243.083
11096 243.084
11104 243.083
11112 243.082
11120 243.08
11128 243.078
11136 243.075
11144 243.071
11152 243.067
11160 243.062
11168 243.056
11176 243.049
11184 243.042
11192 243.035
11200 243.027
11208 243.018
11216 243.008
11224 242.998
11232 242.987
11240 242.975
11248 242.963
11256 242.951
11264 242.937
11272 242.923
11280 242.908
11288 242.893
11296 242.877
11304 242.861
11312 242.843
11320 242.825
11328 242.807
11336 242.788
11344 242.768
11352 242.748
11360 242.727
11368 242.705
11376 242.683
11384 242.66
11392 242.636
11400 242.612
11408 242.588
11416 242.562
11424 242.536
11432 242.51
11440 242.483
11448 242.455
11456 242.426
11464 242.397
11472 242.368
11480 242.337
11488 242.306
11496 242.275
11504 242.243
11512 242.21
11520 242.177
11528 242.143
11536 242.109
11544 242.073
11552 242.038
11560 242.001
11568 241.965
11576 241.927
11584 241.889
11592 241.85
11600 241.811
11608 241.771
11616 241.731
11624 241.69
11632 241.648
11640 241.606
11648 241.563
11656 241.52
11664 241.476
11672 241.431
11680 241.386
11688 241.34
11696 241.294
11704 241.247
11712 241.2
11720 241.152
11728 241.103
11736 241.054
11744 241.004
11752 240.954
11760 240.903
11768 240.852
11776 240.8
11784 240.747
11792 240.694
11800 240.64
11808 240.586
11816 240.531
11824 240.476
11832 240.42
11840 240.364
11848 240.307
11856 240.249
11864 240.191
11872 240.132
11880 240.073
11888 240.013
11896 239.953
11904 239.892
11912 239.831
11920 239.769
11928 239.706
11936 239.643
11944 239.579
11952 239.515
11960 239.451
11968 239.385
11976 239.32
11984 239.253
11992 239.187
12000 239.119
12008 239.052
12016 238.983
12024 238.914
12032 238.845
12040 238.775
12048 238.704
12056 238.633
12064 238.562
12072 238.49
12080 238.417
12088 238.344
12096 238.271
12104 238.197
12112 238.122
12120 238.047
12128 237.971
12136 237.895
12144 237.819
12152 237.742
12160 237.664
12168 237.586
12176 237.507
12184 237.428
12192 237.348
12200 237.268
12208 237.188
12216 237.107
12224 237.025
12232 236.943
12240 236.86
12248 236.777
12256 236.694
12264 236.61
12272 236.525
12280 236.44
12288 236.355
12296 236.269
12304 236.182
12312 236.095
12320 236.008
12328 235.92
12336 235.832
12344 235.743
12352 235.654
12360 235.564
12368 235.474
12376 235.383
12384 235.292
12392 235.201
12400 235.109
12408 235.016
12416 234.923
12424 234.83
12432 234.736
12440 234.642
12448 234.547
12456 234.452
12464 234.356
12472 234.26
12480 234.163
12488 234.066
12496 233.969
12504 233.871
12512 233.773
12520 233.674
12528 233.575
12536 233.475
12544 233.375
12552 233.275
12560 233.174
12568 233.072
12576 232.971
12584 232.868
12592 232.766
12600 232.663
12608 232.559
12616 232.455
12624 232.351
12632 232.246
12640 232.141
12648 232.036
12656 231.93
12664 231.823
12672 231.717
12680 231.609
12688 231.502
12696 231.394
12704 231.286
12712 231.177
12720 231.068
12728 230.958
12736 230.848
12744 230.738
12752 230.627
12760 230.516
12768 230.404
12776 230.292
12784 230.18
12792 230.067
12800 229.954
12808 229.841
12816 229.727
12824 229.613
12832 229.498
12840 229.383
12848 229.268
12856 229.152
12864 229.036
12872 228.92
12880 228.803
12888 228.686
12896 228.568
12904 228.45
12912 228.332
12920 228.213
12928 228.094
12936 227.975
12944 227.855
12952 227.735
12960 227.615
12968 227.494
12976 227.373
12984 227.251
12992 227.13
13000 227.008
13008 226.885
13016 226.762
13024 226.639
13032 226.516
13040 226.392
13048 226.268
13056 226.143
13064 226.018
13072 225.893
13080 225.768
13088 225.642
13096 225.516
13104 225.389
13112 225.263
13120 225.136
13128 225.008
13136 224.881
13144 224.753
13152 224.624
13160 224.496
13168 224.367
13176 224.237
13184 224.108
13192 223.978
13200 223.848
13208 223.717
13216 223.587
13224 223.456
13232 223.324
13240 223.193
13248 223.061
13256 222.928
13264 222.796
13272 222.663
13280 222.53
13288 222.397
13296 222.263
13304 222.129
13312 221.995
13320 221.861
13328 221.726
13336 221.591
13344 221.455
13352 221.32
13360 221.184
13368 221.048
13376 220.912
13384 220.775
13392 220.638
13400 220.501
13408 220.364
13416 220.226
13424 220.088
13432 219.95
13440 219.811
13448 219.673
13456 219.534
13464 219.395
13472 219.255
13480 219.116
13488 218.976
13496 218.836
13504 218.695
13512 218.555
13520 218.414
13528 218.273
13536 218.132
13544 217.99
13552 217.848
13560 217.706
13568 217.564
13576 217.422
13584 217.279
13592 217.136
13600 216.993
13608 216.85
13616 216.707
13624 216.563
13632 216.419
13640 216.275
13648 216.131
13656 215.986
13664 215.841
13672 215.697
13680 215.551
13688 215.406
13696 215.261
13704 215.115
13712 214.969
13720 214.823
13728 214.677
13736 214.53
13744 214.384
13752 214.237
13760 214.09
13768 213.943
13776 213.795
13784 213.648
13792 213.5
13800 213.352
13808 213.204
13816 213.056
13824 212.908
13832 212.759
13840 212.61
13848 212.461
13856 212.312
13864 212.163
13872 212.014
13880 211.864
13888 211.715
13896 211.565
13904 211.415
13912 211.265
13920 211.115
13928 210.964
13936 210.814
13944 210.663
13952 210.512
13960 210.361
13968 210.21
13976 210.059
13984 209.908
13992 209.756
14000 209.605
14008 209.453
14016 209.301
14024 209.149
14032 208.997
14040 208.845
14048 208.693
14056 208.54
14064 208.388
14072 208.235
14080 208.082
14088 207.929
14096 207.776
14104 207.623
14112 207.47
14120 207.317
14128 207.164
14136 207.01
14144 206.856
14152 206.703
14160 206.549
14168 206.395
14176 206.241
14184 206.087
14192 205.933
14200 205.779
14208 205.625
14216 205.47
14224 205.316
14232 205.161
14240 205.007
14248 204.852
14256 204.698
14264 204.543
14272 204.388
14280 204.233
14288 204.078
14296 203.923
14304 203.768
14312 203.613
14320 203.458
14328 203.302
14336 203.147
14344 202.992
14352 202.836
14360 202.681
14368 202.525
14376 202.37
14384 202.214
14392 202.058
14400 201.903
14408 201.747
14416 201.591
14424 201.436
14432 201.28
14440 201.124
14448 200.968
14456 200.812
14464 200.656
14472 200.5
14480 200.345
14488 200.189
14496 200.033
14504 199.877
14512 199.721
14520 199.565
14528 199.409
14536 199.253
14544 199.097
14552 198.941
14560 198.785
14568 198.628
14576 198.472
14584 198.316
14592 198.16
14600 198.004
14608 197.848
14616 197.692
14624 197.536
14632 197.381
14640 197.225
14648 197.069
14656 196.913
14664 196.757
14672 196.601
14680 196.445
14688 196.289
14696 196.134
14704 195.978
14712 195.822
14720 195.667
14728 195.511
14736 195.355
14744 195.2
14752 195.044
14760 194.889
14768 194.733
14776 194.578
14784 194.423
14792 194.267
14800 194.112
14808 193.957
14816 193.802
14824 193.647
14832 193.492
14840 193.337
14848 193.182
14856 193.027
14864 192.873
14872 192.718
14880 192.563
14888 192.409
14896 192.254
14904 192.1
14912 191.946
14920 191.791
14928 191.637
14936 191.483
14944 191.329
14952 191.175
14960 191.022
14968 190.868
14976 190.714
14984 190.561
14992 190.407
15000 190.254
15008 190.101
15016 189.948
15024 189.795
15032 189.642
15040 189.489
15048 189.336
15056 189.184
15064 189.031
15072 188.879
15080 188.727
15088 188.575
15096 188.423
15104 188.271
15112 188.119
15120 187.968
15128 187.816
15136 187.665
15144 187.513
15152 187.362
15160 187.211
15168 187.061
15176 186.91
15184 186.759
15192 186.609
15200 186.459
15208 186.309
15216 186.159
15224 186.009
15232 185.859
15240 185.709
15248 185.56
15256 185.411
15264 185.262
15272 185.113
15280 184.964
15288 184.816
15296 184.667
15304 184.519
15312 184.371
15320 184.223
15328 184.075
15336 183.928
15344 183.78
15352 183.633
15360 183.486
15368 183.339
15376 183.192
15384 183.046
15392 182.9
15400 182.753
15408 182.608
15416 182.462
15424 182.316
15432 182.171
15440 182.026
15448 181.881
15456 181.736
15464 181.591
15472 181.447
15480 181.303
15488 181.159
15496 181.015
15504 180.872
15512 180.728
15520 180.585
15528 180.442
15536 180.3
15544 180.157
15552 180.015
15560 179.873
15568 179.731
15576 179.59
15584 179.448
15592 179.307
15600 179.166
15608 179.026
15616 178.885
15624 178.745
15632 178.605
15640 178.465
15648 178.326
15656 178.187
15664 178.048
15672 177.909
15680 177.77
15688 177.632
15696 177.494
15704 177.357
15712 177.219
15720 177.082
15728 176.945
15736 176.808
15744 176.672
15752 176.536
15760 176.4
15768 176.264
15776 176.129
15784 175.994
15792 175.859
15800 175.724
15808 175.59
15816 175.456
15824 175.322
15832 175.189
15840 175.056
15848 174.923
15856 174.79
15864 174.658
15872 174.526
15880 174.394
15888 174.263
15896 174.131
15904 174.001
15912 173.87
15920 173.74
15928 173.61
15936 173.48
15944 173.351
15952 173.222
15960 173.093
15968 172.965
15976 172.837
15984 172.709
15992 172.581
16000 172.454
16008 172.327
16016 172.201
16024 172.074
16032 171.949
16040 171.823
16048 171.698
16056 171.573
16064 171.448
16072 171.324
16080 171.2
16088 171.076
16096 170.953
16104 170.83
16112 170.708
16120 170.585
16128 170.463
16136 170.342
16144 170.221
16152 170.1
16160 169.979
16168 169.859
16176 169.739
16184 169.62
16192 169.501
16200 169.382
16208 169.264
16216 169.146
16224 169.028
16232 168.911
16240 168.794
16248 168.677
16256 168.561
16264 168.445
16272 168.329
16280 168.214
16288 168.1
16296 167.985
16304 167.871
16312 167.758
16320 167.644
16328 167.532
16336 167.419
16344 167.307
16352 167.195
16360 167.084
16368 166.973
16376 166.863
16384 166.753
16392 166.643
16400 166.533
16408 166.425
16416 166.316
16424 166.208
16432 166.1
16440 165.993
16448 165.886
16456 165.779
16464 165.673
16472 165.568
16480 165.462
16488 165.357
16496 165.253
16504 165.149
16512 165.045
16520 164.942
16528 164.839
16536 164.737
16544 164.635
16552 164.533
16560 164.432
16568 164.332
16576 164.231
16584 164.132
16592 164.032
16600 163.933
16608 163.835
16616 163.737
16624 163.639
16632 163.542
16640 163.445
16648 163.349
16656 163.253
16664 163.158
16672 163.063
16680 162.968
16688 162.874
16696 162.78
16704 162.687
16712 162.595
16720 162.502
16728 162.411
16736 162.319
16744 162.228
16752 162.138
16760 162.048
16768 161.959
16776 161.87
16784 161.781
16792 161.693
16800 161.605
16808 161.518
16816 161.432
16824 161.345
16832 161.26
16840 161.174
16848 161.09
16856 161.005
16864 160.922
16872 160.838
16880 160.756
16888 160.673
16896 160.591
16904 160.51
16912 160.429
16920 160.349
16928 160.269
16936 160.19
16944 160.111
16952 160.032
16960 159.954
16968 159.877
16976 159.8
16984 159.724
16992 159.648
17000 159.573
17008 159.498
17016 159.423
17024 159.349
17032 159.276
17040 159.203
17048 159.131
17056 159.059
17064 158.988
17072 158.917
17080 158.847
17088 158.777
17096 158.708
17104 158.639
17112 158.571
17120 158.504
17128 158.437
17136 158.37
17144 158.304
17152 158.238
17160 158.174
17168 158.109
17176 158.045
17184 157.982
17192 157.919
17200 157.857
17208 157.795
17216 157.734
17224 157.673
17232 157.613
17240 157.554
17248 157.495
17256 157.436
17264 157.378
17272 157.321
17280 157.264
17288 157.208
17296 157.152
17304 157.097
17312 157.042
17320 156.988
17328 156.935
17336 156.882
17344 156.83
17352 156.778
17360 156.727
17368 156.676
17376 156.626
17384 156.576
17392 156.527
17400 156.479
17408 156.431
17416 156.384
17424 156.337
17432 156.291
17440 156.246
17448 156.201
17456 156.156
17464 156.113
17472 156.069
17480 156.027
17488 155.985
17496 155.943
17504 155.903
17512 155.862
17520 155.823
17528 155.784
17536 155.745
17544 155.707
17552 155.67
17560 155.633
17568 155.597
17576 155.562
17584 155.527
17592 155.492
17600 155.459
17608 155.425
17616 155.393
17624 155.361
17632 155.33
17640 155.299
17648 155.269
17656 155.239
17664 155.211
17672 155.182
17680 155.155
17688 155.128
17696 155.101
17704 155.075
17712 155.05
17720 155.026
17728 155.002
17736 154.978
17744 154.956
17752 154.933
17760 154.912
17768 154.891
17776 154.871
17784 154.851
17792 154.832
17800 154.814
17808 154.796
17816 154.779
17824 154.763
17832 154.747
17840 154.732
17848 154.717
17856 154.703
17864 154.69
17872 154.677
17880 154.665
17888 154.654
17896 154.643
17904 154.633
17912 154.624
17920 154.615
17928 154.607
17936 154.599
17944 154.592
17952 154.586
17960 154.58
17968 154.575
17976 154.571
17984 154.567
17992 154.564
18000 154.562
18008 154.56
18016 154.559
18024 154.559
18032 154.559
18040 154.56
18048 154.562
18056 154.564
18064 154.567
18072 154.57
18080 154.575
18088 154.58
18096 154.585
18104 154.591
18112 154.598
18120 154.606
18128 154.614
18136 154.623
18144 154.633
18152 154.643
18160 154.654
18168 154.665
18176 154.677
18184 154.69
18192 154.704
18200 154.718
18208 154.733
18216 154.749
18224 154.765
18232 154.782
18240 154.8
18248 154.818
18256 154.837
18264 154.857
18272 154.877
18280 154.898
18288 154.92
18296 154.942
18304 154.965
18312 154.989
18320 155.014
18328 155.039
18336 155.065
18344 155.091
18352 155.118
18360 155.146
18368 155.175
18376 155.204
18384 155.234
18392 155.265
18400 155.296
18408 155.328
18416 155.361
18424 155.395
18432 155.429
18440 155.464
18448 155.499
18456 155.535
18464 155.572
18472 155.61
18480 155.648
18488 155.687
18496 155.727
18504 155.768
18512 155.809
18520 155.851
18528 155.893
18536 155.937
18544 155.981
18552 156.025
18560 156.071
18568 156.117
18576 156.164
18584 156.211
18592 156.259
18600 156.308
18608 156.358
18616 156.408
18624 156.459
18632 156.511
18640 156.564
18648 156.617
18656 156.671
18664 156.726
18672 156.781
18680 156.837
18688 156.894
18696 156.951
18704 157.01
18712 157.069
18720 157.128
18728 157.189
18736 157.25
18744 157.312
18752 157.374
18760 157.437
18768 157.502
18776 157.566
18784 157.632
18792 157.698
18800 157.765
18808 157.832
18816 157.901
18824 157.97
18832 158.04
18840 158.11
18848 158.181
18856 158.253
18864 158.326
18872 158.4
18880 158.474
18888 158.549
18896 158.624
18904 158.701
18912 158.778
18920 158.856
18928 158.934
18936 159.014
18944 159.094
18952 159.174
18960 159.256
18968 159.338
18976 159.421
18984 159.505
18992 159.589
19000 159.674
19008 159.76
19016 159.847
19024 159.934
19032 160.022
19040 160.111
19048 160.201
19056 160.291
19064 160.382
19072 160.474
19080 160.566
19088 160.66
19096 160.754
19104 160.849
19112 160.944
19120 161.04
19128 161.137
19136 161.235
19144 161.333
19152 161.433
19160 161.533
19168 161.633
19176 161.735
19184 161.837
19192 161.94
19200 162.043
19208 162.148
19216 162.253
19224 162.359
19232 162.465
19240 162.573
19248 162.681
19256 162.79
19264 162.899
19272 163.01
19280 163.121
19288 163.233
19296 163.345
19304 163.459
19312 163.573
19320 163.687
19328 163.803
19336 163.919
19344 164.036
19352 164.154
19360 164.273
19368 164.392
19376 164.512
19384 164.633
19392 164.754
19400 164.877
19408 165
19416 165.123
19424 165.248
19432 165.373
19440 165.499
19448 165.626
19456 165.753
19464 165.882
19472 166.011
19480 166.14
19488 166.271
19496 166.402
19504 166.534
19512 166.667
19520 166.8
19528 166.935
19536 167.07
19544 167.205
19552 167.342
19560 167.479
19568 167.617
19576 167.756
19584 167.895
19592 168.035
19600 168.176
19608 168.318
19616 168.461
19624 168.604
19632 168.748
19640 168.892
19648 169.038
19656 169.184
19664 169.331
19672 169.479
19680 169.627
19688 169.776
19696 169.926
19704 170.077
19712 170.228
19720 170.38
19728 170.533
19736 170.687
19744 170.841
19752 170.997
19760 171.152
19768 171.309
19776 171.466
19784 171.625
19792 171.783
19800 171.943
19808 172.103
19816 172.265
19824 172.426
19832 172.589
19840 172.752
19848 172.916
19856 173.081
19864 173.247
19872 173.413
19880 173.58
19888 173.748
19896 173.916
19904 174.086
19912 174.256
19920 174.426
19928 174.598
19936 174.77
19944 174.943
19952 175.117
19960 175.291
19968 175.466
19976 175.642
19984 175.819
19992 175.996
20000 176.174
20008 176.353
20016 176.533
20024 176.713
20032 176.894
20040 177.076
20048 177.259
20056 177.442
20064 177.626
20072 177.811
20080 177.996
20088 178.182
20096 178.369
20104 178.557
20112 178.745
20120 178.935
20128 179.124
20136 179.315
20144 179.506
20152 179.698
20160 179.891
20168 180.085
20176 180.279
20184 180.474
20192 180.67
20200 180.866
20208 181.063
20216 181.261
20224 181.46
20232 181.659
20240 181.859
20248 182.06
20256 182.261
20264 182.464
20272 182.666
20280 182.87
20288 183.074
20296 183.28
20304 183.485
20312 183.692
20320 183.899
20328 184.107
20336 184.316
20344 184.525
20352 184.735
20360 184.946
20368 185.158
20376 185.37
20384 185.583
20392 185.797
20400 186.011
20408 186.226
20416 186.442
20424 186.658
20432 186.876
20440 187.094
20448 187.312
20456 187.532
20464 187.752
20472 187.972
20480 188.194
20488 188.416
20496 188.639
20504 188.862
20512 189.087
20520 189.312
20528 189.537
20536 189.764
20544 189.991
20552 190.218
20560 190.447
20568 190.676
20576 190.906
20584 191.136
20592 191.368
20600 191.6
20608 191.832
20616 192.065
20624 192.299
20632 192.534
20640 192.769
20648 193.006
20656 193.242
20664 193.48
20672 193.718
20680 193.957
20688 194.196
20696 194.436
20704 194.677
20712 194.919
20720 195.161
20728 195.404
20736 195.647
20744 195.891
20752 196.136
20760 196.382
20768 196.628
20776 196.875
20784 197.122
20792 197.371
20800 197.62
20808 197.869
20816 198.119
20824 198.37
20832 198.622
20840 198.874
20848 199.127
20856 199.381
20864 199.635
20872 199.89
20880 200.145
20888 200.401
20896 200.658
20904 200.916
20912 201.174
20920 201.433
20928 201.692
20936 201.952
20944 202.213
20952 202.474
20960 202.736
20968 202.999
20976 203.262
20984 203.526
20992 203.791
21000 204.056
21008 204.322
21016 204.589
21024 204.856
21032 205.124
21040 205.392
21048 205.661
21056 205.931
21064 206.201
21072 206.472
21080 206.743
21088 207.016
21096 207.289
21104 207.562
21112 207.836
21120 208.111
21128 208.386
21136 208.662
21144 208.938
21152 209.216
21160 209.493
21168 209.772
21176 210.051
21184 210.33
21192 210.611
21200 210.891
21208 211.173
21216 211.455
21224 211.737
21232 212.021
21240 212.304
21248 212.589
21256 212.874
21264 213.159
21272 213.446
21280 213.732
21288 214.02
21296 214.308
21304 214.596
21312 214.886
21320 215.175
21328 215.466
21336 215.756
21344 216.048
21352 216.34
21360 216.633
21368 216.926
21376 217.22
21384 217.514
21392 217.809
21400 218.104
21408 218.4
21416 218.697
21424 218.994
21432 219.292
21440 219.59
21448 219.889
21456 220.188
21464 220.488
21472 220.789
21480 221.09
21488 221.392
21496 221.694
21504 221.997
21512 222.3
21520 222.604
21528 222.908
21536 223.213
21544 223.518
21552 223.824
21560 224.131
21568 224.438
21576 224.745
21584 225.054
21592 225.362
21600 225.671
21608 225.981
21616 226.291
21624 226.602
21632 226.913
21640 227.225
21648 227.537
21656 227.85
21664 228.163
21672 228.477
21680 228.791
21688 229.106
21696 229.421
21704 229.737
21712 230.053
21720 230.37
21728 230.688
21736 231.005
21744 231.324
21752 231.642
21760 231.962
21768 232.281
21776 232.602
21784 232.922
21792 233.244
21800 233.565
21808 233.887
21816 234.21
21824 234.533
21832 234.857
21840 235.181
21848 235.505
21856 235.83
21864 236.156
21872 236.481
21880 236.808
21888 237.135
21896 237.462
21904 237.789
21912 238.118
21920 238.446
21928 238.775
21936 239.105
21944 239.435
21952 239.765
21960 240.096
21968 240.427
21976 240.759
21984 241.091
21992 241.423
22000 241.756
22008 242.089
22016 242.423
22024 242.757
22032 243.092
22040 243.427
22048 243.762
22056 244.098
22064 244.434
22072 244.771
22080 245.108
22088 245.445
22096 245.783
22104 246.122
22112 246.46
22120 246.799
22128 247.139
22136 247.478
22144 247.818
22152 248.159
22160 248.5
22168 248.841
22176 249.183
22184 249.525
22192 249.867
22200 250.21
22208 250.553
22216 250.897
22224 251.241
22232 251.585
22240 251.929
22248 252.274
22256 252.619
22264 252.965
22272 253.311
22280 253.657
22288 254.004
22296 254.351
22304 254.698
22312 255.046
22320 255.394
22328 255.742
22336 256.091
22344 256.439
22352 256.789
22360 257.138
22368 257.488
22376 257.838
22384 258.189
22392 258.539
22400 258.891
22408 259.242
22416 259.594
22424 259.946
22432 260.298
22440 260.65
22448 261.003
22456 261.356
22464 261.71
22472 262.063
22480 262.417
22488 262.771
22496 263.126
22504 263.481
22512 263.836
22520 264.191
22528 264.546
22536 264.902
22544 265.258
22552 265.614
22560 265.971
22568 266.328
22576 266.685
22584 267.042
22592 267.399
22600 267.757
22608 268.115
22616 268.473
22624 268.831
22632 269.19
22640 269.549
22648 269.908
22656 270.267
22664 270.626
22672 270.986
22680 271.346
22688 271.706
22696 272.066
22704 272.427
22712 272.787
22720 273.148
22728 273.509
22736 273.87
22744 274.231
22752 274.593
22760 274.955
22768 275.316
22776 275.678
22784 276.041
22792 276.403
22800 276.765
22808 277.128
22816 277.491
22824 277.854
22832 278.217
22840 278.58
22848 278.943
22856 279.307
22864 279.67
22872 280.034
22880 280.398
22888 280.762
22896 281.126
22904 281.49
22912 281.855
22920 282.219
22928 282.583
22936 282.948
22944 283.313
22952 283.678
22960 284.042
22968 284.407
22976 284.773
22984 285.138
22992 285.503
23000 285.868
23008 286.234
23016 286.599
23024 286.964
23032 287.33
23040 287.696
23048 288.061
23056 288.427
23064 288.793
23072 289.158
23080 289.524
23088 289.89
23096 290.256
23104 290.622
23112 290.988
23120 291.354
23128 291.72
23136 292.086
23144 292.452
23152 292.818
23160 293.184
23168 293.55
23176 293.916
23184 294.282
23192 294.648
23200 295.014
23208 295.38
23216 295.746
23224 296.112
23232 296.477
23240 296.843
23248 297.209
23256 297.575
23264 297.941
23272 298.306
23280 298.672
23288 299.037
23296 299.403
23304 299.768
23312 300.134
23320 300.499
23328 300.864
23336 301.229
23344 301.594
23352 301.959
23360 302.324
23368 302.689
23376 303.054
23384 303.418
23392 303.783
23400 304.147
23408 304.511
23416 304.875
23424 305.239
23432 305.603
23440 305.967
23448 306.331
23456 306.694
23464 307.057
23472 307.421
23480 307.784
23488 308.147
23496 308.509
23504 308.872
23512 309.234
23520 309.596
23528 309.958
23536 310.32
23544 310.682
23552 311.044
23560 311.405
23568 311.766
23576 312.127
23584 312.488
23592 312.848
23600 313.208
23608 313.569
23616 313.928
23624 314.288
23632 314.647
23640 315.007
23648 315.366
23656 315.724
23664 316.083
23672 316.441
23680 316.799
23688 317.157
23696 317.514
23704 317.871
23712 318.228
23720 318.585
23728 318.941
23736 319.297
23744 319.653
23752 320.008
23760 320.364
23768 320.719
23776 321.073
23784 321.427
23792 321.781
23800 322.135
23808 322.488
23816 322.841
23824 323.194
23832 323.546
23840 323.898
23848 324.25
23856 324.601
23864 324.952
23872 325.303
23880 325.653
23888 326.003
23896 326.352
23904 326.701
23912 327.05
23920 327.398
23928 327.746
23936 328.094
23944 328.441
23952 328.788
23960 329.134
23968 329.48
23976 329.825
23984 330.17
23992 330.515
24000 330.859
24008 331.203
24016 331.546
24024 331.889
24032 332.231
24040 332.573
24048 332.915
24056 333.256
24064 333.596
24072 333.937
24080 334.276
24088 334.615
24096 334.954
24104 335.292
24112 335.63
24120 335.967
24128 336.303
24136 336.639
24144 336.975
24152 337.31
24160 337.645
24168 337.979
24176 338.312
24184 338.645
24192 338.977
24200 339.309
24208 339.64
24216 339.971
24224 340.301
24232 340.631
24240 340.96
24248 341.288
24256 341.616
24264 341.943
24272 342.27
24280 342.596
24288 342.921
24296 343.246
24304 343.57
24312 343.893
24320 344.216
24328 344.538
24336 344.86
24344 345.181
24352 345.501
24360 345.821
24368 346.14
24376 346.458
24384 346.776
24392 347.093
24400 347.409
24408 347.725
24416 348.04
24424 348.354
24432 348.667
24440 348.98
24448 349.292
24456 349.603
24464 349.914
24472 350.224
24480 350.533
24488 350.842
24496 351.149
24504 351.456
24512 351.762
24520 352.068
24528 352.372
24536 352.676
24544 352.979
24552 353.282
24560 353.583
24568 353.884
24576 354.184
24584 354.483
24592 354.781
24600 355.079
24608 355.375
24616 355.671
24624 355.966
24632 356.26
24640 356.553
24648 356.846
24656 357.137
24664 357.428
24672 357.718
24680 358.007
24688 358.295
24696 358.582
24704 358.869
24712 359.154
24720 359.439
24728 359.722
24736 360.005
24744 360.287
24752 360.567
24760 360.847
24768 361.126
24776 361.404
24784 361.681
24792 361.958
24800 362.233
24808 362.507
24816 362.78
24824 363.052
24832 363.324
24840 363.594
24848 363.863
24856 364.132
24864 364.399
24872 364.665
24880 364.93
24888 365.194
24896 365.458
24904 365.72
24912 365.981
24920 366.241
24928 366.5
24936 366.758
24944 367.015
24952 367.27
24960 367.525
24968 367.779
24976 368.031
24984 368.283
24992 368.533
25000 368.782
25008 369.03
25016 369.277
25024 369.523
25032 369.768
25040 370.011
25048 370.254
25056 370.495
25064 370.735
25072 370.974
25080 371.212
25088 371.448
25096 371.684
25104 371.918
25112 372.151
25120 372.382
25128 372.613
25136 372.842
25144 373.071
25152 373.297
25160 373.523
25168 373.747
25176 373.971
25184 374.193
25192 374.413
25200 374.633
25208 374.851
25216 375.067
25224 375.283
25232 375.497
25240 375.71
25248 375.922
25256 376.132
25264 376.341
25272 376.549
25280 376.755
25288 376.96
25296 377.164
25304 377.366
25312 377.567
25320 377.766
25328 377.965
25336 378.161
25344 378.357
25352 378.551
25360 378.743
25368 378.934
25376 379.124
25384 379.313
25392 379.5
25400 379.685
25408 379.869
25416 380.052
25424 380.233
25432 380.413
25440 380.591
25448 380.767
25456 380.943
25464 381.117
25472 381.289
25480 381.46
25488 381.629
25496 381.797
25504 381.963
25512 382.127
25520 382.291
25528 382.452
25536 382.612
25544 382.771
25552 382.928
25560 383.083
25568 383.237
25576 383.389
25584 383.539
25592 383.688
25600 383.836
25608 383.982
25616 384.126
25624 384.268
25632 384.409
25640 384.548
25648 384.686
25656 384.822
25664 384.956
25672 385.089
25680 385.219
25688 385.349
25696 385.476
25704 385.602
25712 385.726
25720 385.848
25728 385.969
25736 386.088
25744 386.205
25752 386.321
25760 386.434
25768 386.546
25776 386.656
25784 386.765
25792 386.871
25800 386.976
25808 387.079
25816 387.18
25824 387.28
25832 387.377
25840 387.473
25848 387.567
25856 387.659
25864 387.749
25872 387.838
25880 387.924
25888 388.009
25896 388.091
25904 388.172
25912 388.251
25920 388.328
25928 388.403
25936 388.477
25944 388.548
25952 388.617
25960 388.685
25968 388.75
25976 388.814
25984 388.875
25992 388.935
26000 388.992
26008 389.048
26016 389.101
26024 389.153
26032 389.203
26040 389.25
26048 389.296
26056 389.339
26064 389.381
26072 389.42
26080 389.457
26088 389.493
26096 389.526
26104 389.557
26112 389.586
26120 389.613
26128 389.638
26136 389.66
26144 389.681
26152 389.7
26160 389.716
26168 389.73
26176 389.742
26184 389.752
26192 389.76
26200 389.765
26208 389.768
26216 389.769
26224 389.768
26232 389.765
26240 389.76
26248 389.752
26256 389.742
26264 389.73
26272 389.715
26280 389.698
26288 389.679
26296 389.658
26304 389.635
26312 389.609
26320 389.581
26328 389.55
26336 389.517
26344 389.482
26352 389.445
26360 389.405
26368 389.363
26376 389.318
26384 389.271
26392 389.222
26400 389.171
26408 389.116
26416 389.06
26424 389.001
26432 388.94
26440 388.876
26448 388.81
26456 388.741
26464 388.67
26472 388.597
26480 388.521
26488 388.443
26496 388.362
26504 388.278
26512 388.192
26520 388.104
26528 388.013
26536 387.919
26544 387.823
26552 387.725
26560 387.623
26568 387.52
26576 387.413
26584 387.305
26592 387.193
26600 387.079
26608 386.962
26616 386.843
26624 386.721
26632 386.597
26640 386.469
26648 386.34
26656 386.207
26664 386.072
26672 385.934
26680 385.793
26688 385.65
26696 385.504
26704 385.355
26712 385.204
26720 385.05
26728 384.893
26736 384.733
26744 384.571
26752 384.406
26760 384.238
26768 384.067
26776 383.893
26784 383.717
26792 383.538
26800 383.356
26808 383.171
26816 382.983
26824 382.793
26832 382.599
26840 382.403
26848 382.204
26856 382.002
26864 381.797
26872 381.589
26880 381.378
26888 381.165
26896 380.948
26904 380.728
26912 380.506
26920 380.28
26928 380.052
26936 379.821
26944 379.586
26952 379.349
26960 379.108
26968 378.865
26976 378.618
26984 378.369
26992 378.116
27000 377.86
27008 377.602
27016 377.34
27024 377.075
27032 376.807
27040 376.536
27048 376.262
27056 375.984
27064 375.704
27072 375.42
27080 375.133
27088 374.844
27096 374.55
27104 374.254
27112 373.955
27120 373.652
27128 373.346
27136 373.037
27144 372.725
27152 372.409
27160 372.09
27168 371.768
27176 371.443
27184 371.114
27192 370.782
27200 370.447
27208 370.108
27216 369.766
27224 369.421
27232 369.072
27240 368.72
27248 368.365
27256 368.007
27264 367.645
27272 367.279
27280 366.91
27288 366.538
27296 366.162
27304 365.783
27312 365.401
27320 365.015
27328 364.625
27336 364.232
27344 363.836
27352 363.436
27360 363.033
27368 362.626
27376 362.216
27384 361.802
27392 361.384
27400 360.963
27408 360.538
27416 360.11
27424 359.679
27432 359.243
27440 358.804
27448 358.362
27456 357.915
27464 357.466
27472 357.012
27480 356.555
27488 356.094
27496 355.63
27504 355.161
27512 354.69
27520 354.214
27528 353.735
27536 353.252
27544 352.765
27552 352.274
27560 351.78
27568 351.282
27576 350.78
27584 350.275
27592 349.765
27600 349.252
27608 348.735
27616 348.214
27624 347.689
27632 347.161
27640 346.628
27648 346.092
27656 345.552
27664 345.008
27672 344.46
27680 343.908
27688 343.352
27696 342.792
27704 342.228
27712 341.66
27720 341.089
27728 340.513
27736 339.933
27744 339.349
27752 338.762
27760 338.17
27768 337.574
27776 336.974
27784 336.37
27792 335.762
27800 335.15
27808 334.534
27816 333.914
27824 333.289
27832 332.661
27840 332.028
27848 331.391
27856 330.75
27864 330.105
27872 329.456
27880 328.802
27888 328.145
27896 327.483
27904 326.817
27912 326.146
27920 325.471
27928 324.793
27936 324.109
27944 323.422
27952 322.73
27960 322.034
27968 321.334
27976 320.629
27984 319.92
27992 319.206
28000 318.488
28008 317.766
28016 317.04
28024 316.309
28032 315.573
28040 314.834
28048 314.089
28056 313.341
28064 312.588
28072 311.83
28080 311.068
28088 310.301
28096 309.53
28104 308.755
28112 307.974
28120 307.19
28128 306.401
28136 305.607
28144 304.809
28152 304.006
28160 303.198
28168 302.386
28176 301.569
28184 300.748
28192 299.922
28200 299.091
28208 298.256
28216 297.416
28224 296.571
28232 295.722
28240 294.868
28248 294.009
28256 293.145
28264 292.277
28272 291.404
28280 290.526
28288 289.643
28296 288.756
28304 287.864
28312 286.967
28320 286.065
28328 285.158
28336 284.246
28344 283.33
28352 282.408
28360 281.482
28368 280.551
28376 279.615
28384 278.674
28392 277.728
28400 276.777
28408 275.821
28416 274.86
28424 273.894
28432 272.924
28440 271.948
28448 270.967
28456 269.981
28464 268.99
28472 267.994
28480 266.993
28488 265.987
28496 264.975
28504 263.959
28512 262.937
28520 261.911
28528 260.879
28536 259.842
28544 258.8
28552 257.752
28560 256.7
28568 255.642
28576 254.579
28584 253.51
28592 252.437
28600 251.358
28608 250.274
28616 249.185
28624 248.09
28632 246.99
28640 245.885
28648 244.774
28656 243.658
28664 242.537
28672 241.41
28680 240.278
28688 239.141
28696 237.998
28704 236.849
28712 235.695
28720 234.536
28728 233.371
28736 232.201
28744 231.026
28752 229.844
28760 228.658
28768 227.465
28776 226.267
28784 225.064
28792 223.855
28800 222.641
28808 221.42
28816 220.195
28824 218.963
28832 217.726
28840 216.484
28848 215.235
28856 213.981
28864 212.722
28872 211.456
28880 210.185
28888 208.908
28896 207.626
28904 206.338
28912 205.043
28920 203.744
28928 202.438
28936 201.126
28944 199.809
28952 198.486
28960 197.157
28968 195.822
28976 194.481
28984 193.135
28992 191.782
29000 190.424
29008 189.059
29016 187.689
29024 186.313
29032 184.931
29040 183.542
29048 182.148
29056 180.748
29064 179.342
29072 177.929
29080 176.511
29088 175.087
29096 173.656
29104 172.22
29112 170.777
29120 169.328
29128 167.873
29136 166.412
29144 164.945
29152 163.472
29160 161.992
29168 160.506
29176 159.014
29184 157.516
29192 156.012
29200 154.501
29208 152.984
29216 151.461
29224 149.931
29232 148.395
29240 146.853
29248 145.304
29256 143.749
29264 142.188
29272 140.62
29280 139.046
29288 137.466
29296 135.879
29304 134.286
29312 132.686
29320 131.079
29328 129.467
29336 127.847
29344 126.222
29352 124.589
29360 122.951
29368 121.305
29376 119.653
29384 117.995
29392 116.33
29400 114.658
29408 112.98
29416 111.295
29424 109.603
29432 107.905
29440 106.2
