0 213.059
8 202.633
16 192.336
24 182.167
32 172.125
40 162.21
48 152.419
56 142.754
64 133.211
72 123.791
80 114.493
88 105.315
96 96.2574
104 87.3184
112 78.4974
120 69.7934
128 61.2057
136 52.7333
144 44.3753
152 36.1308
160 27.999
168 19.9791
176 12.0701
184 4.27117
192 -3.41851
200 -10.9998
208 -18.4736
216 -25.8406
224 -33.1018
232 -40.258
240 -47.3099
248 -54.2585
256 -61.1045
264 -67.8488
272 -74.4922
280 -81.0354
288 -87.4793
296 -93.8247
304 -100.072
312 -106.223
320 -112.278
328 -118.237
336 -124.101
344 -129.872
352 -135.55
360 -141.136
368 -146.629
376 -152.033
384 -157.346
392 -162.57
400 -167.705
408 -172.753
416 -177.714
424 -182.588
432 -187.377
440 -192.081
448 -196.7
456 -201.237
464 -205.691
472 -210.062
480 -214.353
488 -218.563
496 -222.693
504 -226.744
512 -230.716
520 -234.611
528 -238.428
536 -242.169
544 -245.834
552 -249.425
560 -252.94
568 -256.383
576 -259.751
584 -263.048
592 -266.273
600 -269.426
608 -272.51
616 -275.523
624 -278.467
632 -281.343
640 -284.15
648 -286.891
656 -289.564
664 -292.172
672 -294.714
680 -297.191
688 -299.604
696 -301.954
704 -304.24
712 -306.465
720 -308.627
728 -310.728
736 -312.768
744 -314.749
752 -316.67
760 -318.532
768 -320.336
776 -322.082
784 -323.771
792 -325.403
800 -326.979
808 -328.5
816 -329.966
824 -331.378
832 -332.736
840 -334.04
848 -335.292
856 -336.491
864 -337.639
872 -338.736
880 -339.783
888 -340.779
896 -341.725
904 -342.623
912 -343.472
920 -344.273
928 -345.027
936 -345.734
944 -346.394
952 -347.009
960 -347.577
968 -348.101
976 -348.581
984 -349.016
992 -349.408
1000 -349.757
1008 -350.064
1016 -350.328
1024 -350.551
1032 -350.732
1040 -350.873
1048 -350.974
1056 -351.035
1064 -351.057
1072 -351.04
1080 -350.985
1088 -350.892
1096 -350.761
1104 -350.593
1112 -350.389
1120 -350.149
1128 -349.873
1136 -349.562
1144 -349.215
1152 -348.835
1160 -348.42
1168 -347.972
1176 -347.491
1184 -346.977
1192 -346.431
1200 -345.853
1208 -345.243
1216 -344.602
1224 -343.931
1232 -343.229
1240 -342.498
1248 -341.737
1256 -340.947
1264 -340.128
1272 -339.281
1280 -338.406
1288 -337.503
1296 -336.573
1304 -335.616
1312 -334.633
1320 -333.624
1328 -332.589
1336 -331.529
1344 -330.444
1352 -329.334
1360 -328.2
1368 -327.042
1376 -325.861
1384 -324.656
1392 -323.429
1400 -322.179
1408 -320.907
1416 -319.613
1424 -318.297
1432 -316.961
1440 -315.603
1448 -314.226
1456 -312.828
1464 -311.41
1472 -309.972
1480 -308.516
1488 -307.041
1496 -305.547
1504 -304.035
1512 -302.505
1520 -300.957
1528 -299.392
1536 -297.81
1544 -296.212
1552 -294.596
1560 -292.965
1568 -291.318
1576 -289.656
1584 -287.978
1592 -286.286
1600 -284.579
1608 -282.857
1616 -281.121
1624 -279.372
1632 -277.609
1640 -275.833
1648 -274.044
1656 -272.242
1664 -270.427
1672 -268.601
1680 -266.763
1688 -264.913
1696 -263.051
1704 -261.179
1712 -259.295
1720 -257.401
1728 -255.497
1736 -253.583
1744 -251.658
1752 -249.725
1760 -247.781
1768 -245.829
1776 -243.868
1784 -241.898
1792 -239.92
1800 -237.933
1808 -235.939
1816 -233.937
1824 -231.927
1832 -229.911
1840 -227.887
1848 -225.856
1856 -223.819
1864 -221.775
1872 -219.725
1880 -217.67
1888 -215.608
1896 -213.541
1904 -211.469
1912 -209.392
1920 -207.31
1928 -205.223
1936 -203.131
1944 -201.036
1952 -198.936
1960 -196.832
1968 -194.725
1976 -192.614
1984 -190.5
1992 -188.383
2000 -186.263
2008 -184.14
2016 -182.014
2024 -179.886
2032 -177.756
2040 -175.624
2048 -173.49
2056 -171.354
2064 -169.217
2072 -167.079
2080 -164.939
2088 -162.799
2096 -160.657
2104 -158.515
2112 -156.373
2120 -154.23
2128 -152.087
2136 -149.944
2144 -147.801
2152 -145.658
2160 -143.516
2168 -141.375
2176 -139.234
2184 -137.094
2192 -134.955
2200 -132.818
2208 -130.682
2216 -128.547
2224 -126.414
2232 -124.283
2240 -122.154
2248 -120.026
2256 -117.901
2264 -115.779
2272 -113.658
2280 -111.541
2288 -109.426
2296 -107.314
2304 -105.205
2312 -103.099
2320 -100.996
2328 -98.8965
2336 -96.8006
2344 -94.7082
2352 -92.6196
2360 -90.5349
2368 -88.4541
2376 -86.3773
2384 -84.3048
2392 -82.2365
2400 -80.1726
2408 -78.1132
2416 -76.0585
2424 -74.0085
2432 -71.9633
2440 -69.923
2448 -67.8878
2456 -65.8577
2464 -63.8329
2472 -61.8134
2480 -59.7993
2488 -57.7908
2496 -55.7878
2504 -53.7907
2512 -51.7993
2520 -49.8138
2528 -47.8344
2536 -45.861
2544 -43.8938
2552 -41.9328
2560 -39.9782
2568 -38.03
2576 -36.0884
2584 -34.1533
2592 -32.2249
2600 -30.3033
2608 -28.3884
2616 -26.4805
2624 -24.5796
2632 -22.6858
2640 -20.7991
2648 -18.9196
2656 -17.0473
2664 -15.1825
2672 -13.325
2680 -11.475
2688 -9.6326
2696 -7.79781
2704 -5.9707
2712 -4.15134
2720 -2.33979
2728 -0.536122
2736 1.25961
2744 3.04735
2752 4.82703
2760 6.59861
2768 8.36201
2776 10.1172
2784 11.8641
2792 13.6026
2800 15.3328
2808 17.0546
2816 18.7678
2824 20.4725
2832 22.1686
2840 23.8561
2848 25.5349
2856 27.205
2864 28.8663
2872 30.5188
2880 32.1624
2888 33.7971
2896 35.4229
2904 37.0397
2912 38.6474
2920 40.2461
2928 41.8357
2936 43.4162
2944 45.1388
2952 46.5495
2960 48.1023
2968 49.6459
2976 51.1801
2984 52.705
2992 54.2205
3000 55.7267
3008 57.2233
3016 58.7106
3024 60.1883
3032 61.6565
3040 63.1152
3048 64.5643
3056 66.0038
3064 67.4338
3072 68.854
3080 70.2646
3088 71.6656
3096 73.0568
3104 74.4383
3112 75.8101
3120 77.1721
3128 78.5243
3136 79.8668
3144 81.1994
3152 82.5222
3160 83.8352
3168 85.1383
3176 86.4316
3184 87.715
3192 88.9884
3200 90.252
3208 91.5057
3216 92.7495
3224 93.9833
3232 95.2072
3240 96.4211
3248 97.6251
3256 98.8192
3264 100.003
3272 101.177
3280 102.341
3288 103.496
3296 104.64
3304 105.774
3312 106.898
3320 108.012
3328 109.117
3336 110.211
3344 111.295
3352 112.369
3360 113.434
3368 114.488
3376 115.532
3384 116.567
3392 117.591
3400 118.605
3408 119.61
3416 120.604
3424 121.589
3432 122.563
3440 123.528
3448 124.483
3456 125.428
3464 126.362
3472 127.287
3480 128.203
3488 129.108
3496 130.003
3504 130.889
3512 131.764
3520 132.63
3528 133.486
3536 134.332
3544 135.169
3552 135.995
3560 136.812
3568 137.619
3576 138.417
3584 139.204
3592 139.982
3600 140.75
3608 141.509
3616 142.258
3624 142.997
3632 143.727
3640 144.447
3648 145.158
3656 145.859
3664 146.55
3672 147.232
3680 147.905
3688 148.568
3696 149.221
3704 149.865
3712 150.5
3720 151.126
3728 151.742
3736 152.348
3744 152.946
3752 153.534
3760 154.113
3768 154.682
3776 155.243
3784 155.794
3792 156.336
3800 156.869
3808 157.393
3816 157.908
3824 158.414
3832 158.911
3840 159.399
3848 159.877
3856 160.347
3864 160.808
3872 161.261
3880 161.704
3888 162.139
3896 162.564
3904 162.981
3912 163.39
3920 163.789
3928 164.181
3936 164.563
3944 164.937
3952 165.302
3960 165.659
3968 166.007
3976 166.347
3984 166.678
3992 167.002
4000 167.316
4008 167.623
4016 167.921
4024 168.211
4032 168.492
4040 168.766
4048 169.031
4056 169.289
4064 169.538
4072 169.779
4080 170.012
4088 170.238
4096 170.455
4104 170.665
4112 170.866
4120 171.06
4128 171.246
4136 171.425
4144 171.595
4152 171.758
4160 171.914
4168 172.062
4176 172.202
4184 172.335
4192 172.46
4200 172.578
4208 172.689
4216 172.792
4224 172.888
4232 172.977
4240 173.058
4248 173.133
4256 173.2
4264 173.26
4272 173.313
4280 173.359
4288 173.398
4296 173.431
4304 173.456
4312 173.475
4320 173.486
4328 173.491
4336 173.489
4344 173.481
4352 173.466
4360 173.444
4368 173.416
4376 173.381
4384 173.34
4392 173.292
4400 173.238
4408 173.178
4416 173.112
4424 173.039
4432 172.96
4440 172.875
4448 172.783
4456 172.686
4464 172.582
4472 172.473
4480 172.358
4488 172.237
4496 172.109
4504 171.977
4512 171.838
4520 171.694
4528 171.544
4536 171.388
4544 171.227
4552 171.06
4560 170.887
4568 170.71
4576 170.527
4584 170.338
4592 170.144
4600 169.945
4608 169.741
4616 169.531
4624 169.317
4632 169.097
4640 168.872
4648 168.642
4656 168.407
4664 168.168
4672 167.923
4680 167.673
4688 167.419
4696 167.16
4704 166.897
4712 166.628
4720 166.355
4728 166.078
4736 165.796
4744 165.51
4752 165.219
4760 164.924
4768 164.624
4776 164.32
4784 164.012
4792 163.7
4800 163.383
4808 163.063
4816 162.738
4824 162.409
4832 162.077
4840 161.74
4848 161.399
4856 161.055
4864 160.707
4872 160.355
4880 160
4888 159.64
4896 159.277
4904 158.911
4912 158.541
4920 158.168
4928 157.791
4936 157.41
4944 157.027
4952 156.64
4960 156.249
4968 155.856
4976 155.459
4984 155.059
4992 154.657
5000 154.251
5008 153.842
5016 153.43
5024 153.015
5032 152.597
5040 152.177
5048 151.754
5056 151.327
5064 150.899
5072 150.467
5080 150.033
5088 149.597
5096 149.158
5104 148.716
5112 148.272
5120 147.826
5128 147.377
5136 146.926
5144 146.472
5152 146.017
5160 145.559
5168 145.099
5176 144.637
5184 144.173
5192 143.707
5200 143.238
5208 142.768
5216 142.296
5224 141.823
5232 141.347
5240 140.87
5248 140.39
5256 139.91
5264 139.427
5272 138.943
5280 138.458
5288 137.97
5296 137.482
5304 136.992
5312 136.5
5320 136.007
5328 135.513
5336 135.018
5344 134.521
5352 134.023
5360 133.524
5368 133.024
5376 132.523
5384 132.02
5392 131.517
5400 131.013
5408 130.507
5416 130.001
5424 129.494
5432 128.986
5440 128.478
5448 127.968
5456 127.458
5464 126.948
5472 126.436
5480 125.924
5488 125.412
5496 124.899
5504 124.386
5512 123.872
5520 123.357
5528 122.843
5536 122.328
5544 121.813
5552 121.297
5560 120.781
5568 120.265
5576 119.749
5584 119.233
5592 118.717
5600 118.2
5608 117.684
5616 117.168
5624 116.652
5632 116.136
5640 115.62
5648 115.104
5656 114.588
5664 114.073
5672 113.558
5680 113.043
5688 112.528
5696 112.014
5704 111.501
5712 110.987
5720 110.475
5728 109.962
5736 109.451
5744 108.939
5752 108.429
5760 107.919
5768 107.41
5776 106.901
5784 106.393
5792 105.886
5800 105.38
5808 104.874
5816 104.37
5824 103.866
5832 103.363
5840 102.862
5848 102.361
5856 101.861
5864 101.362
5872 100.864
5880 100.368
5888 99.8721
5896 99.3778
5904 98.8846
5912 98.3927
5920 97.902
5928 97.4126
5936 96.9244
5944 96.4376
5952 95.9522
5960 95.4682
5968 94.9855
5976 94.5044
5984 94.0246
5992 93.5464
6000 93.0697
6008 92.5946
6016 92.121
6024 91.6491
6032 91.1788
6040 90.7101
6048 90.2431
6056 89.7779
6064 89.3143
6072 88.8526
6080 88.3926
6088 87.9344
6096 87.4781
6104 87.0236
6112 86.571
6120 86.1204
6128 85.6716
6136 85.2249
6144 84.7801
6152 84.3373
6160 83.8965
6168 83.4578
6176 83.0212
6184 82.5867
6192 82.1543
6200 81.7241
6208 81.296
6216 80.8701
6224 80.4464
6232 80.025
6240 79.6058
6248 79.1889
6256 78.7743
6264 78.362
6272 77.952
6280 77.5445
6288 77.1393
6296 76.7365
6304 76.3361
6312 75.9382
6320 75.5427
6328 75.1497
6336 74.7593
6344 74.3713
6352 73.9859
6360 73.603
6368 73.2228
6376 72.8451
6384 72.47
6392 72.0976
6400 71.7278
6408 71.3607
6416 70.9963
6424 70.6346
6432 70.2756
6440 69.9194
6448 69.5659
6456 69.2152
6464 68.8673
6472 68.5222
6480 68.1799
6488 67.8404
6496 67.5038
6504 67.1701
6512 66.8393
6520 66.5113
6528 66.1863
6536 65.8642
6544 65.5451
6552 65.2289
6560 64.9157
6568 64.6055
6576 64.2982
6584 63.994
6592 63.6929
6600 63.3947
6608 63.0997
6616 62.8077
6624 62.5188
6632 62.2329
6640 61.9502
6648 61.6706
6656 61.3942
6664 61.1209
6672 60.8507
6680 60.5837
6688 60.3199
6696 60.0593
6704 59.8019
6712 59.5477
6720 59.2967
6728 59.049
6736 58.8045
6744 58.5633
6752 58.3253
6760 58.0906
6768 57.8592
6776 57.6311
6784 57.4063
6792 57.1847
6800 56.9666
6808 56.7517
6816 56.5402
6824 56.332
6832 56.1272
6840 55.9258
6848 55.7277
6856 55.533
6864 55.3417
6872 55.1538
6880 54.9693
6888 54.7882
6896 54.6105
6904 54.4363
6912 54.2654
6920 54.098
6928 53.9341
6936 53.7736
6944 53.6165
6952 53.4629
6960 53.3128
6968 53.1661
6976 53.0229
6984 52.8832
6992 52.747
7000 52.6143
7008 52.485
7016 52.3593
7024 52.237
7032 52.1183
7040 52.0031
7048 51.8914
7056 51.7832
7064 51.6785
7072 51.5774
7080 51.4798
7088 51.3857
7096 51.2951
7104 51.2081
7112 51.1246
7120 51.0447
7128 50.9682
7136 50.8954
7144 50.8261
7152 50.7603
7160 50.6981
7168 50.6394
7176 50.5843
7184 50.5327
7192 50.4847
7200 50.4402
7208 50.3993
7216 50.3619
7224 50.3281
7232 50.2979
7240 50.2712
7248 50.248
7256 50.2284
7264 50.2124
7272 50.1999
7280 50.191
7288 50.1856
7296 50.1837
7304 50.1854
7312 50.1907
7320 50.1994
7328 50.2118
7336 50.2276
7344 50.2471
7352 50.27
7360 50.2965
7368 50.3265
7376 50.36
7384 50.397
7392 50.4376
7400 50.4817
7408 50.5293
7416 50.5804
7424 50.6351
7432 50.6932
7440 50.7548
7448 50.8199
7456 50.8886
7464 50.9607
7472 51.0363
7480 51.1153
7488 51.1979
7496 51.2839
7504 51.3734
7512 51.4663
7520 51.5627
7528 51.6625
7536 51.7658
7544 51.8725
7552 51.9827
7560 52.0962
7568 52.2132
7576 52.3336
7584 52.4574
7592 52.5847
7600 52.7153
7608 52.8493
7616 52.9866
7624 53.1274
7632 53.2715
7640 53.419
7648 53.5698
7656 53.724
7664 53.8815
7672 54.0423
7680 54.2065
7688 54.374
7696 54.5448
7704 54.7188
7712 54.8962
7720 55.0769
7728 55.2608
7736 55.448
7744 55.6384
7752 55.8321
7760 56.029
7768 56.2292
7776 56.4325
7784 56.6391
7792 56.8489
7800 57.0619
7808 57.278
7816 57.4973
7824 57.7198
7832 57.9454
7840 58.1742
7848 58.4061
7856 58.6411
7864 58.8793
7872 59.1205
7880 59.3648
7888 59.6122
7896 59.8627
7904 60.1162
7912 60.3728
7920 60.6324
7928 60.895
7936 61.1606
7944 61.4292
7952 61.7009
7960 61.9755
7968 62.253
7976 62.5335
7984 62.817
7992 63.1034
8000 63.3927
8008 63.6849
8016 63.9799
8024 64.2779
8032 64.5788
8040 64.8824
8048 65.189
8056 65.4983
8064 65.8105
8072 66.1255
8080 66.4433
8088 66.7638
8096 67.0871
8104 67.4132
8112 67.742
8120 68.0735
8128 68.4077
8136 68.7446
8144 69.0842
8152 69.4265
8160 69.7714
8168 70.1189
8176 70.4691
8184 70.8219
8192 71.1773
8200 71.5353
8208 71.8958
8216 72.2589
8224 72.6246
8232 72.9927
8240 73.3634
8248 73.7366
8256 74.1122
8264 74.4903
8272 74.8709
8280 75.2539
8288 75.6393
8296 76.0271
8304 76.4173
8312 76.8099
8320 77.2048
8328 77.6021
8336 78.0017
8344 78.4036
8352 78.8078
8360 79.2143
8368 79.6231
8376 80.0341
8384 80.4473
8392 80.8628
8400 81.2804
8408 81.7003
8416 82.1223
8424 82.5464
8432 82.9727
8440 83.4011
8448 83.8317
8456 84.2643
8464 84.6989
8472 85.1356
8480 85.5744
8488 86.0152
8496 86.458
8504 86.9027
8512 87.3494
8520 87.7981
8528 88.2487
8536 88.7013
8544 89.1557
8552 89.612
8560 90.0702
8568 90.5303
8576 90.9921
8584 91.4558
8592 91.9213
8600 92.3885
8608 92.8576
8616 93.3283
8624 93.8008
8632 94.275
8640 94.7509
8648 95.2285
8656 95.7077
8664 96.1886
8672 96.671
8680 97.1551
8688 97.6408
8696 98.1281
8704 98.6168
8712 99.1072
8720 99.599
8728 100.092
8736 100.587
8744 101.083
8752 101.581
8760 102.08
8768 102.581
8776 103.083
8784 103.586
8792 104.091
8800 104.597
8808 105.104
8816 105.613
8824 106.122
8832 106.634
8840 107.146
8848 107.659
8856 108.174
8864 108.69
8872 109.207
8880 109.726
8888 110.245
8896 110.766
8904 111.287
8912 111.81
8920 112.334
8928 112.859
8936 113.384
8944 113.911
8952 114.439
8960 114.968
8968 115.497
8976 116.028
8984 116.56
8992 117.092
9000 117.625
9008 118.159
9016 118.694
9024 119.23
9032 119.767
9040 120.304
9048 120.842
9056 121.381
9064 121.921
9072 122.461
9080 123.002
9088 123.543
9096 124.086
9104 124.629
9112 125.172
9120 125.716
9128 126.261
9136 126.806
9144 127.352
9152 127.898
9160 128.445
9168 128.992
9176 129.539
9184 130.088
9192 130.636
9200 131.185
9208 131.734
9216 132.284
9224 132.834
9232 133.384
9240 133.935
9248 134.486
9256 135.037
9264 135.588
9272 136.14
9280 136.692
9288 137.244
9296 137.796
9304 138.349
9312 138.901
9320 139.454
9328 140.006
9336 140.559
9344 141.112
9352 141.665
9360 142.218
9368 142.771
9376 143.324
9384 143.877
9392 144.43
9400 144.983
9408 145.535
9416 146.088
9424 146.641
9432 147.193
9440 147.745
9448 148.297
9456 148.849
9464 149.401
9472 149.952
9480 150.503
9488 151.054
9496 151.605
9504 152.155
9512 152.705
9520 153.254
9528 153.804
9536 154.353
9544 154.901
9552 155.449
9560 155.997
9568 156.544
9576 157.091
9584 157.637
9592 158.183
9600 158.728
9608 159.273
9616 159.817
9624 160.36
9632 160.903
9640 161.446
9648 161.988
9656 162.529
9664 163.069
9672 163.609
9680 164.148
9688 164.686
9696 165.224
9704 165.761
9712 166.297
9720 166.832
9728 167.367
9736 167.901
9744 168.433
9752 168.965
9760 169.497
9768 170.027
9776 170.556
9784 171.085
9792 171.612
9800 172.139
9808 172.665
9816 173.189
9824 173.713
9832 174.235
9840 174.757
9848 175.278
9856 175.797
9864 176.315
9872 176.833
9880 177.349
9888 177.864
9896 178.378
9904 178.891
9912 179.402
9920 179.912
9928 180.422
9936 180.929
9944 181.436
9952 181.942
9960 182.446
9968 182.949
9976 183.45
9984 183.95
9992 184.449
10000 184.947
10008 185.443
10016 185.938
10024 186.431
10032 186.923
10040 187.413
10048 187.903
10056 188.39
10064 188.876
10072 189.361
10080 189.844
10088 190.326
10096 190.806
10104 191.284
10112 191.761
10120 192.237
10128 192.711
10136 193.183
10144 193.654
10152 194.122
10160 194.59
10168 195.055
10176 195.519
10184 195.982
10192 196.442
10200 196.901
10208 197.358
10216 197.814
10224 198.267
10232 198.719
10240 199.169
10248 199.617
10256 200.064
10264 200.508
10272 200.951
10280 201.392
10288 201.831
10296 202.268
10304 202.704
10312 203.137
10320 203.568
10328 203.998
10336 204.425
10344 204.851
10352 205.275
10360 205.696
10368 206.116
10376 206.534
10384 206.949
10392 207.363
10400 207.774
10408 208.184
10416 208.591
10424 208.997
10432 209.4
10440 209.801
10448 210.2
10456 210.597
10464 210.992
10472 211.385
10480 211.775
10488 212.163
10496 212.549
10504 212.933
10512 213.315
10520 213.695
10528 214.072
10536 214.447
10544 214.82
10552 215.19
10560 215.558
10568 215.924
10576 216.288
10584 216.649
10592 217.009
10600 217.365
10608 217.72
10616 218.072
10624 218.422
10632 218.769
10640 219.114
10648 219.456
10656 219.797
10664 220.135
10672 220.47
10680 220.803
10688 221.133
10696 221.462
10704 221.787
10712 222.11
10720 222.431
10728 222.75
10736 223.065
10744 223.379
10752 223.689
10760 223.998
10768 224.304
10776 224.607
10784 224.908
10792 225.206
10800 225.501
10808 225.794
10816 226.085
10824 226.373
10832 226.658
10840 226.941
10848 227.221
10856 227.499
10864 227.774
10872 228.046
10880 228.316
10888 228.583
10896 228.847
10904 229.109
10912 229.368
10920 229.625
10928 229.879
10936 230.13
10944 230.378
10952 230.624
10960 230.867
10968 231.108
10976 231.345
10984 231.58
10992 231.812
11000 232.042
11008 232.269
11016 232.493
11024 232.714
11032 232.933
11040 233.149
11048 233.362
11056 233.572
11064 233.78
11072 233.984
11080 234.187
11088 234.386
11096 234.582
11104 234.776
11112 234.967
11120 235.155
11128 235.34
11136 235.522
11144 235.702
11152 235.879
11160 236.053
11168 236.224
11176 236.392
11184 236.558
11192 236.721
11200 236.88
11208 237.037
11216 237.192
11224 237.343
11232 237.491
11240 237.637
11248 237.78
11256 237.919
11264 238.056
11272 238.191
11280 238.322
11288 238.45
11296 238.576
11304 238.698
11312 238.818
11320 238.935
11328 239.049
11336 239.16
11344 239.268
11352 239.373
11360 239.476
11368 239.575
11376 239.672
11384 239.766
11392 239.856
11400 239.944
11408 240.029
11416 240.111
11424 240.191
11432 240.267
11440 240.34
11448 240.411
11456 240.478
11464 240.543
11472 240.605
11480 240.664
11488 240.72
11496 240.773
11504 240.823
11512 240.87
11520 240.914
11528 240.956
11536 240.994
11544 241.03
11552 241.062
11560 241.092
11568 241.119
11576 241.143
11584 241.164
11592 241.182
11600 241.197
11608 241.209
11616 241.219
11624 241.225
11632 241.229
11640 241.229
11648 241.227
11656 241.222
11664 241.214
11672 241.203
11680 241.189
11688 241.173
11696 241.153
11704 241.131
11712 241.105
11720 241.077
11728 241.046
11736 241.012
11744 240.975
11752 240.935
11760 240.893
11768 240.847
11776 240.799
11784 240.748
11792 240.694
11800 240.637
11808 240.577
11816 240.514
11824 240.449
11832 240.381
11840 240.31
11848 240.236
11856 240.159
11864 240.079
11872 239.997
11880 239.911
11888 239.823
11896 239.733
11904 239.639
11912 239.542
11920 239.443
11928 239.341
11936 239.236
11944 239.128
11952 239.018
11960 238.905
11968 238.789
11976 238.67
11984 238.548
11992 238.424
12000 238.297
12008 238.167
12016 238.035
12024 237.9
12032 237.762
12040 237.621
12048 237.478
12056 237.332
12064 237.183
12072 237.031
12080 236.877
12088 236.72
12096 236.561
12104 236.398
12112 236.233
12120 236.066
12128 235.896
12136 235.723
12144 235.547
12152 235.369
12160 235.188
12168 235.005
12176 234.819
12184 234.63
12192 234.439
12200 234.245
12208 234.049
12216 233.85
12224 233.648
12232 233.444
12240 233.238
12248 233.028
12256 232.817
12264 232.602
12272 232.386
12280 232.166
12288 231.944
12296 231.72
12304 231.493
12312 231.264
12320 231.032
12328 230.798
12336 230.561
12344 230.322
12352 230.08
12360 229.836
12368 229.59
12376 229.341
12384 229.09
12392 228.836
12400 228.58
12408 228.322
12416 228.061
12424 227.798
12432 227.532
12440 227.264
12448 226.994
12456 226.722
12464 226.447
12472 226.17
12480 225.89
12488 225.609
12496 225.325
12504 225.038
12512 224.75
12520 224.459
12528 224.166
12536 223.871
12544 223.574
12552 223.274
12560 222.972
12568 222.668
12576 222.362
12584 222.054
12592 221.743
12600 221.431
12608 221.116
12616 220.799
12624 220.48
12632 220.159
12640 219.836
12648 219.511
12656 219.184
12664 218.854
12672 218.523
12680 218.19
12688 217.854
12696 217.517
12704 217.178
12712 216.836
12720 216.493
12728 216.148
12736 215.8
12744 215.451
12752 215.1
12760 214.747
12768 214.392
12776 214.036
12784 213.677
12792 213.316
12800 212.954
12808 212.59
12816 212.224
12824 211.856
12832 211.486
12840 211.115
12848 210.742
12856 210.367
12864 209.99
12872 209.612
12880 209.231
12888 208.849
12896 208.466
12904 208.081
12912 207.694
12920 207.305
12928 206.915
12936 206.523
12944 206.129
12952 205.734
12960 205.338
12968 204.939
12976 204.54
12984 204.138
12992 203.735
13000 203.331
13008 202.925
13016 202.517
13024 202.108
13032 201.698
13040 201.286
13048 200.873
13056 200.458
13064 200.042
13072 199.624
13080 199.205
13088 198.785
13096 198.363
13104 197.94
13112 197.516
13120 197.09
13128 196.663
13136 196.235
13144 195.805
13152 195.374
13160 194.942
13168 194.509
13176 194.074
13184 193.638
13192 193.201
13200 192.763
13208 192.324
13216 191.884
13224 191.442
13232 190.999
13240 190.556
13248 190.111
13256 189.665
13264 189.218
13272 188.77
13280 188.321
13288 187.871
13296 187.42
13304 186.968
13312 186.515
13320 186.061
13328 185.606
13336 185.15
13344 184.693
13352 184.236
13360 183.777
13368 183.318
13376 182.858
13384 182.396
13392 181.935
13400 181.472
13408 181.009
13416 180.544
13424 180.079
13432 179.614
13440 179.147
13448 178.68
13456 178.212
13464 177.744
13472 177.275
13480 176.805
13488 176.334
13496 175.863
13504 175.392
13512 174.919
13520 174.446
13528 173.973
13536 173.499
13544 173.025
13552 172.55
13560 172.074
13568 171.599
13576 171.122
13584 170.645
13592 170.168
13600 169.691
13608 169.212
13616 168.734
13624 168.255
13632 167.776
13640 167.297
13648 166.817
13656 166.337
13664 165.857
13672 165.376
13680 164.895
13688 164.414
13696 163.933
13704 163.451
13712 162.969
13720 162.488
13728 162.006
13736 161.523
13744 161.041
13752 160.559
13760 160.076
13768 159.594
13776 159.111
13784 158.628
13792 158.146
13800 157.663
13808 157.18
13816 156.698
13824 156.215
13832 155.732
13840 155.25
13848 154.767
13856 154.285
13864 153.803
13872 153.321
13880 152.839
13888 152.357
13896 151.876
13904 151.394
13912 150.913
13920 150.432
13928 149.951
13936 149.471
13944 148.991
13952 148.511
13960 148.031
13968 147.552
13976 147.073
13984 146.595
13992 146.117
14000 145.639
14008 145.162
14016 144.685
14024 144.208
14032 143.732
14040 143.257
14048 142.782
14056 142.307
14064 141.833
14072 141.36
14080 140.887
14088 140.415
14096 139.943
14104 139.472
14112 139.001
14120 138.531
14128 138.062
14136 137.593
14144 137.126
14152 136.658
14160 136.192
14168 135.726
14176 135.261
14184 134.797
14192 134.333
14200 133.871
14208 133.409
14216 132.948
14224 132.487
14232 132.028
14240 131.57
14248 131.112
14256 130.655
14264 130.199
14272 129.745
14280 129.291
14288 128.838
14296 128.386
14304 127.935
14312 127.485
14320 127.036
14328 126.588
14336 126.141
14344 125.696
14352 125.251
14360 124.807
14368 124.365
14376 123.924
14384 123.483
14392 123.044
14400 122.607
14408 122.17
14416 121.735
14424 121.301
14432 120.868
14440 120.436
14448 120.006
14456 119.576
14464 119.149
14472 118.722
14480 118.297
14488 117.873
14496 117.451
14504 117.03
14512 116.61
14520 116.192
14528 115.775
14536 115.36
14544 114.946
14552 114.533
14560 114.122
14568 113.713
14576 113.305
14584 112.898
14592 112.493
14600 112.09
14608 111.688
14616 111.288
14624 110.889
14632 110.492
14640 110.097
14648 109.703
14656 109.311
14664 108.921
14672 108.532
14680 108.145
14688 107.76
14696 107.376
14704 106.994
14712 106.614
14720 106.236
14728 105.859
14736 105.485
14744 105.112
14752 104.74
14760 104.371
14768 104.004
14776 103.638
14784 103.274
14792 102.913
14800 102.553
14808 102.195
14816 101.839
14824 101.485
14832 101.133
14840 100.782
14848 100.434
14856 100.088
14864 99.7438
14872 99.4016
14880 99.0615
14888 98.7234
14896 98.3874
14904 98.0535
14912 97.7217
14920 97.3919
14928 97.0643
14936 96.7388
14944 96.4155
14952 96.0943
14960 95.7752
14968 95.4583
14976 95.1437
14984 94.8312
14992 94.5209
15000 94.2129
15008 93.9071
15016 93.6036
15024 93.3023
15032 93.0033
15040 92.7066
15048 92.4122
15056 92.1201
15064 91.8303
15072 91.5428
15080 91.2577
15088 90.975
15096 90.6946
15104 90.4166
15112 90.141
15120 89.8678
15128 89.597
15136 89.3286
15144 89.0627
15152 88.7992
15160 88.5382
15168 88.2797
15176 88.0236
15184 87.77
15192 87.519
15200 87.2704
15208 87.0244
15216 86.7809
15224 86.54
15232 86.3016
15240 86.0657
15248 85.8325
15256 85.6018
15264 85.3738
15272 85.1483
15280 84.9255
15288 84.7053
15296 84.4877
15304 84.2728
15312 84.0606
15320 83.851
15328 83.6441
15336 83.4398
15344 83.2383
15352 83.0395
15360 82.8434
15368 82.65
15376 82.4594
15384 82.2715
15392 82.0864
15400 81.904
15408 81.7244
15416 81.5476
15424 81.3735
15432 81.2023
15440 81.0339
15448 80.8683
15456 80.7055
15464 80.5455
15472 80.3884
15480 80.2342
15488 80.0828
15496 79.9343
15504 79.7886
15512 79.6458
15520 79.506
15528 79.369
15536 79.2349
15544 79.1038
15552 78.9756
15560 78.8503
15568 78.7279
15576 78.6085
15584 78.492
15592 78.3786
15600 78.268
15608 78.1605
15616 78.0559
15624 77.9543
15632 77.8558
15640 77.7602
15648 77.6676
15656 77.5781
15664 77.4916
15672 77.4081
15680 77.3277
15688 77.2503
15696 77.1759
15704 77.1046
15712 77.0364
15720 76.9713
15728 76.9092
15736 76.8502
15744 76.7943
15752 76.7415
15760 76.6918
15768 76.6452
15776 76.6017
15784 76.5613
15792 76.524
15800 76.4899
15808 76.4589
15816 76.4311
15824 76.4064
15832 76.3848
15840 76.3664
15848 76.3512
15856 76.3391
15864 76.3302
15872 76.3244
15880 76.3219
15888 76.3225
15896 76.3263
15904 76.3333
15912 76.3435
15920 76.3569
15928 76.3735
15936 76.3933
15944 76.4164
15952 76.4426
15960 76.4721
15968 76.5047
15976 76.5407
15984 76.5798
15992 76.6222
16000 76.6678
16008 76.7166
16016 76.7687
16024 76.8241
16032 76.8827
16040 76.9445
16048 77.0096
16056 77.078
16064 77.1496
16072 77.2245
16080 77.3027
16088 77.3841
16096 77.4688
16104 77.5568
16112 77.648
16120 77.7425
16128 77.8403
16136 77.9414
16144 78.0458
16152 78.1535
16160 78.2644
16168 78.3787
16176 78.4962
16184 78.617
16192 78.7411
16200 78.8685
16208 78.9992
16216 79.1332
16224 79.2705
16232 79.4111
16240 79.555
16248 79.7022
16256 79.8527
16264 80.0065
16272 80.1636
16280 80.324
16288 80.4877
16296 80.6548
16304 80.8251
16312 80.9987
16320 81.1756
16328 81.3559
16336 81.5394
16344 81.7262
16352 81.9164
16360 82.1098
16368 82.3065
16376 82.5066
16384 82.7099
16392 82.9166
16400 83.1265
16408 83.3397
16416 83.5563
16424 83.7761
16432 83.9992
16440 84.2256
16448 84.4553
16456 84.6883
16464 84.9246
16472 85.1642
16480 85.407
16488 85.6532
16496 85.9026
16504 86.1553
16512 86.4113
16520 86.6705
16528 86.933
16536 87.1988
16544 87.4679
16552 87.7402
16560 88.0158
16568 88.2946
16576 88.5767
16584 88.8621
16592 89.1507
16600 89.4425
16608 89.7376
16616 90.036
16624 90.3376
16632 90.6424
16640 90.9504
16648 91.2617
16656 91.5762
16664 91.8939
16672 92.2148
16680 92.539
16688 92.8663
16696 93.1969
16704 93.5306
16712 93.8676
16720 94.2077
16728 94.551
16736 94.8975
16744 95.2472
16752 95.6001
16760 95.9561
16768 96.3153
16776 96.6776
16784 97.0431
16792 97.4118
16800 97.7836
16808 98.1585
16816 98.5366
16824 98.9177
16832 99.3021
16840 99.6895
16848 100.08
16856 100.474
16864 100.87
16872 101.27
16880 101.673
16888 102.079
16896 102.488
16904 102.9
16912 103.315
16920 103.734
16928 104.155
16936 104.579
16944 105.007
16952 105.437
16960 105.871
16968 106.307
16976 106.746
16984 107.189
16992 107.634
17000 108.083
17008 108.534
17016 108.988
17024 109.446
17032 109.906
17040 110.369
17048 110.835
17056 111.304
17064 111.776
17072 112.251
17080 112.729
17088 113.21
17096 113.693
17104 114.18
17112 114.669
17120 115.162
17128 115.657
17136 116.155
17144 116.655
17152 117.159
17160 117.665
17168 118.175
17176 118.687
17184 119.201
17192 119.719
17200 120.239
17208 120.763
17216 121.289
17224 121.817
17232 122.349
17240 122.883
17248 123.42
17256 123.959
17264 124.501
17272 125.046
17280 125.594
17288 126.144
17296 126.697
17304 127.253
17312 127.811
17320 128.372
17328 128.935
17336 129.501
17344 130.07
17352 130.641
17360 131.215
17368 131.791
17376 132.37
17384 132.951
17392 133.535
17400 134.122
17408 134.711
17416 135.302
17424 135.896
17432 136.493
17440 137.092
17448 137.693
17456 138.297
17464 138.903
17472 139.511
17480 140.122
17488 140.736
17496 141.352
17504 141.97
17512 142.59
17520 143.213
17528 143.838
17536 144.466
17544 145.095
17552 145.727
17560 146.362
17568 146.998
17576 147.637
17584 148.278
17592 148.921
17600 149.567
17608 150.215
17616 150.864
17624 151.516
17632 152.171
17640 152.827
17648 153.486
17656 154.146
17664 154.809
17672 155.474
17680 156.141
17688 156.809
17696 157.48
17704 158.153
17712 158.829
17720 159.506
17728 160.185
17736 160.866
17744 161.549
17752 162.234
17760 162.921
17768 163.609
17776 164.3
17784 164.993
17792 165.687
17800 166.384
17808 167.082
17816 167.782
17824 168.484
17832 169.187
17840 169.893
17848 170.6
17856 171.309
17864 172.02
17872 172.732
17880 173.446
17888 174.162
17896 174.88
17904 175.599
17912 176.32
17920 177.043
17928 177.767
17936 178.493
17944 179.22
17952 179.949
17960 180.68
17968 181.412
17976 182.145
17984 182.88
17992 183.617
18000 184.355
18008 185.095
18016 185.836
18024 186.578
18032 187.322
18040 188.067
18048 188.814
18056 189.562
18064 190.311
18072 191.062
18080 191.814
18088 192.567
18096 193.322
18104 194.078
18112 194.835
18120 195.594
18128 196.353
18136 197.114
18144 197.876
18152 198.639
18160 199.404
18168 200.169
18176 200.936
18184 201.703
18192 202.472
18200 203.242
18208 204.013
18216 204.785
18224 205.558
18232 206.332
18240 207.107
18248 207.883
18256 208.66
18264 209.438
18272 210.216
18280 210.996
18288 211.777
18296 212.558
18304 213.34
18312 214.123
18320 214.907
18328 215.692
18336 216.477
18344 217.263
18352 218.05
18360 218.838
18368 219.626
18376 220.415
18384 221.205
18392 221.995
18400 222.786
18408 223.578
18416 224.37
18424 225.163
18432 225.957
18440 226.75
18448 227.545
18456 228.34
18464 229.135
18472 229.931
18480 230.727
18488 231.524
18496 232.321
18504 233.119
18512 233.917
18520 234.715
18528 235.514
18536 236.313
18544 237.113
18552 237.912
18560 238.712
18568 239.512
18576 240.313
18584 241.113
18592 241.914
18600 242.715
18608 243.516
18616 244.317
18624 245.119
18632 245.92
18640 246.722
18648 247.523
18656 248.325
18664 249.127
18672 249.929
18680 250.73
18688 251.532
18696 252.334
18704 253.135
18712 253.937
18720 254.738
18728 255.54
18736 256.341
18744 257.142
18752 257.943
18760 258.744
18768 259.544
18776 260.344
18784 261.144
18792 261.944
18800 262.743
18808 263.543
18816 264.341
18824 265.14
18832 265.938
18840 266.736
18848 267.533
18856 268.33
18864 269.126
18872 269.922
18880 270.718
18888 271.513
18896 272.308
18904 273.102
18912 273.895
18920 274.688
18928 275.48
18936 276.272
18944 277.063
18952 277.854
18960 278.643
18968 279.432
18976 280.221
18984 281.009
18992 281.796
19000 282.582
19008 283.367
19016 284.152
19024 284.936
19032 285.719
19040 286.501
19048 287.282
19056 288.063
19064 288.842
19072 289.621
19080 290.399
19088 291.175
19096 291.951
19104 292.726
19112 293.5
19120 294.272
19128 295.044
19136 295.815
19144 296.584
19152 297.353
19160 298.12
19168 298.886
19176 299.651
19184 300.415
19192 301.177
19200 301.939
19208 302.699
19216 303.458
19224 304.216
19232 304.972
19240 305.727
19248 306.481
19256 307.233
19264 307.984
19272 308.734
19280 309.482
19288 310.229
19296 310.975
19304 311.719
19312 312.461
19320 313.202
19328 313.942
19336 314.68
19344 315.416
19352 316.151
19360 316.885
19368 317.616
19376 318.346
19384 319.075
19392 319.802
19400 320.527
19408 321.251
19416 321.973
19424 322.693
19432 323.411
19440 324.128
19448 324.843
19456 325.556
19464 326.267
19472 326.977
19480 327.684
19488 328.39
19496 329.094
19504 329.796
19512 330.496
19520 331.195
19528 331.891
19536 332.585
19544 333.278
19552 333.968
19560 334.657
19568 335.343
19576 336.027
19584 336.71
19592 337.39
19600 338.068
19608 338.744
19616 339.418
19624 340.09
19632 340.76
19640 341.427
19648 342.092
19656 342.755
19664 343.416
19672 344.075
19680 344.731
19688 345.386
19696 346.037
19704 346.687
19712 347.334
19720 347.979
19728 348.622
19736 349.262
19744 349.9
19752 350.535
19760 351.169
19768 351.799
19776 352.427
19784 353.053
19792 353.677
19800 354.297
19808 354.916
19816 355.532
19824 356.145
19832 356.756
19840 357.364
19848 357.97
19856 358.573
19864 359.173
19872 359.771
19880 360.366
19888 360.959
19896 361.549
19904 362.136
19912 362.721
19920 363.303
19928 363.882
19936 364.458
19944 365.032
19952 365.603
19960 366.171
19968 366.737
19976 367.299
19984 367.859
19992 368.416
20000 368.97
20008 369.522
20016 370.07
20024 370.616
20032 371.159
20040 371.698
20048 372.235
20056 372.769
20064 373.3
20072 373.828
20080 374.354
20088 374.876
20096 375.395
20104 375.911
20112 376.424
20120 376.934
20128 377.441
20136 377.946
20144 378.447
20152 378.944
20160 379.439
20168 379.931
20176 380.42
20184 380.905
20192 381.388
20200 381.867
20208 382.343
20216 382.816
20224 383.286
20232 383.752
20240 384.215
20248 384.676
20256 385.133
20264 385.586
20272 386.037
20280 386.484
20288 386.928
20296 387.369
20304 387.806
20312 388.24
20320 388.671
20328 389.099
20336 389.523
20344 389.944
20352 390.361
20360 390.775
20368 391.186
20376 391.594
20384 391.998
20392 392.398
20400 392.796
20408 393.19
20416 393.58
20424 393.967
20432 394.351
20440 394.731
20448 395.108
20456 395.481
20464 395.851
20472 396.217
20480 396.58
20488 396.939
20496 397.295
20504 397.648
20512 397.996
20520 398.342
20528 398.684
20536 399.022
20544 399.357
20552 399.688
20560 400.016
20568 400.34
20576 400.66
20584 400.977
20592 401.29
20600 401.6
20608 401.906
20616 402.209
20624 402.508
20632 402.803
20640 403.095
20648 403.383
20656 403.668
20664 403.949
20672 404.226
20680 404.499
20688 404.769
20696 405.035
20704 405.298
20712 405.557
20720 405.812
20728 406.064
20736 406.312
20744 406.556
20752 406.797
20760 407.033
20768 407.267
20776 407.496
20784 407.722
20792 407.944
20800 408.162
20808 408.377
20816 408.587
20824 408.795
20832 408.998
20840 409.198
20848 409.394
20856 409.586
20864 409.774
20872 409.959
20880 410.14
20888 410.317
20896 410.491
20904 410.661
20912 410.827
20920 410.989
20928 411.147
20936 411.302
20944 411.453
20952 411.6
20960 411.744
20968 411.883
20976 412.019
20984 412.152
20992 412.28
21000 412.405
21008 412.525
21016 412.643
21024 412.756
21032 412.865
21040 412.971
21048 413.073
21056 413.172
21064 413.266
21072 413.357
21080 413.444
21088 413.527
21096 413.606
21104 413.682
21112 413.754
21120 413.822
21128 413.886
21136 413.947
21144 414.004
21152 414.057
21160 414.106
21168 414.152
21176 414.194
21184 414.232
21192 414.266
21200 414.297
21208 414.324
21216 414.347
21224 414.366
21232 414.382
21240 414.394
21248 414.402
21256 414.407
21264 414.408
21272 414.405
21280 414.398
21288 414.388
21296 414.374
21304 414.356
21312 414.335
21320 414.309
21328 414.281
21336 414.248
21344 414.212
21352 414.172
21360 414.129
21368 414.081
21376 414.031
21384 413.976
21392 413.918
21400 413.856
21408 413.791
21416 413.722
21424 413.649
21432 413.573
21440 413.493
21448 413.41
21456 413.323
21464 413.232
21472 413.138
21480 413.04
21488 412.939
21496 412.834
21504 412.725
21512 412.613
21520 412.498
21528 412.378
21536 412.256
21544 412.13
21552 412
21560 411.867
21568 411.73
21576 411.59
21584 411.447
21592 411.3
21600 411.149
21608 410.995
21616 410.838
21624 410.677
21632 410.513
21640 410.345
21648 410.174
21656 410
21664 409.822
21672 409.641
21680 409.456
21688 409.268
21696 409.077
21704 408.883
21712 408.685
21720 408.484
21728 408.279
21736 408.072
21744 407.861
21752 407.646
21760 407.429
21768 407.208
21776 406.984
21784 406.757
21792 406.527
21800 406.293
21808 406.057
21816 405.817
21824 405.574
21832 405.328
21840 405.078
21848 404.826
21856 404.57
21864 404.312
21872 404.05
21880 403.786
21888 403.518
21896 403.247
21904 402.973
21912 402.696
21920 402.417
21928 402.134
21936 401.848
21944 401.56
21952 401.268
21960 400.974
21968 400.676
21976 400.376
21984 400.073
21992 399.767
22000 399.458
22008 399.146
22016 398.832
22024 398.515
22032 398.195
22040 397.872
22048 397.546
22056 397.218
22064 396.887
22072 396.553
22080 396.217
22088 395.878
22096 395.536
22104 395.192
22112 394.845
22120 394.496
22128 394.144
22136 393.789
22144 393.432
22152 393.072
22160 392.71
22168 392.345
22176 391.978
22184 391.609
22192 391.237
22200 390.862
22208 390.486
22216 390.106
22224 389.725
22232 389.341
22240 388.955
22248 388.566
22256 388.176
22264 387.782
22272 387.387
22280 386.99
22288 386.59
22296 386.188
22304 385.784
22312 385.378
22320 384.97
22328 384.559
22336 384.147
22344 383.732
22352 383.316
22360 382.897
22368 382.476
22376 382.054
22384 381.629
22392 381.203
22400 380.775
22408 380.344
22416 379.912
22424 379.478
22432 379.042
22440 378.605
22448 378.165
22456 377.724
22464 377.281
22472 376.837
22480 376.39
22488 375.942
22496 375.493
22504 375.042
22512 374.589
22520 374.134
22528 373.678
22536 373.221
22544 372.762
22552 372.301
22560 371.839
22568 371.376
22576 370.911
22584 370.445
22592 369.977
22600 369.508
22608 369.038
22616 368.566
22624 368.094
22632 367.62
22640 367.144
22648 366.668
22656 366.19
22664 365.711
22672 365.231
22680 364.75
22688 364.268
22696 363.785
22704 363.301
22712 362.815
22720 362.329
22728 361.842
22736 361.354
22744 360.865
22752 360.375
22760 359.884
22768 359.393
22776 358.901
22784 358.407
22792 357.914
22800 357.419
22808 356.924
22816 356.428
22824 355.931
22832 355.434
22840 354.936
22848 354.438
22856 353.939
22864 353.44
22872 352.94
22880 352.44
22888 351.939
22896 351.438
22904 350.936
22912 350.434
22920 349.932
22928 349.43
22936 348.927
22944 348.424
22952 347.921
22960 347.418
22968 346.914
22976 346.41
22984 345.907
22992 345.403
23000 344.899
23008 344.395
23016 343.891
23024 343.387
23032 342.884
23040 342.38
23048 341.876
23056 341.373
23064 340.87
23072 340.367
23080 339.864
23088 339.361
23096 338.859
23104 338.357
23112 337.856
23120 337.355
23128 336.854
23136 336.353
23144 335.854
23152 335.354
23160 334.855
23168 334.357
23176 333.859
23184 333.362
23192 332.866
23200 332.37
23208 331.875
23216 331.38
23224 330.887
23232 330.394
23240 329.902
23248 329.411
23256 328.92
23264 328.431
23272 327.943
23280 327.455
23288 326.968
23296 326.483
23304 325.998
23312 325.515
23320 325.033
23328 324.552
23336 324.072
23344 323.593
23352 323.115
23360 322.639
23368 322.164
23376 321.69
23384 321.218
23392 320.747
23400 320.277
23408 319.809
23416 319.342
23424 318.877
23432 318.413
23440 317.951
23448 317.49
23456 317.031
23464 316.574
23472 316.118
23480 315.664
23488 315.212
23496 314.762
23504 314.313
23512 313.866
23520 313.421
23528 312.978
23536 312.536
23544 312.097
23552 311.66
23560 311.224
23568 310.791
23576 310.36
23584 309.931
23592 309.503
23600 309.078
23608 308.656
23616 308.235
23624 307.817
23632 307.401
23640 306.987
23648 306.575
23656 306.166
23664 305.76
23672 305.355
23680 304.953
23688 304.554
23696 304.157
23704 303.762
23712 303.371
23720 302.981
23728 302.595
23736 302.211
23744 301.829
23752 301.451
23760 301.075
23768 300.701
23776 300.331
23784 299.963
23792 299.599
23800 299.237
23808 298.878
23816 298.522
23824 298.169
23832 297.819
23840 297.472
23848 297.128
23856 296.787
23864 296.449
23872 296.114
23880 295.783
23888 295.454
23896 295.129
23904 294.807
23912 294.488
23920 294.173
23928 293.861
23936 293.552
23944 293.247
23952 292.945
23960 292.647
23968 292.352
23976 292.06
23984 291.772
23992 291.488
24000 291.207
24008 290.93
24016 290.656
24024 290.386
24032 290.12
24040 289.857
24048 289.599
24056 289.344
24064 289.092
24072 288.845
24080 288.601
24088 288.361
24096 288.125
24104 287.894
24112 287.666
24120 287.441
24128 287.221
24136 287.005
24144 286.793
24152 286.586
24160 286.382
24168 286.182
24176 285.987
24184 285.795
24192 285.608
24200 285.425
24208 285.246
24216 285.072
24224 284.902
24232 284.736
24240 284.575
24248 284.418
24256 284.265
24264 284.117
24272 283.973
24280 283.833
24288 283.698
24296 283.568
24304 283.442
24312 283.321
24320 283.204
24328 283.092
24336 282.985
24344 282.882
24352 282.784
24360 282.69
24368 282.602
24376 282.517
24384 282.438
24392 282.364
24400 282.294
24408 282.229
24416 282.169
24424 282.114
24432 282.064
24440 282.018
24448 281.978
24456 281.942
24464 281.912
24472 281.886
24480 281.866
24488 281.85
24496 281.84
24504 281.834
24512 281.834
24520 281.839
24528 281.849
24536 281.864
24544 281.884
24552 281.909
24560 281.94
24568 281.976
24576 282.017
24584 282.063
24592 282.114
24600 282.171
24608 282.233
24616 282.301
24624 282.373
24632 282.451
24640 282.535
24648 282.624
24656 282.718
24664 282.817
24672 282.922
24680 283.033
24688 283.149
24696 283.27
24704 283.397
24712 283.53
24720 283.667
24728 283.811
24736 283.96
24744 284.114
24752 284.274
24760 284.44
24768 284.611
24776 284.788
24784 284.971
24792 285.159
24800 285.353
24808 285.552
24816 285.757
24824 285.968
24832 286.184
24840 286.406
24848 286.634
24856 286.868
24864 287.107
24872 287.352
24880 287.603
24888 287.859
24896 288.121
24904 288.39
24912 288.663
24920 288.943
24928 289.228
24936 289.52
24944 289.817
24952 290.119
24960 290.428
24968 290.743
24976 291.063
24984 291.389
24992 291.721
25000 292.059
25008 292.403
25016 292.752
25024 293.108
25032 293.469
25040 293.837
25048 294.21
25056 294.589
25064 294.974
25072 295.364
25080 295.761
25088 296.164
25096 296.572
25104 296.987
25112 297.407
25120 297.833
25128 298.265
25136 298.703
25144 299.147
25152 299.597
25160 300.053
25168 300.515
25176 300.982
25184 301.456
25192 301.935
25200 302.42
25208 302.912
25216 303.409
25224 303.912
25232 304.421
25240 304.935
25248 305.456
25256 305.983
25264 306.515
25272 307.053
25280 307.598
25288 308.148
25296 308.704
25304 309.265
25312 309.833
25320 310.406
25328 310.986
25336 311.571
25344 312.162
25352 312.758
25360 313.361
25368 313.969
25376 314.583
25384 315.203
25392 315.829
25400 316.46
25408 317.098
25416 317.741
25424 318.389
25432 319.044
25440 319.704
25448 320.369
25456 321.041
25464 321.718
25472 322.401
25480 323.089
25488 323.783
25496 324.483
25504 325.188
25512 325.899
25520 326.615
25528 327.337
25536 328.065
25544 328.798
25552 329.537
25560 330.281
25568 331.03
25576 331.785
25584 332.545
25592 333.311
25600 334.082
25608 334.859
25616 335.641
25624 336.428
25632 337.221
25640 338.019
25648 338.822
25656 339.63
25664 340.444
25672 341.263
25680 342.087
25688 342.916
25696 343.751
25704 344.59
25712 345.435
25720 346.285
25728 347.139
25736 347.999
25744 348.864
25752 349.734
25760 350.608
25768 351.488
25776 352.372
25784 353.262
25792 354.156
25800 355.055
25808 355.959
25816 356.867
25824 357.78
25832 358.698
25840 359.621
25848 360.548
25856 361.48
25864 362.416
25872 363.357
25880 364.303
25888 365.252
25896 366.207
25904 367.165
25912 368.128
25920 369.096
25928 370.067
25936 371.043
25944 372.023
25952 373.008
25960 373.996
25968 374.989
25976 375.985
25984 376.986
25992 377.991
26000 378.999
26008 380.012
26016 381.028
26024 382.049
26032 383.073
26040 384.101
26048 385.132
26056 386.167
26064 387.206
26072 388.249
26080 389.295
26088 390.344
26096 391.397
26104 392.453
26112 393.513
26120 394.576
26128 395.642
26136 396.712
26144 397.785
26152 398.86
26160 399.939
26168 401.021
26176 402.106
26184 403.194
26192 404.285
26200 405.379
26208 406.475
26216 407.574
26224 408.676
26232 409.781
26240 410.888
26248 411.997
26256 413.109
26264 414.224
26272 415.341
26280 416.46
26288 417.582
26296 418.705
26304 419.831
26312 420.959
26320 422.089
26328 423.221
26336 424.355
26344 425.491
26352 426.628
26360 427.767
26368 428.909
26376 430.051
26384 431.195
26392 432.341
26400 433.488
26408 434.637
26416 435.787
26424 436.938
26432 438.09
26440 439.244
26448 440.398
26456 441.554
26464 442.71
26472 443.868
26480 445.026
26488 446.185
26496 447.344
26504 448.505
26512 449.665
26520 450.827
26528 451.988
26536 453.15
26544 454.313
26552 455.475
26560 456.638
26568 457.8
26576 458.963
26584 460.126
26592 461.288
26600 462.45
26608 463.612
26616 464.774
26624 465.935
26632 467.095
26640 468.255
26648 469.414
26656 470.573
26664 471.731
26672 472.887
26680 474.043
26688 475.198
26696 476.352
26704 477.504
26712 478.655
26720 479.805
26728 480.953
26736 482.1
26744 483.245
26752 484.389
26760 485.531
26768 486.671
26776 487.809
26784 488.944
26792 490.078
26800 491.21
26808 492.339
26816 493.466
26824 494.591
26832 495.713
26840 496.833
26848 497.949
26856 499.063
26864 500.174
26872 501.283
26880 502.388
26888 503.49
26896 504.589
26904 505.684
26912 506.776
26920 507.865
26928 508.95
26936 510.031
26944 511.109
26952 512.182
26960 513.252
26968 514.318
26976 515.379
26984 516.437
26992 517.49
27000 518.539
27008 519.583
27016 520.622
27024 521.657
27032 522.687
27040 523.712
27048 524.733
27056 525.748
27064 526.758
27072 527.762
27080 528.762
27088 529.755
27096 530.744
27104 531.726
27112 532.703
27120 533.674
27128 534.639
27136 535.598
27144 536.551
27152 537.497
27160 538.437
27168 539.371
27176 540.298
27184 541.218
27192 542.132
27200 543.038
27208 543.938
27216 544.83
27224 545.716
27232 546.594
27240 547.464
27248 548.328
27256 549.183
27264 550.031
27272 550.871
27280 551.703
27288 552.527
27296 553.342
27304 554.15
27312 554.949
27320 555.74
27328 556.522
27336 557.295
27344 558.059
27352 558.815
27360 559.562
27368 560.299
27376 561.027
27384 561.746
27392 562.455
27400 563.155
27408 563.845
27416 564.525
27424 565.195
27432 565.855
27440 566.506
27448 567.145
27456 567.775
27464 568.394
27472 569.002
27480 569.599
27488 570.186
27496 570.762
27504 571.327
27512 571.88
27520 572.422
27528 572.953
27536 573.472
27544 573.98
27552 574.476
27560 574.96
27568 575.432
27576 575.892
27584 576.339
27592 576.774
27600 577.197
27608 577.607
27616 578.005
27624 578.389
27632 578.761
27640 579.12
27648 579.465
27656 579.797
27664 580.116
27672 580.421
27680 580.713
27688 580.99
27696 581.254
27704 581.504
27712 581.74
27720 581.961
27728 582.168
27736 582.36
27744 582.538
27752 582.701
27760 582.85
27768 582.983
27776 583.101
27784 583.204
27792 583.291
27800 583.363
27808 583.42
27816 583.461
27824 583.486
27832 583.495
27840 583.487
27848 583.464
27856 583.424
27864 583.368
27872 583.295
27880 583.206
27888 583.1
27896 582.977
27904 582.836
27912 582.679
27920 582.504
27928 582.312
27936 582.102
27944 581.875
27952 581.629
27960 581.366
27968 581.085
27976 580.786
27984 580.468
27992 580.132
28000 579.777
28008 579.404
28016 579.012
28024 578.601
28032 578.171
28040 577.722
28048 577.254
28056 576.766
28064 576.259
28072 575.732
28080 575.186
28088 574.619
28096 574.033
28104 573.426
28112 572.799
28120 572.152
28128 571.484
28136 570.796
28144 570.087
28152 569.357
28160 568.607
28168 567.835
28176 567.042
28184 566.227
28192 565.392
28200 564.534
28208 563.656
28216 562.755
28224 561.832
28232 560.887
28240 559.921
28248 558.932
28256 557.92
28264 556.886
28272 555.83
28280 554.751
28288 553.649
28296 552.524
28304 551.376
28312 550.204
28320 549.01
28328 547.792
28336 546.55
28344 545.285
28352 543.997
28360 542.684
28368 541.347
28376 539.987
28384 538.602
28392 537.192
28400 535.759
28408 534.301
28416 532.818
28424 531.311
28432 529.778
28440 528.221
28448 526.639
28456 525.031
28464 523.398
28472 521.74
28480 520.057
28488 518.347
28496 516.613
28504 514.852
28512 513.065
28520 511.253
28528 509.414
28536 507.549
28544 505.658
28552 503.74
28560 501.796
28568 499.826
28576 497.828
28584 495.804
28592 493.753
28600 491.675
28608 489.57
28616 487.438
28624 485.278
28632 483.092
28640 480.877
28648 478.635
28656 476.366
28664 474.069
28672 471.744
28680 469.391
28688 467.01
28696 464.601
28704 462.164
28712 459.699
28720 457.205
28728 454.683
28736 452.132
28744 449.553
28752 446.946
28760 444.309
28768 441.644
28776 438.95
28784 436.227
28792 433.474
28800 430.693
28808 427.883
28816 425.043
28824 422.174
28832 419.276
28840 416.348
28848 413.391
28856 410.404
28864 407.387
28872 404.341
28880 401.265
28888 398.159
28896 395.023
28904 391.857
28912 388.661
28920 385.435
28928 382.179
28936 378.893
28944 375.576
28952 372.229
28960 368.852
28968 365.445
28976 362.007
28984 358.538
28992 355.039
29000 351.509
29008 347.949
29016 344.358
29024 340.737
29032 337.084
29040 333.401
29048 329.687
29056 325.942
29064 322.166
29072 318.359
29080 314.522
29088 310.653
29096 306.754
29104 302.823
29112 298.861
29120 294.868
29128 290.844
29136 286.789
29144 282.703
29152 278.586
29160 274.437
29168 270.258
29176 266.047
29184 261.805
29192 257.532
29200 253.227
29208 248.891
29216 244.525
29224 240.127
29232 235.697
29240 231.237
29248 226.745
29256 222.222
29264 217.668
29272 213.083
29280 208.466
29288 203.819
29296 199.14
29304 194.43
29312 189.689
29320 184.917
29328 180.114
29336 175.28
29344 170.415
29352 165.519
29360 160.593
29368 155.635
29376 150.646
29384 145.627
29392 140.577
29400 135.496
29408 130.384
29416 125.242
29424 120.07
29432 114.867
29440 109.633
29448 104.369
29456 99.0745
29464 93.7499
29472 88.395
29480 83.0101
29488 77.595
29496 72.15
29504 66.6751
29512 61.1703
29520 55.6358
29528 50.0716
29536 44.4778
29544 38.8545
29552 33.2018
29560 27.5198
29568 21.8086
29576 16.0683
29584 10.299
29592 4.50071
29600 -1.32633
29608 -7.18206
29616 -13.0664
29624 -18.9791
29632 -24.9202
29640 -30.8896
29648 -36.887
29656 -42.9124
29664 -48.9656
29672 -55.0465
29680 -61.155
29688 -67.2909
29696 -73.4541
29704 -79.6444
29712 -85.8618
29720 -92.1059
29728 -98.3767
29736 -104.674
29744 -110.998
29752 -117.348
29760 -123.724
29768 -130.125
29776 -136.553
29784 -143.006
29792 -149.484
29800 -155.987
29808 -162.516
29816 -169.069
29824 -175.647
29832 -182.249
29840 -188.875
29848 -195.525
29856 -202.199
29864 -208.896
29872 -215.617
29880 -222.361
29888 -229.128
29896 -235.917
29904 -242.729
29912 -249.563
29920 -256.418
29928 -263.296
29936 -270.195
29944 -277.115
29952 -284.056
29960 -291.018
29968 -298
29976 -305.003
29984 -312.025
29992 -319.067
30000 -326.128
30008 -333.208
30016 -340.307
30024 -347.425
30032 -354.56
30040 -361.714
30048 -368.885
30056 -376.073
30064 -383.279
30072 -390.501
30080 -397.739
30088 -404.993
30096 -412.263
30104 -419.548
30112 -426.848
30120 -434.163
30128 -441.492
30136 -448.836
30144 -456.192
30152 -463.562
30160 -470.945
30168 -478.34
30176 -485.748
30184 -493.167
30192 -500.597
30200 -508.038
30208 -515.49
30216 -522.952
30224 -530.424
30232 -537.905
30240 -545.396
30248 -552.894
30256 -560.401
30264 -567.915
30272 -575.437
30280 -582.965
30288 -590.5
30296 -598.04
30304 -605.586
30312 -613.137
30320 -620.693
30328 -628.252
30336 -635.815
30344 -643.381
30352 -650.949
30360 -658.52
30368 -666.092
30376 -673.665
30384 -681.239
30392 -688.813
30400 -696.386
30408 -703.959
30416 -711.529
30424 -719.098
30432 -726.664
30440 -734.227
30448 -741.786
30456 -749.341
30464 -756.89
30472 -764.435
30480 -771.973
30488 -779.505
30496 -787.029
30504 -794.546
30512 -802.054
30520 -809.553
30528 -817.042
30536 -824.522
30544 -831.99
30552 -839.446
30560 -846.891
30568 -854.322
30576 -861.74
30584 -869.144
30592 -876.533
30600 -883.906
30608 -891.263
30616 -898.603
30624 -905.926
30632 -913.23
30640 -920.515
30648 -927.781
30656 -935.025
30664 -942.249
30672 -949.451
30680 -956.63
30688 -963.785
30696 -970.916
30704 -978.022
30712 -985.103
30720 -992.156
30728 -999.183
30736 -1006.18
30744 -1013.15
30752 -1020.09
30760 -1027
30768 -1033.88
30776 -1040.72
30784 -1047.53
30792 -1054.31
30800 -1061.05
30808 -1067.76
30816 -1074.43
30824 -1081.06
30832 -1087.66
30840 -1094.22
30848 -1100.73
30856 -1107.21
30864 -1113.64
30872 -1120.03
30880 -1126.37
30888 -1132.67
30896 -1138.93
30904 -1145.14
30912 -1151.3
30920 -1157.41
30928 -1163.47
30936 -1169.48
30944 -1175.44
30952 -1181.34
30960 -1187.2
30968 -1193
30976 -1198.74
30984 -1204.42
30992 -1210.05
31000 -1215.62
31008 -1221.12
31016 -1226.57
31024 -1231.96
31032 -1237.28
31040 -1242.53
31048 -1247.72
31056 -1252.85
31064 -1257.9
31072 -1262.89
31080 -1267.8
31088 -1272.65
31096 -1277.42
31104 -1282.12
31112 -1286.74
31120 -1291.29
31128 -1295.76
31136 -1300.15
31144 -1304.46
31152 -1308.69
31160 -1312.83
31168 -1316.9
31176 -1320.87
31184 -1324.77
31192 -1328.57
31200 -1332.28
31208 -1335.91
31216 -1339.44
31224 -1342.88
31232 -1346.23
31240 -1349.48
31248 -1352.63
31256 -1355.68
31264 -1358.64
31272 -1361.49
31280 -1364.24
31288 -1366.89
31296 -1369.43
31304 -1371.86
31312 -1374.19
31320 -1376.4
31328 -1378.51
31336 -1380.5
31344 -1382.37
31352 -1384.13
31360 -1385.77
31368 -1387.3
31376 -1388.7
31384 -1389.98
31392 -1391.14
31400 -1392.17
31408 -1393.07
31416 -1393.85
31424 -1394.49
31432 -1395
31440 -1395.38
31448 -1395.63
31456 -1395.74
31464 -1395.7
31472 -1395.53
31480 -1395.22
31488 -1394.76
31496 -1394.16
31504 -1393.41
31512 -1392.51
31520 -1391.46
31528 -1390.26
31536 -1388.9
31544 -1387.38
31552 -1385.71
31560 -1383.88
31568 -1381.89
31576 -1379.73
31584 -1377.41
31592 -1374.92
31600 -1372.26
31608 -1369.43
31616 -1366.43
31624 -1363.25
31632 -1359.89
31640 -1356.36
31648 -1352.64
31656 -1348.74
31664 -1344.66
31672 -1340.38
31680 -1335.92
31688 -1331.27
31696 -1326.43
31704 -1321.39
31712 -1316.15
31720 -1310.71
31728 -1305.07
31736 -1299.22
31744 -1293.17
31752 -1286.91
31760 -1280.45
31768 -1273.76
31776 -1266.87
31784 -1259.75
31792 -1252.42
31800 -1244.86
31808 -1237.08
31816 -1229.08
31824 -1220.84
31832 -1212.38
31840 -1203.68
31848 -1194.74
31856 -1185.57
31864 -1176.16
31872 -1166.5
31880 -1156.6
31888 -1146.45
31896 -1136.05
31904 -1125.39
31912 -1114.49
31920 -1103.32
31928 -1091.9
31936 -1080.21
31944 -1068.25
31952 -1056.03
31960 -1043.54
31968 -1030.77
31976 -1017.73
31984 -1004.41
31992 -990.806
32000 -976.92
32008 -962.748
32016 -948.287
32024 -933.534
32032 -918.486
32040 -903.14
32048 -887.494
32056 -871.545
32064 -855.29
32072 -838.726
32080 -821.851
32088 -804.661
32096 -787.154
32104 -769.326
32112 -751.175
32120 -732.698
32128 -713.892
32136 -694.753
32144 -675.279
32152 -655.467
32160 -635.314
32168 -614.816
32176 -593.971
32184 -572.776
32192 -551.227
32200 -529.321
32208 -507.055
32216 -484.426
32224 -461.43
32232 -438.065
32240 -414.327
32248 -390.213
32256 -365.72
32264 -340.844
32272 -315.582
32280 -289.931
32288 -263.887
32296 -237.447
32304 -210.607
32312 -183.365
32320 -155.716
32328 -127.657
32336 -99.1855
32344 -70.2966
32352 -40.9875
32360 -11.2544
32368 18.9062
32376 49.4979
32384 80.5243
32392 113.992
