0 2114.88
8 2120.26
16 2125.6
24 2130.91
32 2136.17
40 2141.4
48 2146.59
56 2151.75
64 2156.86
72 2161.95
80 2166.99
88 2172
96 2176.97
104 2181.91
112 2186.8
120 2191.67
128 2196.5
136 2201.29
144 2206.04
152 2210.76
160 2215.45
168 2220.1
176 2224.71
184 2229.29
192 2233.83
200 2238.34
208 2242.82
216 2247.26
224 2251.66
232 2256.03
240 2260.37
248 2264.67
256 2268.94
264 2273.17
272 2277.37
280 2281.54
288 2285.67
296 2289.77
304 2293.84
312 2297.87
320 2301.87
328 2305.83
336 2309.77
344 2313.67
352 2317.53
360 2321.37
368 2325.17
376 2328.94
384 2332.67
392 2336.38
400 2340.05
408 2343.69
416 2347.3
424 2350.88
432 2354.42
440 2357.93
448 2361.42
456 2364.87
464 2368.28
472 2371.67
480 2375.03
488 2378.35
496 2381.65
504 2384.91
512 2388.14
520 2391.35
528 2394.52
536 2397.66
544 2400.77
552 2403.85
560 2406.9
568 2409.92
576 2412.91
584 2415.88
592 2418.81
600 2421.71
608 2424.58
616 2427.42
624 2430.24
632 2433.02
640 2435.78
648 2438.51
656 2441.2
664 2443.87
672 2446.51
680 2449.12
688 2451.71
696 2454.26
704 2456.79
712 2459.29
720 2461.76
728 2464.2
736 2466.62
744 2469
752 2471.36
760 2473.69
768 2476
776 2478.28
784 2480.53
792 2482.75
800 2484.94
808 2487.11
816 2489.25
824 2491.37
832 2493.46
840 2495.52
848 2497.55
856 2499.56
864 2501.54
872 2503.5
880 2505.43
888 2507.33
896 2509.21
904 2511.06
912 2512.89
920 2514.69
928 2516.46
936 2518.21
944 2519.94
952 2521.64
960 2523.31
968 2524.96
976 2526.58
984 2528.18
992 2529.76
1000 2531.31
1008 2532.83
1016 2534.33
1024 2535.81
1032 2537.26
1040 2538.69
1048 2540.09
1056 2541.47
1064 2542.83
1072 2544.16
1080 2545.46
1088 2546.75
1096 2548.01
1104 2549.25
1112 2550.46
1120 2551.65
1128 2552.82
1136 2553.96
1144 2555.08
1152 2556.18
1160 2557.25
1168 2558.3
1176 2559.33
1184 2560.34
1192 2561.32
1200 2562.29
1208 2563.23
1216 2564.14
1224 2565.04
1232 2565.91
1240 2566.76
1248 2567.59
1256 2568.4
1264 2569.18
1272 2569.95
1280 2570.69
1288 2571.41
1296 2572.11
1304 2572.79
1312 2573.44
1320 2574.08
1328 2574.69
1336 2575.29
1344 2575.86
1352 2576.41
1360 2576.94
1368 2577.45
1376 2577.94
1384 2578.41
1392 2578.86
1400 2579.29
1408 2579.7
1416 2580.09
1424 2580.46
1432 2580.81
1440 2581.14
1448 2581.44
1456 2581.73
1464 2582
1472 2582.25
1480 2582.48
1488 2582.7
1496 2582.89
1504 2583.06
1512 2583.22
1520 2583.35
1528 2583.47
1536 2583.56
1544 2583.64
1552 2583.7
1560 2583.74
1568 2583.76
1576 2583.77
1584 2583.75
1592 2583.72
1600 2583.67
1608 2583.6
1616 2583.51
1624 2583.41
1632 2583.28
1640 2583.14
1648 2582.98
1656 2582.81
1664 2582.61
1672 2582.4
1680 2582.17
1688 2581.93
1696 2581.66
1704 2581.38
1712 2581.08
1720 2580.77
1728 2580.44
1736 2580.09
1744 2579.72
1752 2579.34
1760 2578.94
1768 2578.53
1776 2578.09
1784 2577.64
1792 2577.18
1800 2576.7
1808 2576.2
1816 2575.69
1824 2575.16
1832 2574.61
1840 2574.05
1848 2573.47
1856 2572.88
1864 2572.27
1872 2571.65
1880 2571.01
1888 2570.35
1896 2569.68
1904 2568.99
1912 2568.29
1920 2567.58
1928 2566.84
1936 2566.1
1944 2565.34
1952 2564.56
1960 2563.77
1968 2562.96
1976 2562.14
1984 2561.31
1992 2560.46
2000 2559.59
2008 2558.71
2016 2557.82
2024 2556.91
2032 2555.99
2040 2555.06
2048 2554.11
2056 2553.15
2064 2552.17
2072 2551.18
2080 2550.17
2088 2549.15
2096 2548.12
2104 2547.08
2112 2546.02
2120 2544.95
2128 2543.86
2136 2542.76
2144 2541.65
2152 2540.52
2160 2539.39
2168 2538.23
2176 2537.07
2184 2535.89
2192 2534.7
2200 2533.5
2208 2532.29
2216 2531.06
2224 2529.82
2232 2528.57
2240 2527.3
2248 2526.03
2256 2524.74
2264 2523.44
2272 2522.12
2280 2520.8
2288 2519.46
2296 2518.11
2304 2516.75
2312 2515.38
2320 2513.99
2328 2512.59
2336 2511.19
2344 2509.77
2352 2508.34
2360 2506.89
2368 2505.44
2376 2503.98
2384 2502.5
2392 2501.01
2400 2499.52
2408 2498.01
2416 2496.49
2424 2494.96
2432 2493.41
2440 2491.86
2448 2490.3
2456 2488.72
2464 2487.14
2472 2485.55
2480 2483.94
2488 2482.33
2496 2480.7
2504 2479.06
2512 2477.42
2520 2475.76
2528 2474.1
2536 2472.42
2544 2470.73
2552 2469.04
2560 2467.33
2568 2465.62
2576 2463.89
2584 2462.16
2592 2460.41
2600 2458.66
2608 2456.9
2616 2455.12
2624 2453.34
2632 2451.55
2640 2449.75
2648 2447.94
2656 2446.12
2664 2444.29
2672 2442.46
2680 2440.61
2688 2438.76
2696 2436.89
2704 2435.02
2712 2433.14
2720 2431.25
2728 2429.35
2736 2427.45
2744 2425.53
2752 2423.61
2760 2421.68
2768 2419.74
2776 2417.79
2784 2415.84
2792 2413.87
2800 2411.9
2808 2409.92
2816 2407.93
2824 2405.94
2832 2403.93
2840 2401.92
2848 2399.9
2856 2397.88
2864 2395.84
2872 2393.8
2880 2391.75
2888 2389.69
2896 2387.63
2904 2385.56
2912 2383.48
2920 2381.39
2928 2379.3
2936 2377.2
2944 2375.09
2952 2372.98
2960 2370.86
2968 2368.73
2976 2366.6
2984 2364.45
2992 2362.31
3000 2360.15
3008 2357.99
3016 2355.82
3024 2353.65
3032 2351.47
3040 2349.28
3048 2347.08
3056 2344.88
3064 2342.68
3072 2340.47
3080 2338.25
3088 2336.02
3096 2333.79
3104 2331.55
3112 2329.31
3120 2327.06
3128 2324.81
3136 2322.55
3144 2320.28
3152 2318.01
3160 2315.73
3168 2313.45
3176 2311.16
3184 2308.87
3192 2306.57
3200 2304.27
3208 2301.96
3216 2299.64
3224 2297.32
3232 2294.99
3240 2292.66
3248 2290.33
3256 2287.99
3264 2285.64
3272 2283.29
3280 2280.93
3288 2278.57
3296 2276.21
3304 2273.84
3312 2271.46
3320 2269.08
3328 2266.7
3336 2264.31
3344 2261.92
3352 2259.52
3360 2257.12
3368 2254.71
3376 2252.3
3384 2249.89
3392 2247.47
3400 2245.04
3408 2242.61
3416 2240.18
3424 2237.75
3432 2235.31
3440 2232.86
3448 2230.42
3456 2227.96
3464 2225.51
3472 2223.05
3480 2220.59
3488 2218.12
3496 2215.65
3504 2213.18
3512 2210.7
3520 2208.22
3528 2205.73
3536 2203.25
3544 2200.76
3552 2198.26
3560 2195.76
3568 2193.26
3576 2190.76
3584 2188.25
3592 2185.74
3600 2183.23
3608 2180.71
3616 2178.19
3624 2175.67
3632 2173.14
3640 2170.62
3648 2168.09
3656 2165.55
3664 2163.02
3672 2160.48
3680 2157.93
3688 2155.39
3696 2152.84
3704 2150.29
3712 2147.74
3720 2145.19
3728 2142.63
3736 2140.07
3744 2137.51
3752 2134.95
3760 2132.38
3768 2129.81
3776 2127.24
3784 2124.67
3792 2122.09
3800 2119.52
3808 2116.94
3816 2114.36
3824 2111.78
3832 2109.19
3840 2106.61
3848 2104.02
3856 2101.43
3864 2098.84
3872 2096.24
3880 2093.65
3888 2091.05
3896 2088.45
3904 2085.85
3912 2083.25
3920 2080.65
3928 2078.05
3936 2075.44
3944 2072.84
3952 2070.23
3960 2067.62
3968 2065.01
3976 2062.4
3984 2059.78
3992 2057.17
4000 2054.55
4008 2051.94
4016 2049.32
4024 2046.7
4032 2044.09
4040 2041.47
4048 2038.84
4056 2036.22
4064 2033.6
4072 2030.98
4080 2028.35
4088 2025.73
4096 2023.1
4104 2020.48
4112 2017.85
4120 2015.23
4128 2012.6
4136 2009.97
4144 2007.34
4152 2004.71
4160 2002.08
4168 1999.46
4176 1996.83
4184 1994.2
4192 1991.57
4200 1988.94
4208 1986.3
4216 1983.67
4224 1981.04
4232 1978.41
4240 1975.78
4248 1973.15
4256 1970.52
4264 1967.89
4272 1965.26
4280 1962.63
4288 1960
4296 1957.37
4304 1954.74
4312 1952.11
4320 1949.48
4328 1946.85
4336 1944.22
4344 1941.59
4352 1938.96
4360 1936.34
4368 1933.71
4376 1931.08
4384 1928.46
4392 1925.83
4400 1923.21
4408 1920.58
4416 1917.96
4424 1915.34
4432 1912.71
4440 1910.09
4448 1907.47
4456 1904.85
4464 1902.23
4472 1899.62
4480 1897
4488 1894.38
4496 1891.77
4504 1889.15
4512 1886.54
4520 1883.93
4528 1881.32
4536 1878.71
4544 1876.1
4552 1873.49
4560 1870.88
4568 1868.28
4576 1865.67
4584 1863.07
4592 1860.47
4600 1857.87
4608 1855.27
4616 1852.68
4624 1850.08
4632 1847.49
4640 1844.89
4648 1842.3
4656 1839.71
4664 1837.12
4672 1834.54
4680 1831.95
4688 1829.37
4696 1826.79
4704 1824.21
4712 1821.63
4720 1819.05
4728 1816.48
4736 1813.9
4744 1811.33
4752 1808.76
4760 1806.2
4768 1803.63
4776 1801.07
4784 1798.5
4792 1795.94
4800 1793.39
4808 1790.83
4816 1788.28
4824 1785.73
4832 1783.18
4840 1780.63
4848 1778.08
4856 1775.54
4864 1773
4872 1770.46
4880 1767.93
4888 1765.39
4896 1762.86
4904 1760.33
4912 1757.8
4920 1755.28
4928 1752.76
4936 1750.24
4944 1747.72
4952 1745.21
4960 1742.69
4968 1740.18
4976 1737.68
4984 1735.17
4992 1732.67
5000 1730.17
5008 1727.67
5016 1725.18
5024 1722.69
5032 1720.2
5040 1717.71
5048 1715.23
5056 1712.75
5064 1710.27
5072 1707.79
5080 1705.32
5088 1702.85
5096 1700.39
5104 1697.92
5112 1695.46
5120 1693
5128 1690.55
5136 1688.1
5144 1685.65
5152 1683.2
5160 1680.76
5168 1678.32
5176 1675.88
5184 1673.45
5192 1671.02
5200 1668.59
5208 1666.17
5216 1663.75
5224 1661.33
5232 1658.91
5240 1656.5
5248 1654.09
5256 1651.69
5264 1649.29
5272 1646.89
5280 1644.5
5288 1642.1
5296 1639.72
5304 1637.33
5312 1634.95
5320 1632.57
5328 1630.2
5336 1627.83
5344 1625.46
5352 1623.1
5360 1620.74
5368 1618.38
5376 1616.03
5384 1613.68
5392 1611.33
5400 1608.99
5408 1606.65
5416 1604.31
5424 1601.98
5432 1599.65
5440 1597.33
5448 1595.01
5456 1592.69
5464 1590.38
5472 1588.07
5480 1585.77
5488 1583.46
5496 1581.17
5504 1578.87
5512 1576.58
5520 1574.3
5528 1572.01
5536 1569.74
5544 1567.46
5552 1565.19
5560 1562.92
5568 1560.66
5576 1558.4
5584 1556.15
5592 1553.9
5600 1551.65
5608 1549.41
5616 1547.17
5624 1544.94
5632 1542.71
5640 1540.48
5648 1538.26
5656 1536.04
5664 1533.83
5672 1531.62
5680 1529.41
5688 1527.21
5696 1525.01
5704 1522.82
5712 1520.63
5720 1518.45
5728 1516.27
5736 1514.09
5744 1511.92
5752 1509.75
5760 1507.59
5768 1505.43
5776 1503.28
5784 1501.13
5792 1498.98
5800 1496.84
5808 1494.71
5816 1492.57
5824 1490.45
5832 1488.32
5840 1486.2
5848 1484.09
5856 1481.98
5864 1479.88
5872 1477.77
5880 1475.68
5888 1473.59
5896 1471.5
5904 1469.42
5912 1467.34
5920 1465.27
5928 1463.2
5936 1461.13
5944 1459.07
5952 1457.02
5960 1454.97
5968 1452.92
5976 1450.88
5984 1448.84
5992 1446.81
6000 1444.78
6008 1442.76
6016 1440.74
6024 1438.73
6032 1436.72
6040 1434.72
6048 1432.72
6056 1430.73
6064 1428.74
6072 1426.75
6080 1424.77
6088 1422.8
6096 1420.83
6104 1418.87
6112 1416.91
6120 1414.95
6128 1413
6136 1411.05
6144 1409.11
6152 1407.18
6160 1405.25
6168 1403.32
6176 1401.4
6184 1399.48
6192 1397.57
6200 1395.67
6208 1393.76
6216 1391.87
6224 1389.98
6232 1388.09
6240 1386.21
6248 1384.33
6256 1382.46
6264 1380.59
6272 1378.73
6280 1376.88
6288 1375.03
6296 1373.18
6304 1371.34
6312 1369.5
6320 1367.67
6328 1365.84
6336 1364.02
6344 1362.21
6352 1360.4
6360 1358.59
6368 1356.79
6376 1355
6384 1353.21
6392 1351.42
6400 1349.64
6408 1347.87
6416 1346.1
6424 1344.33
6432 1342.57
6440 1340.82
6448 1339.07
6456 1337.33
6464 1335.59
6472 1333.86
6480 1332.13
6488 1330.4
6496 1328.69
6504 1326.98
6512 1325.27
6520 1323.57
6528 1321.87
6536 1320.18
6544 1318.49
6552 1316.81
6560 1315.14
6568 1313.47
6576 1311.8
6584 1310.14
6592 1308.49
6600 1306.84
6608 1305.19
6616 1303.56
6624 1301.92
6632 1300.3
6640 1298.67
6648 1297.06
6656 1295.44
6664 1293.84
6672 1292.24
6680 1290.64
6688 1289.05
6696 1287.47
6704 1285.89
6712 1284.31
6720 1282.74
6728 1281.18
6736 1279.62
6744 1278.07
6752 1276.52
6760 1274.98
6768 1273.44
6776 1271.91
6784 1270.39
6792 1268.87
6800 1267.35
6808 1265.84
6816 1264.34
6824 1262.84
6832 1261.35
6840 1259.86
6848 1258.38
6856 1256.9
6864 1255.43
6872 1253.96
6880 1252.5
6888 1251.05
6896 1249.6
6904 1248.15
6912 1246.71
6920 1245.28
6928 1243.85
6936 1242.43
6944 1241.01
6952 1239.6
6960 1238.2
6968 1236.8
6976 1235.4
6984 1234.01
6992 1232.63
7000 1231.25
7008 1229.88
7016 1228.51
7024 1227.15
7032 1225.79
7040 1224.44
7048 1223.09
7056 1221.75
7064 1220.42
7072 1219.09
7080 1217.77
7088 1216.45
7096 1215.14
7104 1213.83
7112 1212.53
7120 1211.23
7128 1209.94
7136 1208.66
7144 1207.38
7152 1206.1
7160 1204.83
7168 1203.57
7176 1202.31
7184 1201.06
7192 1199.81
7200 1198.57
7208 1197.34
7216 1196.11
7224 1194.88
7232 1193.66
7240 1192.45
7248 1191.24
7256 1190.04
7264 1188.84
7272 1187.65
7280 1186.47
7288 1185.29
7296 1184.11
7304 1182.94
7312 1181.78
7320 1180.62
7328 1179.47
7336 1178.32
7344 1177.18
7352 1176.04
7360 1174.91
7368 1173.78
7376 1172.67
7384 1171.55
7392 1170.44
7400 1169.34
7408 1168.24
7416 1167.15
7424 1166.06
7432 1164.98
7440 1163.9
7448 1162.83
7456 1161.77
7464 1160.71
7472 1159.66
7480 1158.61
7488 1157.56
7496 1156.53
7504 1155.5
7512 1154.47
7520 1153.45
7528 1152.43
7536 1151.42
7544 1150.42
7552 1149.42
7560 1148.42
7568 1147.44
7576 1146.45
7584 1145.48
7592 1144.5
7600 1143.54
7608 1142.58
7616 1141.62
7624 1140.67
7632 1139.73
7640 1138.79
7648 1137.85
7656 1136.93
7664 1136
7672 1135.09
7680 1134.17
7688 1133.27
7696 1132.37
7704 1131.47
7712 1130.58
7720 1129.7
7728 1128.82
7736 1127.94
7744 1127.07
7752 1126.21
7760 1125.35
7768 1124.5
7776 1123.65
7784 1122.81
7792 1121.97
7800 1121.14
7808 1120.32
7816 1119.5
7824 1118.68
7832 1117.87
7840 1117.07
7848 1116.27
7856 1115.48
7864 1114.69
7872 1113.9
7880 1113.13
7888 1112.36
7896 1111.59
7904 1110.83
7912 1110.07
7920 1109.32
7928 1108.57
7936 1107.83
7944 1107.1
7952 1106.37
7960 1105.64
7968 1104.93
7976 1104.21
7984 1103.5
7992 1102.8
8000 1102.1
8008 1101.41
8016 1100.72
8024 1100.04
8032 1099.36
8040 1098.69
8048 1098.02
8056 1097.36
8064 1096.71
8072 1096.06
8080 1095.41
8088 1094.77
8096 1094.13
8104 1093.5
8112 1092.88
8120 1092.26
8128 1091.65
8136 1091.04
8144 1090.43
8152 1089.83
8160 1089.24
8168 1088.65
8176 1088.07
8184 1087.49
8192 1086.91
8200 1086.35
8208 1085.78
8216 1085.23
8224 1084.67
8232 1084.12
8240 1083.58
8248 1083.04
8256 1082.51
8264 1081.98
8272 1081.46
8280 1080.95
8288 1080.43
8296 1079.93
8304 1079.42
8312 1078.93
8320 1078.43
8328 1077.95
8336 1077.47
8344 1076.99
8352 1076.52
8360 1076.05
8368 1075.59
8376 1075.13
8384 1074.68
8392 1074.23
8400 1073.79
8408 1073.35
8416 1072.92
8424 1072.49
8432 1072.07
8440 1071.65
8448 1071.24
8456 1070.83
8464 1070.43
8472 1070.03
8480 1069.64
8488 1069.25
8496 1068.87
8504 1068.49
8512 1068.12
8520 1067.75
8528 1067.38
8536 1067.03
8544 1066.67
8552 1066.32
8560 1065.98
8568 1065.64
8576 1065.3
8584 1064.97
8592 1064.65
8600 1064.33
8608 1064.01
8616 1063.7
8624 1063.39
8632 1063.09
8640 1062.8
8648 1062.5
8656 1062.22
8664 1061.93
8672 1061.66
8680 1061.38
8688 1061.11
8696 1060.85
8704 1060.59
8712 1060.34
8720 1060.09
8728 1059.84
8736 1059.6
8744 1059.36
8752 1059.13
8760 1058.91
8768 1058.68
8776 1058.47
8784 1058.25
8792 1058.05
8800 1057.84
8808 1057.64
8816 1057.45
8824 1057.26
8832 1057.07
8840 1056.89
8848 1056.71
8856 1056.54
8864 1056.37
8872 1056.21
8880 1056.05
8888 1055.9
8896 1055.75
8904 1055.6
8912 1055.46
8920 1055.33
8928 1055.19
8936 1055.07
8944 1054.94
8952 1054.82
8960 1054.71
8968 1054.6
8976 1054.49
8984 1054.39
8992 1054.3
9000 1054.2
9008 1054.11
9016 1054.03
9024 1053.95
9032 1053.87
9040 1053.8
9048 1053.74
9056 1053.67
9064 1053.62
9072 1053.56
9080 1053.51
9088 1053.47
9096 1053.42
9104 1053.39
9112 1053.35
9120 1053.33
9128 1053.3
9136 1053.28
9144 1053.26
9152 1053.25
9160 1053.24
9168 1053.24
9176 1053.24
9184 1053.24
9192 1053.25
9200 1053.27
9208 1053.28
9216 1053.3
9224 1053.33
9232 1053.36
9240 1053.39
9248 1053.43
9256 1053.47
9264 1053.51
9272 1053.56
9280 1053.61
9288 1053.67
9296 1053.73
9304 1053.8
9312 1053.87
9320 1053.94
9328 1054.01
9336 1054.1
9344 1054.18
9352 1054.27
9360 1054.36
9368 1054.46
9376 1054.56
9384 1054.66
9392 1054.77
9400 1054.88
9408 1054.99
9416 1055.11
9424 1055.24
9432 1055.36
9440 1055.49
9448 1055.63
9456 1055.77
9464 1055.91
9472 1056.05
9480 1056.2
9488 1056.36
9496 1056.51
9504 1056.67
9512 1056.84
9520 1057
9528 1057.18
9536 1057.35
9544 1057.53
9552 1057.71
9560 1057.9
9568 1058.09
9576 1058.28
9584 1058.48
9592 1058.68
9600 1058.88
9608 1059.09
9616 1059.3
9624 1059.51
9632 1059.73
9640 1059.95
9648 1060.18
9656 1060.41
9664 1060.64
9672 1060.87
9680 1061.11
9688 1061.35
9696 1061.6
9704 1061.85
9712 1062.1
9720 1062.36
9728 1062.62
9736 1062.88
9744 1063.15
9752 1063.42
9760 1063.69
9768 1063.96
9776 1064.24
9784 1064.53
9792 1064.81
9800 1065.1
9808 1065.39
9816 1065.69
9824 1065.99
9832 1066.29
9840 1066.6
9848 1066.9
9856 1067.22
9864 1067.53
9872 1067.85
9880 1068.17
9888 1068.5
9896 1068.82
9904 1069.15
9912 1069.49
9920 1069.83
9928 1070.17
9936 1070.51
9944 1070.86
9952 1071.2
9960 1071.56
9968 1071.91
9976 1072.27
9984 1072.63
9992 1073
10000 1073.36
10008 1073.74
10016 1074.11
10024 1074.49
10032 1074.86
10040 1075.25
10048 1075.63
10056 1076.02
10064 1076.41
10072 1076.81
10080 1077.2
10088 1077.6
10096 1078
10104 1078.41
10112 1078.82
10120 1079.23
10128 1079.64
10136 1080.06
10144 1080.48
10152 1080.9
10160 1081.33
10168 1081.75
10176 1082.19
10184 1082.62
10192 1083.05
10200 1083.49
10208 1083.93
10216 1084.38
10224 1084.82
10232 1085.27
10240 1085.73
10248 1086.18
10256 1086.64
10264 1087.1
10272 1087.56
10280 1088.03
10288 1088.49
10296 1088.96
10304 1089.44
10312 1089.91
10320 1090.39
10328 1090.87
10336 1091.35
10344 1091.84
10352 1092.32
10360 1092.82
10368 1093.31
10376 1093.8
10384 1094.3
10392 1094.8
10400 1095.3
10408 1095.81
10416 1096.31
10424 1096.82
10432 1097.34
10440 1097.85
10448 1098.37
10456 1098.89
10464 1099.41
10472 1099.93
10480 1100.46
10488 1100.98
10496 1101.52
10504 1102.05
10512 1102.58
10520 1103.12
10528 1103.66
10536 1104.2
10544 1104.74
10552 1105.29
10560 1105.84
10568 1106.39
10576 1106.94
10584 1107.5
10592 1108.05
10600 1108.61
10608 1109.17
10616 1109.74
10624 1110.3
10632 1110.87
10640 1111.44
10648 1112.01
10656 1112.58
10664 1113.16
10672 1113.73
10680 1114.31
10688 1114.89
10696 1115.48
10704 1116.06
10712 1116.65
10720 1117.24
10728 1117.83
10736 1118.42
10744 1119.02
10752 1119.61
10760 1120.21
10768 1120.81
10776 1121.42
10784 1122.02
10792 1122.63
10800 1123.23
10808 1123.84
10816 1124.46
10824 1125.07
10832 1125.68
10840 1126.3
10848 1126.92
10856 1127.54
10864 1128.16
10872 1128.79
10880 1129.41
10888 1130.04
10896 1130.67
10904 1131.3
10912 1131.93
10920 1132.56
10928 1133.2
10936 1133.84
10944 1134.48
10952 1135.12
10960 1135.76
10968 1136.4
10976 1137.05
10984 1137.69
10992 1138.34
11000 1138.99
11008 1139.64
11016 1140.3
11024 1140.95
11032 1141.61
11040 1142.26
11048 1142.92
11056 1143.58
11064 1144.24
11072 1144.91
11080 1145.57
11088 1146.24
11096 1146.9
11104 1147.57
11112 1148.24
11120 1148.91
11128 1149.59
11136 1150.26
11144 1150.94
11152 1151.61
11160 1152.29
11168 1152.97
11176 1153.65
11184 1154.33
11192 1155.02
11200 1155.7
11208 1156.39
11216 1157.07
11224 1157.76
11232 1158.45
11240 1159.14
11248 1159.83
11256 1160.53
11264 1161.22
11272 1161.92
11280 1162.61
11288 1163.31
11296 1164.01
11304 1164.71
11312 1165.41
11320 1166.11
11328 1166.82
11336 1167.52
11344 1168.23
11352 1168.93
11360 1169.64
11368 1170.35
11376 1171.06
11384 1171.77
11392 1172.48
11400 1173.19
11408 1173.91
11416 1174.62
11424 1175.34
11432 1176.05
11440 1176.77
11448 1177.49
11456 1178.21
11464 1178.93
11472 1179.65
11480 1180.37
11488 1181.09
11496 1181.82
11504 1182.54
11512 1183.26
11520 1183.99
11528 1184.72
11536 1185.45
11544 1186.17
11552 1186.9
11560 1187.63
11568 1188.36
11576 1189.1
11584 1189.83
11592 1190.56
11600 1191.29
11608 1192.03
11616 1192.76
11624 1193.5
11632 1194.24
11640 1194.97
11648 1195.71
11656 1196.45
11664 1197.19
11672 1197.93
11680 1198.67
11688 1199.41
11696 1200.15
11704 1200.9
11712 1201.64
11720 1202.38
11728 1203.13
11736 1203.87
11744 1204.62
11752 1205.36
11760 1206.11
11768 1206.86
11776 1207.6
11784 1208.35
11792 1209.1
11800 1209.85
11808 1210.6
11816 1211.35
11824 1212.1
11832 1212.85
11840 1213.6
11848 1214.35
11856 1215.1
11864 1215.86
11872 1216.61
11880 1217.36
11888 1218.12
11896 1218.87
11904 1219.62
11912 1220.38
11920 1221.13
11928 1221.89
11936 1222.64
11944 1223.4
11952 1224.16
11960 1224.91
11968 1225.67
11976 1226.43
11984 1227.19
11992 1227.94
12000 1228.7
12008 1229.46
12016 1230.22
12024 1230.98
12032 1231.74
12040 1232.49
12048 1233.25
12056 1234.01
12064 1234.77
12072 1235.53
12080 1236.29
12088 1237.05
12096 1237.81
12104 1238.58
12112 1239.34
12120 1240.1
12128 1240.86
12136 1241.62
12144 1242.38
12152 1243.14
12160 1243.9
12168 1244.67
12176 1245.43
12184 1246.19
12192 1246.95
12200 1247.71
12208 1248.47
12216 1249.24
12224 1250
12232 1250.76
12240 1251.52
12248 1252.28
12256 1253.05
12264 1253.81
12272 1254.57
12280 1255.33
12288 1256.09
12296 1256.86
12304 1257.62
12312 1258.38
12320 1259.14
12328 1259.9
12336 1260.66
12344 1261.43
12352 1262.19
12360 1262.95
12368 1263.71
12376 1264.47
12384 1265.23
12392 1265.99
12400 1266.75
12408 1267.51
12416 1268.27
12424 1269.03
12432 1269.79
12440 1270.55
12448 1271.31
12456 1272.07
12464 1272.83
12472 1273.59
12480 1274.35
12488 1275.11
12496 1275.87
12504 1276.63
12512 1277.38
12520 1278.14
12528 1278.9
12536 1279.66
12544 1280.41
12552 1281.17
12560 1281.93
12568 1282.68
12576 1283.44
12584 1284.2
12592 1284.95
12600 1285.71
12608 1286.46
12616 1287.22
12624 1287.97
12632 1288.72
12640 1289.48
12648 1290.23
12656 1290.98
12664 1291.74
12672 1292.49
12680 1293.24
12688 1293.99
12696 1294.74
12704 1295.49
12712 1296.24
12720 1296.99
12728 1297.74
12736 1298.49
12744 1299.24
12752 1299.99
12760 1300.74
12768 1301.49
12776 1302.23
12784 1302.98
12792 1303.73
12800 1304.47
12808 1305.22
12816 1305.96
12824 1306.71
12832 1307.45
12840 1308.19
12848 1308.94
12856 1309.68
12864 1310.42
12872 1311.17
12880 1311.91
12888 1312.65
12896 1313.39
12904 1314.13
12912 1314.87
12920 1315.61
12928 1316.34
12936 1317.08
12944 1317.82
12952 1318.56
12960 1319.29
12968 1320.03
12976 1320.76
12984 1321.5
12992 1322.23
13000 1322.97
13008 1323.7
13016 1324.43
13024 1325.16
13032 1325.9
13040 1326.63
13048 1327.36
13056 1328.09
13064 1328.82
13072 1329.54
13080 1330.27
13088 1331
13096 1331.73
13104 1332.45
13112 1333.18
13120 1333.9
13128 1334.63
13136 1335.35
13144 1336.08
13152 1336.8
13160 1337.52
13168 1338.24
13176 1338.96
13184 1339.68
13192 1340.4
13200 1341.12
13208 1341.84
13216 1342.56
13224 1343.28
13232 1343.99
13240 1344.71
13248 1345.42
13256 1346.14
13264 1346.85
13272 1347.57
13280 1348.28
13288 1348.99
13296 1349.7
13304 1350.41
13312 1351.12
13320 1351.83
13328 1352.54
13336 1353.25
13344 1353.96
13352 1354.66
13360 1355.37
13368 1356.08
13376 1356.78
13384 1357.49
13392 1358.19
13400 1358.89
13408 1359.59
13416 1360.3
13424 1361
13432 1361.7
13440 1362.4
13448 1363.1
13456 1363.79
13464 1364.49
13472 1365.19
13480 1365.89
13488 1366.58
13496 1367.28
13504 1367.97
13512 1368.66
13520 1369.36
13528 1370.05
13536 1370.74
13544 1371.43
13552 1372.12
13560 1372.81
13568 1373.5
13576 1374.19
13584 1374.88
13592 1375.56
13600 1376.25
13608 1376.94
13616 1377.62
13624 1378.31
13632 1378.99
13640 1379.67
13648 1380.35
13656 1381.04
13664 1381.72
13672 1382.4
13680 1383.08
13688 1383.76
13696 1384.43
13704 1385.11
13712 1385.79
13720 1386.47
13728 1387.14
13736 1387.82
13744 1388.49
13752 1389.16
13760 1389.84
13768 1390.51
13776 1391.18
13784 1391.85
13792 1392.52
13800 1393.19
13808 1393.86
13816 1394.53
13824 1395.2
13832 1395.87
13840 1396.53
13848 1397.2
13856 1397.86
13864 1398.53
13872 1399.19
13880 1399.86
13888 1400.52
13896 1401.18
13904 1401.85
13912 1402.51
13920 1403.17
13928 1403.83
13936 1404.49
13944 1405.15
13952 1405.8
13960 1406.46
13968 1407.12
13976 1407.77
13984 1408.43
13992 1409.09
14000 1409.74
14008 1410.39
14016 1411.05
14024 1411.7
14032 1412.35
14040 1413.01
14048 1413.66
14056 1414.31
14064 1414.96
14072 1415.61
14080 1416.26
14088 1416.91
14096 1417.55
14104 1418.2
14112 1418.85
14120 1419.5
14128 1420.14
14136 1420.79
14144 1421.43
14152 1422.08
14160 1422.72
14168 1423.37
14176 1424.01
14184 1424.65
14192 1425.3
14200 1425.94
14208 1426.58
14216 1427.22
14224 1427.86
14232 1428.5
14240 1429.14
14248 1429.78
14256 1430.42
14264 1431.06
14272 1431.7
14280 1432.33
14288 1432.97
14296 1433.61
14304 1434.24
14312 1434.88
14320 1435.52
14328 1436.15
14336 1436.79
14344 1437.42
14352 1438.06
14360 1438.69
14368 1439.32
14376 1439.96
14384 1440.59
14392 1441.22
14400 1441.86
14408 1442.49
14416 1443.12
14424 1443.75
14432 1444.38
14440 1445.01
14448 1445.65
14456 1446.28
14464 1446.91
14472 1447.54
14480 1448.17
14488 1448.8
14496 1449.43
14504 1450.06
14512 1450.68
14520 1451.31
14528 1451.94
14536 1452.57
14544 1453.2
14552 1453.83
14560 1454.46
14568 1455.08
14576 1455.71
14584 1456.34
14592 1456.97
14600 1457.6
14608 1458.22
14616 1458.89
14624 1459.48
14632 1460.11
14640 1460.73
14648 1461.36
14656 1461.99
14664 1462.62
14672 1463.24
14680 1463.87
14688 1464.5
14696 1465.13
14704 1465.75
14712 1466.38
14720 1467.01
14728 1467.64
14736 1468.26
14744 1468.89
14752 1469.52
14760 1470.15
14768 1470.78
14776 1471.4
14784 1472.03
14792 1472.66
14800 1473.29
14808 1473.92
14816 1474.55
14824 1475.18
14832 1475.81
14840 1476.44
14848 1477.07
14856 1477.7
14864 1478.33
14872 1478.96
14880 1479.59
14888 1480.22
14896 1480.85
14904 1481.48
14912 1482.11
14920 1482.75
14928 1483.38
14936 1484.01
14944 1484.65
14952 1485.28
14960 1485.92
14968 1486.55
14976 1487.19
14984 1487.82
14992 1488.46
15000 1489.09
15008 1489.73
15016 1490.37
15024 1491.01
15032 1491.65
15040 1492.29
15048 1492.93
15056 1493.57
15064 1494.21
15072 1494.85
15080 1495.49
15088 1496.13
15096 1496.78
15104 1497.42
15112 1498.07
15120 1498.71
15128 1499.36
15136 1500.01
15144 1500.65
15152 1501.3
15160 1501.95
15168 1502.6
15176 1503.25
15184 1503.9
15192 1504.56
15200 1505.21
15208 1505.86
15216 1506.52
15224 1507.17
15232 1507.83
15240 1508.49
15248 1509.15
15256 1509.81
15264 1510.47
15272 1511.13
15280 1511.79
15288 1512.45
15296 1513.12
15304 1513.78
15312 1514.45
15320 1515.12
15328 1515.79
15336 1516.46
15344 1517.13
15352 1517.8
15360 1518.47
15368 1519.15
15376 1519.82
15384 1520.5
15392 1521.18
15400 1521.86
15408 1522.54
15416 1523.22
15424 1523.9
15432 1524.59
15440 1525.27
15448 1525.96
15456 1526.65
15464 1527.34
15472 1528.03
15480 1528.73
15488 1529.42
15496 1530.12
15504 1530.81
15512 1531.51
15520 1532.21
15528 1532.91
15536 1533.62
15544 1534.32
15552 1535.03
15560 1535.74
15568 1536.45
15576 1537.16
15584 1537.87
15592 1538.59
15600 1539.31
15608 1540.03
15616 1540.75
15624 1541.47
15632 1542.19
15640 1542.92
15648 1543.65
15656 1544.38
15664 1545.11
15672 1545.84
15680 1546.58
15688 1547.31
15696 1548.05
15704 1548.79
15712 1549.54
15720 1550.28
15728 1551.03
15736 1551.78
15744 1552.53
15752 1553.29
15760 1554.04
15768 1554.8
15776 1555.56
15784 1556.32
15792 1557.09
15800 1557.86
15808 1558.63
15816 1559.4
15824 1560.17
15832 1560.95
15840 1561.73
15848 1562.51
15856 1563.29
15864 1564.08
15872 1564.87
15880 1565.66
15888 1566.45
15896 1567.25
15904 1568.05
15912 1568.85
15920 1569.65
15928 1570.46
15936 1571.27
15944 1572.08
15952 1572.9
15960 1573.72
15968 1574.54
15976 1575.36
15984 1576.19
15992 1577.02
16000 1577.85
16008 1578.68
16016 1579.52
16024 1580.36
16032 1581.2
16040 1582.05
16048 1582.9
16056 1583.75
16064 1584.61
16072 1585.47
16080 1586.33
16088 1587.2
16096 1588.06
16104 1588.94
16112 1589.81
16120 1590.69
16128 1591.57
16136 1592.46
16144 1593.34
16152 1594.24
16160 1595.13
16168 1596.03
16176 1596.93
16184 1597.84
16192 1598.75
16200 1599.66
16208 1600.57
16216 1601.49
16224 1602.42
16232 1603.34
16240 1604.28
16248 1605.21
16256 1606.15
16264 1607.09
16272 1608.04
16280 1608.99
16288 1609.94
16296 1610.9
16304 1611.86
16312 1612.82
16320 1613.79
16328 1614.77
16336 1615.74
16344 1616.72
16352 1617.71
16360 1618.7
16368 1619.69
16376 1620.69
16384 1621.69
16392 1622.7
16400 1623.71
16408 1624.73
16416 1625.75
16424 1626.77
16432 1627.8
16440 1628.83
16448 1629.87
16456 1630.91
16464 1631.96
16472 1633.01
16480 1634.06
16488 1635.12
16496 1636.19
16504 1637.26
16512 1638.33
16520 1639.41
16528 1640.5
16536 1641.58
16544 1642.68
16552 1643.78
16560 1644.88
16568 1645.99
16576 1647.1
16584 1648.22
16592 1649.34
16600 1650.47
16608 1651.61
16616 1652.74
16624 1653.89
16632 1655.04
16640 1656.19
16648 1657.35
16656 1658.52
16664 1659.69
16672 1660.86
16680 1662.05
16688 1663.23
16696 1664.43
16704 1665.62
16712 1666.83
16720 1668.04
16728 1669.25
16736 1670.47
16744 1671.7
16752 1672.93
16760 1674.17
16768 1675.41
16776 1676.66
16784 1677.92
16792 1679.18
16800 1680.45
16808 1681.72
16816 1683
16824 1684.29
16832 1685.58
16840 1686.88
16848 1688.18
16856 1689.49
16864 1690.81
16872 1692.13
16880 1693.46
16888 1694.8
16896 1696.14
16904 1697.49
16912 1698.84
16920 1700.21
16928 1701.58
16936 1702.95
16944 1704.33
16952 1705.72
16960 1707.12
16968 1708.52
16976 1709.93
16984 1711.34
16992 1712.77
17000 1714.2
17008 1715.63
17016 1717.08
17024 1718.53
17032 1719.98
17040 1721.45
17048 1722.92
17056 1724.4
17064 1725.89
17072 1727.38
17080 1728.88
17088 1730.39
17096 1731.91
17104 1733.43
17112 1734.96
17120 1736.5
17128 1738.05
17136 1739.6
17144 1741.17
17152 1742.74
17160 1744.31
17168 1745.9
17176 1747.49
17184 1749.09
17192 1750.7
17200 1752.32
17208 1753.94
17216 1755.58
17224 1757.22
17232 1758.87
17240 1760.52
17248 1762.19
17256 1763.86
17264 1765.55
17272 1767.24
17280 1768.94
17288 1770.64
17296 1772.36
17304 1774.08
17312 1775.82
17320 1777.56
17328 1779.31
17336 1781.07
17344 1782.84
17352 1784.61
17360 1786.4
17368 1788.2
17376 1790
17384 1791.81
17392 1793.63
17400 1795.47
17408 1797.31
17416 1799.16
17424 1801.01
17432 1802.88
17440 1804.76
17448 1806.65
17456 1808.54
17464 1810.45
17472 1812.36
17480 1814.29
17488 1816.22
17496 1818.17
17504 1820.12
17512 1822.08
17520 1824.06
17528 1826.04
17536 1828.03
17544 1830.04
17552 1832.05
17560 1834.07
17568 1836.11
17576 1838.15
17584 1840.2
17592 1842.27
17600 1844.34
17608 1846.43
17616 1848.52
17624 1850.63
17632 1852.74
17640 1854.87
17648 1857.01
17656 1859.16
17664 1861.31
17672 1863.48
17680 1865.66
17688 1867.85
17696 1870.06
17704 1872.27
17712 1874.49
17720 1876.73
17728 1878.98
17736 1881.23
17744 1883.5
17752 1885.78
17760 1888.07
17768 1890.38
17776 1892.69
17784 1895.02
17792 1897.35
17800 1899.7
17808 1902.06
17816 1904.43
17824 1906.82
17832 1909.21
17840 1911.62
17848 1914.04
17856 1916.47
17864 1918.92
17872 1921.37
17880 1923.84
17888 1926.32
17896 1928.81
17904 1931.32
17912 1933.83
17920 1936.36
17928 1938.9
17936 1941.46
17944 1944.03
17952 1946.6
17960 1949.2
17968 1951.8
17976 1954.42
17984 1957.05
17992 1959.69
18000 1962.35
18008 1965.02
18016 1967.7
18024 1970.4
18032 1973.11
18040 1975.83
18048 1978.57
18056 1981.32
18064 1984.08
18072 1986.85
18080 1989.64
18088 1992.45
18096 1995.26
18104 1998.09
18112 2000.94
18120 2003.8
18128 2006.67
18136 2009.56
18144 2012.46
18152 2015.37
18160 2018.3
18168 2021.24
18176 2024.2
18184 2027.17
18192 2030.15
18200 2033.15
18208 2036.17
18216 2039.2
18224 2042.24
18232 2045.3
18240 2048.37
18248 2051.46
18256 2054.56
18264 2057.68
