0 2114.88
8 -6.22026e+06
16 -1.19229e+07
24 -1.7135e+07
32 -2.18843e+07
40 -2.61975e+07
48 -3.00999e+07
56 -3.36156e+07
64 -3.67678e+07
72 -3.95785e+07
80 -4.20685e+07
88 -4.42578e+07
96 -4.61655e+07
104 -4.78096e+07
112 -4.92073e+07
120 -5.0375e+07
128 -5.13282e+07
136 -5.20817e+07
144 -5.26496e+07
152 -5.30451e+07
160 -5.32808e+07
168 -5.33689e+07
176 -5.33205e+07
184 -5.31465e+07
192 -5.2857e+07
200 -5.24616e+07
208 -5.19695e+07
216 -5.13893e+07
224 -5.0729e+07
232 -4.99964e+07
240 -4.91985e+07
248 -4.83424e+07
256 -4.74342e+07
264 -4.64801e+07
272 -4.54857e+07
280 -4.44563e+07
288 -4.33969e+07
296 -4.23121e+07
304 -4.12062e+07
312 -4.00834e+07
320 -3.89475e+07
328 -3.78019e+07
336 -3.665e+07
344 -3.54948e+07
352 -3.43392e+07
360 -3.31857e+07
368 -3.20368e+07
376 -3.08947e+07
384 -2.97615e+07
392 -2.8639e+07
400 -2.75289e+07
408 -2.64329e+07
416 -2.53523e+07
424 -2.42884e+07
432 -2.32424e+07
440 -2.22152e+07
448 -2.12079e+07
456 -2.02211e+07
464 -1.92557e+07
472 -1.83122e+07
480 -1.73912e+07
488 -1.6493e+07
496 -1.5618e+07
504 -1.47666e+07
512 -1.39389e+07
520 -1.3135e+07
528 -1.23551e+07
536 -1.15992e+07
544 -1.08673e+07
552 -1.01593e+07
560 -9.47512e+06
568 -8.81455e+06
576 -8.17744e+06
584 -7.56354e+06
592 -6.97262e+06
600 -6.40438e+06
608 -5.8585e+06
616 -5.33465e+06
624 -4.83247e+06
632 -4.35159e+06
640 -3.8916e+06
648 -3.4521e+06
656 -3.03265e+06
664 -2.63283e+06
672 -2.25219e+06
680 -1.89027e+06
688 -1.54662e+06
696 -1.22075e+06
704 -912211
712 -620515
720 -345189
728 -85752.8
736 158270
744 387358
752 601985
760 802626
768 989749
776 1.16382e+06
784 1.3253e+06
792 1.47465e+06
800 1.61231e+06
808 1.73874e+06
816 1.85436e+06
824 1.95961e+06
832 2.05491e+06
840 2.14068e+06
848 2.21733e+06
856 2.28525e+06
864 2.34484e+06
872 2.39648e+06
880 2.44055e+06
888 2.47741e+06
896 2.50741e+06
904 2.5309e+06
912 2.54823e+06
920 2.55972e+06
928 2.5657e+06
936 2.56646e+06
944 2.56232e+06
952 2.55356e+06
960 2.54048e+06
968 2.52334e+06
976 2.50241e+06
984 2.47795e+06
992 2.4502e+06
1000 2.4194e+06
1008 2.38579e+06
1016 2.34959e+06
1024 2.31101e+06
1032 2.27025e+06
1040 2.22751e+06
1048 2.18299e+06
1056 2.13686e+06
1064 2.08929e+06
1072 2.04046e+06
1080 1.99053e+06
1088 1.93964e+06
1096 1.88793e+06
1104 1.83556e+06
1112 1.78264e+06
1120 1.72931e+06
1128 1.67568e+06
1136 1.62187e+06
1144 1.56797e+06
1152 1.51409e+06
1160 1.46034e+06
1168 1.40678e+06
1176 1.35351e+06
1184 1.30061e+06
1192 1.24815e+06
1200 1.1962e+06
1208 1.14482e+06
1216 1.09408e+06
1224 1.04402e+06
1232 994701
1240 946168
1248 898463
1256 851625
1264 805690
1272 760691
1280 716655
1288 673609
1296 631574
1304 590571
1312 550616
1320 511724
1328 473905
1336 437169
1344 401523
1352 366971
1360 333516
1368 301159
1376 269897
1384 239729
1392 210650
1400 182653
1408 155730
1416 129873
1424 105070
1432 81311.6
1440 58583.5
1448 36872.5
1456 16163.7
1464 -3558.27
1472 -22309.9
1480 -40108.4
1488 -56971.5
1496 -72917.6
1504 -87965.8
1512 -102135
1520 -115447
1528 -127919
1536 -139575
1544 -150433
1552 -160516
1560 -169845
1568 -178440
1576 -186325
1584 -193520
1592 -200047
1600 -205928
1608 -211184
1616 -215837
1624 -219908
1632 -223419
1640 -226391
1648 -228844
1656 -230800
1664 -232279
1672 -233301
1680 -233887
1688 -234055
1696 -233826
1704 -233219
1712 -232252
1720 -230944
1728 -229313
1736 -227376
1744 -225152
1752 -222656
1760 -219906
1768 -216918
1776 -213707
1784 -210290
1792 -206680
1800 -202893
1808 -198942
1816 -194842
1824 -190606
1832 -186246
1840 -181775
1848 -177206
1856 -172550
1864 -167818
1872 -163021
1880 -158170
1888 -153274
1896 -148343
1904 -143387
1912 -138415
1920 -133434
1928 -128453
1936 -123481
1944 -118523
1952 -113588
1960 -108681
1968 -103810
1976 -98980.3
1984 -94197.2
1992 -89466.4
2000 -84792.9
2008 -80181.3
2016 -75636
2024 -71161.2
2032 -66760.7
2040 -62438
2048 -58196.4
2056 -54038.8
2064 -49968.1
2072 -45986.6
2080 -42096.7
2088 -38300.3
2096 -34599.3
2104 -30995.2
2112 -27489.3
2120 -24082.8
2128 -20776.7
2136 -17571.7
2144 -14468.4
2152 -11467.1
2160 -8568.2
2168 -5771.69
2176 -3077.5
2184 -485.4
2192 2148.62
2200 4394.1
2208 6682.64
2216 8871.31
2224 10961
2232 12952.7
2240 14847.4
2248 16646.3
2256 18350.6
2264 19961.8
2272 21481.3
2280 22910.4
2288 24250.8
2296 25504.2
2304 26672.1
2312 27756.4
2320 28758.8
2328 29681.2
2336 30525.3
2344 31293.2
2352 31986.8
2360 32608
2368 33158.8
2376 33641.2
2384 34057.2
2392 34408.9
2400 34698.4
2408 34927.6
2416 35098.6
2424 35213.5
2432 35274.3
2440 35283
2448 35241.8
2456 35152.5
2464 35017.3
2472 34838.2
2480 34617
2488 34355.8
2496 34056.5
2504 33721
2512 33351.2
2520 32949
2528 32516.1
2536 32054.5
2544 31565.9
2552 31052
2560 30514.5
2568 29955.1
2576 29375.4
2584 28777.2
2592 28161.8
2600 27530.9
2608 26886
2616 26228.4
2624 25559.7
2632 24881.2
2640 24194.3
2648 23500.1
2656 22800.1
2664 22095.4
2672 21387.2
2680 20676.7
2688 19964.9
2696 19252.8
2704 18541.6
2712 17832.2
2720 17125.6
2728 16422.6
2736 15724
2744 15030.8
2752 14343.7
2760 13663.5
2768 12990.8
2776 12326.4
2784 11670.9
2792 11024.8
2800 10388.8
2808 9763.31
2816 9148.94
2824 8546.1
2832 7955.23
2840 7376.73
2848 6810.97
2856 6258.27
2864 5718.96
2872 5193.3
2880 4681.55
2888 4183.93
2896 3700.62
2904 3231.8
2912 2777.61
2920 2338.17
2928 1913.56
2936 1503.87
2944 1109.12
2952 729.362
2960 364.584
2968 14.7734
2976 -320.105
2984 -640.106
2992 -945.302
3000 -1235.78
3008 -1511.66
3016 -1773.04
3024 -2020.08
3032 -2252.92
3040 -2471.73
3048 -2676.69
3056 -2867.98
3064 -3045.81
3072 -3210.4
3080 -3361.96
3088 -3500.73
3096 -3626.94
3104 -3740.86
3112 -3842.74
3120 -3932.84
3128 -4011.43
3136 -4078.8
3144 -4135.22
3152 -4180.98
3160 -4216.37
3168 -4241.7
3176 -4257.25
3184 -4263.34
3192 -4260.25
3200 -4248.31
3208 -4227.81
3216 -4199.07
3224 -4162.39
3232 -4118.08
3240 -4066.46
3248 -4007.82
3256 -3942.47
3264 -3870.73
3272 -3792.89
3280 -3709.25
3288 -3620.11
3296 -3525.78
3304 -3426.54
3312 -3322.68
3320 -3214.49
3328 -3102.25
3336 -2986.25
3344 -2866.75
3352 -2744.03
3360 -2618.35
3368 -2489.97
3376 -2359.16
3384 -2226.15
3392 -2091.2
3400 -1954.54
3408 -1816.42
3416 -1677.05
3424 -1536.67
3432 -1395.5
3440 -1253.73
3448 -1111.58
3456 -969.257
3464 -826.942
3472 -684.827
3480 -543.094
3488 -401.917
3496 -261.465
3504 -121.902
3512 16.6155
3520 153.938
3528 289.921
3536 424.427
3544 557.323
3552 688.485
3560 817.792
3568 945.13
3576 1070.39
3584 1193.48
3592 1314.29
3600 1432.74
3608 1548.75
3616 1662.22
3624 1773.1
3632 1881.32
3640 1986.8
3648 2089.5
3656 2189.37
3664 2286.35
3672 2380.4
3680 2471.5
3688 2559.61
3696 2644.69
3704 2726.74
3712 2805.72
3720 2881.63
3728 2954.46
3736 3024.21
3744 3090.86
3752 3154.43
3760 3214.92
3768 3272.34
3776 3326.71
3784 3378.04
3792 3426.35
3800 3471.67
3808 3514.02
3816 3553.43
3824 3589.93
3832 3623.57
3840 3654.37
3848 3682.38
3856 3707.64
3864 3730.19
3872 3750.07
3880 3767.35
3888 3782.07
3896 3794.27
3904 3804.02
3912 3811.37
3920 3816.37
3928 3819.09
3936 3819.58
3944 3817.9
3952 3814.11
3960 3808.27
3968 3800.46
3976 3790.72
3984 3779.13
3992 3765.74
4000 3750.63
4008 3733.85
4016 3715.48
4024 3695.57
4032 3674.2
4040 3651.42
4048 3627.31
4056 3601.93
4064 3575.34
4072 3547.61
4080 3518.79
4088 3488.97
4096 3458.19
4104 3426.52
4112 3394.03
4120 3360.76
4128 3326.79
4136 3292.17
4144 3256.97
4152 3221.23
4160 3185.02
4168 3148.39
4176 3111.4
4184 3074.1
4192 3036.54
4200 2998.78
4208 2960.86
4216 2922.83
4224 2884.75
4232 2846.65
4240 2808.59
4248 2770.61
4256 2732.75
4264 2695.05
4272 2657.56
4280 2620.3
4288 2583.33
4296 2546.67
4304 2510.36
4312 2474.44
4320 2438.93
4328 2403.87
4336 2369.29
4344 2335.21
4352 2301.66
4360 2268.66
4368 2236.25
4376 2204.44
4384 2169.61
4392 2142.7
4400 2112.82
4408 2083.62
4416 2055.11
4424 2027.31
4432 2000.23
4440 1973.89
4448 1948.3
4456 1923.46
4464 1899.39
4472 1876.08
4480 1853.56
4488 1831.82
4496 1810.86
4504 1790.7
4512 1771.32
4520 1752.74
4528 1734.95
4536 1717.95
4544 1701.74
4552 1686.31
4560 1671.67
4568 1657.8
4576 1644.7
4584 1632.37
4592 1620.79
4600 1609.97
4608 1599.88
4616 1590.52
4624 1581.88
4632 1573.96
4640 1566.72
4648 1560.18
4656 1554.31
4664 1549.09
4672 1544.52
4680 1540.59
4688 1537.27
4696 1534.55
4704 1532.42
4712 1530.86
4720 1529.85
4728 1529.38
4736 1529.43
4744 1529.99
4752 1531.03
4760 1532.54
4768 1534.51
4776 1536.9
4784 1539.71
4792 1542.92
4800 1546.51
4808 1550.46
4816 1554.75
4824 1559.36
4832 1564.29
4840 1569.5
4848 1574.97
4856 1580.7
4864 1586.67
4872 1592.85
4880 1599.22
4888 1605.78
4896 1612.5
4904 1619.36
4912 1626.35
4920 1633.45
4928 1640.65
4936 1647.92
4944 1655.25
4952 1662.63
4960 1670.04
4968 1677.46
4976 1684.88
4984 1692.29
4992 1699.66
5000 1706.99
5008 1714.26
5016 1721.46
5024 1728.57
5032 1735.59
5040 1742.5
5048 1749.28
5056 1755.93
5064 1762.44
5072 1768.79
5080 1774.97
5088 1780.98
5096 1786.8
5104 1792.43
5112 1797.85
5120 1803.06
5128 1808.06
5136 1812.82
5144 1817.35
5152 1821.64
5160 1825.68
5168 1829.47
5176 1833
5184 1836.27
5192 1839.27
5200 1842
5208 1844.45
5216 1846.62
5224 1848.51
5232 1850.11
5240 1851.42
5248 1852.45
5256 1853.19
5264 1853.63
5272 1853.78
5280 1853.65
5288 1853.21
5296 1852.49
5304 1851.47
5312 1850.17
5320 1848.57
5328 1846.69
5336 1844.52
5344 1842.07
5352 1839.34
5360 1836.33
5368 1833.05
5376 1829.49
5384 1825.67
5392 1821.59
5400 1817.25
5408 1812.65
5416 1807.81
5424 1802.72
5432 1797.39
5440 1791.83
5448 1786.04
5456 1780.02
5464 1773.79
5472 1767.35
5480 1760.7
5488 1753.86
5496 1746.82
5504 1739.6
5512 1732.2
5520 1724.63
5528 1716.9
5536 1709
5544 1700.96
5552 1692.77
5560 1684.45
5568 1676
5576 1667.43
5584 1658.74
5592 1649.95
5600 1641.06
5608 1632.08
5616 1623.02
5624 1613.87
5632 1604.66
5640 1595.39
5648 1586.07
5656 1576.7
5664 1567.28
5672 1557.84
5680 1548.37
5688 1538.89
5696 1529.39
5704 1519.89
5712 1510.4
5720 1500.92
5728 1491.45
5736 1482.01
5744 1472.6
5752 1463.22
5760 1453.89
5768 1444.61
5776 1435.39
5784 1426.22
5792 1417.13
5800 1408.11
5808 1399.17
5816 1390.31
5824 1381.54
5832 1372.87
5840 1364.3
5848 1355.84
5856 1347.48
5864 1339.24
5872 1331.12
5880 1323.12
5888 1315.24
5896 1307.5
5904 1299.9
5912 1292.43
5920 1285.1
5928 1277.92
5936 1270.88
5944 1264
5952 1257.27
5960 1250.69
5968 1244.28
5976 1238.02
5984 1231.93
5992 1226
6000 1220.23
6008 1214.64
6016 1209.21
6024 1203.95
6032 1198.86
6040 1193.94
6048 1189.2
6056 1184.62
6064 1180.22
6072 1175.99
6080 1171.94
6088 1168.06
6096 1164.35
6104 1160.81
6112 1157.44
6120 1154.24
6128 1151.21
6136 1148.35
6144 1145.66
6152 1143.13
6160 1140.77
6168 1138.57
6176 1136.53
6184 1134.65
6192 1132.92
6200 1131.35
6208 1129.94
6216 1128.67
6224 1127.55
6232 1126.58
6240 1125.75
6248 1125.06
6256 1124.51
6264 1124.09
6272 1123.8
6280 1123.64
6288 1123.61
6296 1123.7
6304 1123.91
6312 1124.24
6320 1124.68
6328 1125.22
6336 1125.88
6344 1126.63
6352 1127.48
6360 1128.43
6368 1129.47
6376 1130.6
6384 1131.81
6392 1133.1
6400 1134.47
6408 1135.91
6416 1137.43
6424 1139
6432 1140.64
6440 1142.34
6448 1144.09
6456 1145.9
6464 1147.75
6472 1149.64
6480 1151.57
6488 1153.54
6496 1155.55
6504 1157.58
6512 1159.63
6520 1161.71
6528 1163.81
6536 1165.92
6544 1168.05
6552 1170.18
6560 1172.32
6568 1174.46
6576 1176.6
6584 1178.73
6592 1180.86
6600 1182.97
6608 1185.08
6616 1187.16
6624 1189.23
6632 1191.27
6640 1193.29
6648 1195.29
6656 1197.25
6664 1199.18
6672 1201.08
6680 1202.94
6688 1204.76
6696 1206.54
6704 1208.28
6712 1209.97
6720 1211.61
6728 1213.21
6736 1214.76
6744 1216.25
6752 1217.69
6760 1219.07
6768 1220.4
6776 1221.67
6784 1222.88
6792 1224.04
6800 1225.13
6808 1226.16
6816 1227.12
6824 1228.02
6832 1228.86
6840 1229.64
6848 1230.34
6856 1230.99
6864 1231.57
6872 1232.08
6880 1232.52
6888 1232.9
6896 1233.21
6904 1233.46
6912 1233.64
6920 1233.75
6928 1233.8
6936 1233.79
6944 1233.71
6952 1233.57
6960 1233.36
6968 1233.09
6976 1232.76
6984 1232.37
6992 1231.92
7000 1231.41
7008 1230.84
7016 1230.22
7024 1229.54
7032 1228.8
7040 1228.01
7048 1227.18
7056 1226.29
7064 1225.35
7072 1224.36
7080 1223.33
7088 1222.26
7096 1221.14
7104 1219.98
7112 1218.78
7120 1217.55
7128 1216.28
7136 1214.97
7144 1213.64
7152 1212.27
7160 1210.87
7168 1209.45
7176 1208.01
7184 1206.54
7192 1205.05
7200 1203.54
7208 1202.02
7216 1200.48
7224 1198.92
7232 1197.36
7240 1195.79
7248 1194.21
7256 1192.63
7264 1191.05
7272 1189.46
7280 1187.88
7288 1186.3
7296 1184.72
7304 1183.15
7312 1181.59
7320 1180.04
7328 1178.51
7336 1176.99
7344 1175.49
7352 1174
7360 1172.54
7368 1171.1
7376 1169.68
7384 1168.29
7392 1166.92
7400 1165.59
7408 1164.28
7416 1163.01
7424 1161.77
7432 1160.56
7440 1159.39
7448 1158.26
7456 1157.17
7464 1156.12
7472 1155.12
7480 1154.15
7488 1153.23
7496 1152.36
7504 1151.53
7512 1150.75
7520 1150.01
7528 1149.33
7536 1148.7
7544 1148.11
7552 1147.58
7560 1147.11
7568 1146.68
7576 1146.31
7584 1145.99
7592 1145.73
7600 1145.52
7608 1145.37
7616 1145.27
7624 1145.23
7632 1145.25
7640 1145.32
7648 1145.44
7656 1145.62
7664 1145.86
7672 1146.16
7680 1146.51
7688 1146.91
7696 1147.37
7704 1147.88
7712 1148.45
7720 1149.07
7728 1149.75
7736 1150.48
7744 1151.26
7752 1152.08
7760 1152.96
7768 1153.89
7776 1154.87
7784 1155.9
7792 1156.97
7800 1158.09
7808 1159.25
7816 1160.45
7824 1161.7
7832 1162.99
7840 1164.32
7848 1165.68
7856 1167.08
7864 1168.52
7872 1169.99
7880 1171.5
7888 1173.03
7896 1174.6
7904 1176.19
7912 1177.81
7920 1179.45
7928 1181.11
7936 1182.8
7944 1184.51
7952 1186.23
7960 1187.97
7968 1189.72
7976 1191.48
7984 1193.26
7992 1195.04
8000 1196.83
8008 1198.62
8016 1200.42
8024 1202.21
8032 1204
8040 1205.79
8048 1207.58
8056 1209.35
8064 1211.12
8072 1212.88
8080 1214.62
8088 1216.34
8096 1218.05
8104 1219.74
8112 1221.4
8120 1223.04
8128 1224.66
8136 1226.25
8144 1227.81
8152 1229.33
8160 1230.82
8168 1232.28
8176 1233.7
8184 1235.08
8192 1236.42
8200 1237.71
8208 1238.96
8216 1240.17
8224 1241.32
8232 1242.42
8240 1243.47
8248 1244.47
8256 1245.41
8264 1246.3
8272 1247.12
8280 1247.88
8288 1248.59
8296 1249.23
8304 1249.8
8312 1250.31
8320 1250.75
8328 1251.12
8336 1251.41
8344 1251.64
8352 1251.8
8360 1251.88
8368 1251.88
8376 1251.81
8384 1251.66
8392 1251.43
8400 1251.13
8408 1250.74
8416 1250.27
8424 1249.72
8432 1249.09
8440 1248.37
8448 1247.57
8456 1246.69
8464 1245.72
8472 1244.66
8480 1243.52
8488 1242.3
8496 1240.98
8504 1239.58
8512 1238.09
8520 1236.52
8528 1234.86
8536 1233.11
8544 1231.27
8552 1229.35
8560 1227.34
8568 1225.24
8576 1223.05
8584 1220.78
8592 1218.43
8600 1215.99
8608 1213.46
8616 1210.85
8624 1208.16
8632 1205.38
8640 1202.52
8648 1199.58
8656 1196.56
8664 1193.46
8672 1190.27
8680 1187.02
8688 1183.68
8696 1180.27
8704 1176.78
8712 1173.22
8720 1169.59
8728 1165.88
8736 1162.11
8744 1158.27
8752 1154.36
8760 1150.38
8768 1146.34
8776 1142.24
8784 1138.07
8792 1133.85
8800 1129.57
8808 1125.23
8816 1120.84
8824 1116.4
8832 1111.9
8840 1107.36
8848 1102.77
8856 1098.13
8864 1093.45
8872 1088.73
8880 1083.97
8888 1079.17
8896 1074.34
8904 1069.47
8912 1064.58
8920 1059.65
8928 1054.7
8936 1049.72
8944 1044.72
8952 1039.69
8960 1034.65
8968 1029.6
8976 1024.53
8984 1019.45
8992 1014.36
9000 1009.26
9008 1004.16
9016 999.051
9024 993.945
9032 988.842
9040 983.742
9048 978.649
9056 973.565
9064 968.492
9072 963.432
9080 958.387
9088 953.361
9096 948.354
9104 943.37
9112 938.41
9120 933.477
9128 928.573
9136 923.699
9144 918.86
9152 914.055
9160 909.288
9168 904.561
9176 899.875
9184 895.233
9192 890.638
9200 886.09
9208 881.591
9216 877.145
9224 872.753
9232 868.416
9240 864.137
9248 859.917
9256 855.758
9264 851.663
9272 847.632
9280 843.668
9288 839.773
9296 835.947
9304 832.192
9312 828.511
9320 824.904
9328 821.373
9336 817.92
9344 814.546
9352 811.252
9360 808.04
9368 804.911
9376 801.866
9384 798.906
9392 796.033
9400 793.247
9408 790.55
9416 787.943
9424 785.427
9432 783.002
9440 780.669
9448 778.43
9456 776.284
9464 774.234
9472 772.279
9480 770.42
9488 768.657
9496 766.992
9504 765.424
9512 763.954
9520 762.583
9528 761.31
9536 760.137
9544 759.062
9552 758.087
9560 757.211
9568 756.435
9576 755.759
9584 755.182
9592 754.704
9600 754.326
9608 754.047
9616 753.867
9624 753.785
9632 753.802
9640 753.917
9648 754.129
9656 754.438
9664 754.844
9672 755.345
9680 755.942
9688 756.634
9696 757.419
9704 758.298
9712 759.269
9720 760.332
9728 761.486
9736 762.729
9744 764.061
9752 765.481
9760 766.988
9768 768.581
9776 770.258
9784 772.019
9792 773.862
9800 775.786
9808 777.79
9816 779.873
9824 782.033
9832 784.268
9840 786.578
9848 788.961
9856 791.416
9864 793.94
9872 796.534
9880 799.194
9888 801.92
9896 804.709
9904 807.561
9912 810.474
9920 813.446
9928 816.475
9936 819.56
9944 822.699
9952 825.89
9960 829.132
9968 832.422
9976 835.759
9984 839.142
9992 842.568
10000 846.035
10008 849.542
10016 853.088
10024 856.669
10032 860.285
10040 863.933
10048 867.612
10056 871.319
10064 875.053
10072 878.813
10080 882.595
10088 886.399
10096 890.223
10104 894.064
10112 897.92
10120 901.791
10128 905.674
10136 909.567
10144 913.468
10152 917.377
10160 921.29
10168 925.206
10176 929.123
10184 933.04
10192 936.955
10200 940.865
10208 944.77
10216 948.668
10224 952.557
10232 956.435
10240 960.3
10248 964.152
10256 967.988
10264 971.806
10272 975.606
10280 979.386
10288 983.144
10296 986.878
10304 990.588
10312 994.272
10320 997.928
10328 1001.56
10336 1005.15
10344 1008.72
10352 1012.25
10360 1015.75
10368 1019.21
10376 1022.63
10384 1026.02
10392 1029.37
10400 1032.68
10408 1035.95
10416 1039.17
10424 1042.36
10432 1045.49
10440 1048.59
10448 1051.63
10456 1054.63
10464 1057.58
10472 1060.49
10480 1063.34
10488 1066.14
10496 1068.9
10504 1071.6
10512 1074.25
10520 1076.84
10528 1079.39
10536 1081.88
10544 1084.31
10552 1086.69
10560 1089.02
10568 1091.29
10576 1093.5
10584 1095.66
10592 1097.76
10600 1099.81
10608 1101.8
10616 1103.73
10624 1105.6
10632 1107.42
10640 1109.18
10648 1110.88
10656 1112.53
10664 1114.12
10672 1115.65
10680 1117.13
10688 1118.54
10696 1119.9
10704 1121.21
10712 1122.46
10720 1123.65
10728 1124.79
10736 1125.87
10744 1126.9
10752 1127.87
10760 1128.79
10768 1129.65
10776 1130.47
10784 1131.23
10792 1131.93
10800 1132.59
10808 1133.2
10816 1133.75
10824 1134.26
10832 1134.72
10840 1135.12
10848 1135.49
10856 1135.8
10864 1136.07
10872 1136.29
10880 1136.47
10888 1136.61
10896 1136.7
10904 1136.75
10912 1136.76
10920 1136.73
10928 1136.67
10936 1136.56
10944 1136.41
10952 1136.23
10960 1136.02
10968 1135.77
10976 1135.48
10984 1135.17
10992 1134.82
11000 1134.44
11008 1134.03
11016 1133.6
11024 1133.14
11032 1132.65
11040 1132.13
11048 1131.59
11056 1131.03
11064 1130.45
11072 1129.84
11080 1129.22
11088 1128.58
11096 1127.92
11104 1127.24
11112 1126.55
11120 1125.84
11128 1125.12
11136 1124.38
11144 1123.64
11152 1122.88
11160 1122.12
11168 1121.35
11176 1120.57
11184 1119.78
11192 1118.99
11200 1118.2
11208 1117.4
11216 1116.6
11224 1115.8
11232 1115
11240 1114.2
11248 1113.4
11256 1112.6
11264 1111.81
11272 1111.03
11280 1110.24
11288 1109.47
11296 1108.7
11304 1107.94
11312 1107.19
11320 1106.45
11328 1105.72
11336 1105
11344 1104.29
11352 1103.6
11360 1102.91
11368 1102.25
11376 1101.6
11384 1100.96
11392 1100.34
11400 1099.74
11408 1099.16
11416 1098.59
11424 1098.04
11432 1097.51
11440 1097.01
11448 1096.52
11456 1096.05
11464 1095.61
11472 1095.18
11480 1094.78
11488 1094.41
11496 1094.05
11504 1093.72
11512 1093.41
11520 1093.13
11528 1092.87
11536 1092.64
11544 1092.43
11552 1092.25
11560 1092.09
11568 1091.96
11576 1091.86
11584 1091.78
11592 1091.72
11600 1091.7
11608 1091.7
11616 1091.73
11624 1091.78
11632 1091.86
11640 1091.97
11648 1092.1
11656 1092.27
11664 1092.45
11672 1092.67
11680 1092.91
11688 1093.18
11696 1093.47
11704 1093.79
11712 1094.14
11720 1094.52
11728 1094.92
11736 1095.34
11744 1095.79
11752 1096.27
11760 1096.77
11768 1097.3
11776 1097.85
11784 1098.42
11792 1099.02
11800 1099.65
11808 1100.29
11816 1100.96
11824 1101.66
11832 1102.37
11840 1103.11
11848 1103.87
11856 1104.65
11864 1105.45
11872 1106.27
11880 1107.12
11888 1107.98
11896 1108.86
11904 1109.76
11912 1110.68
11920 1111.62
11928 1112.57
11936 1113.55
11944 1114.54
11952 1115.54
11960 1116.56
11968 1117.6
11976 1118.65
11984 1119.72
11992 1120.8
12000 1121.9
12008 1123
12016 1124.12
12024 1125.26
12032 1126.4
12040 1127.56
12048 1128.72
12056 1129.9
12064 1131.09
12072 1132.29
12080 1133.49
12088 1134.7
12096 1135.93
12104 1137.16
12112 1138.39
12120 1139.64
12128 1140.89
12136 1142.14
12144 1143.41
12152 1144.67
12160 1145.95
12168 1147.22
12176 1148.5
12184 1149.79
12192 1151.07
12200 1152.36
12208 1153.66
12216 1154.95
12224 1156.25
12232 1157.55
12240 1158.84
12248 1160.14
12256 1161.45
12264 1162.75
12272 1164.05
12280 1165.35
12288 1166.65
12296 1167.95
12304 1169.25
12312 1170.54
12320 1171.84
12328 1173.14
12336 1174.43
12344 1175.72
12352 1177.01
12360 1178.29
12368 1179.58
12376 1180.86
12384 1182.14
12392 1183.41
12400 1184.69
12408 1185.95
12416 1187.22
12424 1188.49
12432 1189.74
12440 1191
12448 1192.25
12456 1193.5
12464 1194.75
12472 1195.99
12480 1197.23
12488 1198.47
12496 1199.7
12504 1200.93
12512 1202.16
12520 1203.38
12528 1204.6
12536 1205.82
12544 1207.03
12552 1208.24
12560 1209.45
12568 1210.65
12576 1211.86
12584 1213.05
12592 1214.25
12600 1215.45
12608 1216.64
12616 1217.83
12624 1219.01
12632 1220.2
12640 1221.39
12648 1222.57
12656 1223.75
12664 1224.93
12672 1226.11
12680 1227.29
12688 1228.46
12696 1229.64
12704 1230.82
12712 1231.99
12720 1233.17
12728 1234.34
12736 1235.52
12744 1236.7
12752 1237.87
12760 1239.05
12768 1240.23
12776 1241.41
12784 1242.59
12792 1243.77
12800 1244.96
12808 1246.14
12816 1247.33
12824 1248.52
12832 1249.72
12840 1250.91
12848 1252.11
12856 1253.31
12864 1254.51
12872 1255.72
12880 1256.92
12888 1258.14
12896 1259.35
12904 1260.57
12912 1261.79
12920 1263.02
12928 1264.25
12936 1265.48
12944 1266.72
12952 1267.96
12960 1269.2
12968 1270.45
12976 1271.7
12984 1272.95
12992 1274.21
13000 1275.48
13008 1276.74
13016 1278.02
13024 1279.29
13032 1280.57
13040 1281.85
13048 1283.14
13056 1284.43
13064 1285.72
13072 1287.02
13080 1288.32
13088 1289.62
13096 1290.93
13104 1292.24
13112 1293.55
13120 1294.86
13128 1296.18
13136 1297.5
13144 1298.82
13152 1300.14
13160 1301.47
13168 1302.79
13176 1304.12
13184 1305.45
13192 1306.78
13200 1308.1
13208 1309.43
13216 1310.76
13224 1312.09
13232 1313.42
13240 1314.74
13248 1316.07
13256 1317.39
13264 1318.71
13272 1320.03
13280 1321.35
13288 1322.66
13296 1323.97
13304 1325.27
13312 1326.57
13320 1327.87
13328 1329.16
13336 1330.45
13344 1331.73
13352 1333
13360 1334.27
13368 1335.53
13376 1336.78
13384 1338.02
13392 1339.26
13400 1340.48
13408 1341.7
13416 1342.91
13424 1344.11
13432 1345.29
13440 1346.47
13448 1347.64
13456 1348.79
13464 1349.93
13472 1351.06
13480 1352.18
13488 1353.28
13496 1354.37
13504 1355.44
13512 1356.5
13520 1357.54
13528 1358.57
13536 1359.59
13544 1360.59
13552 1361.57
13560 1362.53
13568 1363.48
13576 1364.41
13584 1365.32
13592 1366.22
13600 1367.09
13608 1367.95
13616 1368.79
13624 1369.61
13632 1370.41
13640 1371.19
13648 1371.95
13656 1372.69
13664 1373.42
13672 1374.12
13680 1374.8
13688 1375.46
13696 1376.1
13704 1376.72
13712 1377.32
13720 1377.9
13728 1378.46
13736 1378.99
13744 1379.51
13752 1380.01
13760 1380.48
13768 1380.94
13776 1381.37
13784 1381.79
13792 1382.18
13800 1382.56
13808 1382.91
13816 1383.25
13824 1383.57
13832 1383.87
13840 1384.15
13848 1384.41
13856 1384.65
13864 1384.88
13872 1385.09
13880 1385.29
13888 1385.47
13896 1385.63
13904 1385.78
13912 1385.91
13920 1386.03
13928 1386.14
13936 1386.23
13944 1386.31
13952 1386.38
13960 1386.44
13968 1386.49
13976 1386.54
13984 1386.57
13992 1386.59
14000 1386.61
14008 1386.63
14016 1386.64
14024 1386.64
14032 1386.64
14040 1386.64
14048 1386.64
14056 1386.64
14064 1386.64
14072 1386.64
14080 1386.65
14088 1386.66
14096 1386.67
14104 1386.69
14112 1386.72
14120 1386.75
14128 1386.8
14136 1386.86
14144 1386.93
14152 1387.01
14160 1387.11
14168 1387.22
14176 1387.36
14184 1387.51
14192 1387.67
14200 1387.87
14208 1388.08
14216 1388.32
14224 1388.58
14232 1388.87
14240 1389.18
14248 1389.53
14256 1389.9
14264 1390.31
14272 1390.75
14280 1391.23
14288 1391.74
14296 1392.29
14304 1392.87
14312 1393.5
14320 1394.17
14328 1394.88
14336 1395.63
14344 1396.43
14352 1397.28
14360 1398.17
14368 1399.11
14376 1400.1
14384 1401.15
14392 1402.25
14400 1403.4
14408 1404.6
14416 1405.87
14424 1407.19
14432 1408.57
14440 1410
14448 1411.5
14456 1413.07
14464 1414.69
14472 1416.38
14480 1418.14
14488 1419.96
14496 1421.84
14504 1423.8
14512 1425.82
14520 1427.92
14528 1430.08
14536 1432.31
14544 1434.62
14552 1437
14560 1439.45
14568 1441.98
14576 1444.58
14584 1447.25
14592 1450
14600 1452.83
14608 1455.73
14616 1458.89
14624 1461.76
14632 1464.9
14640 1468.1
14648 1471.39
14656 1474.75
14664 1478.19
14672 1481.71
14680 1485.31
14688 1488.98
14696 1492.73
14704 1496.55
14712 1500.46
14720 1504.43
14728 1508.49
14736 1512.62
14744 1516.82
14752 1521.1
14760 1525.45
14768 1529.87
14776 1534.36
14784 1538.93
14792 1543.57
14800 1548.27
14808 1553.05
14816 1557.89
14824 1562.8
14832 1567.77
14840 1572.8
14848 1577.9
14856 1583.06
14864 1588.28
14872 1593.56
14880 1598.89
14888 1604.28
14896 1609.73
14904 1615.22
14912 1620.77
14920 1626.36
14928 1632
14936 1637.68
14944 1643.41
14952 1649.18
14960 1654.99
14968 1660.83
14976 1666.7
14984 1672.61
14992 1678.55
15000 1684.52
15008 1690.51
15016 1696.52
15024 1702.56
15032 1708.61
15040 1714.68
15048 1720.76
15056 1726.85
15064 1732.95
15072 1739.05
15080 1745.16
15088 1751.26
15096 1757.36
15104 1763.46
15112 1769.55
15120 1775.62
15128 1781.68
15136 1787.73
15144 1793.75
15152 1799.75
15160 1805.73
15168 1811.67
15176 1817.59
15184 1823.47
15192 1829.31
15200 1835.11
15208 1840.87
15216 1846.58
15224 1852.25
15232 1857.86
15240 1863.41
15248 1868.91
15256 1874.34
15264 1879.71
15272 1885.02
15280 1890.25
15288 1895.41
15296 1900.5
15304 1905.5
15312 1910.43
15320 1915.27
15328 1920.03
15336 1924.7
15344 1929.27
15352 1933.75
15360 1938.13
15368 1942.42
15376 1946.6
15384 1950.67
15392 1954.64
15400 1958.5
15408 1962.25
15416 1965.88
15424 1969.4
15432 1972.8
15440 1976.08
15448 1979.24
15456 1982.27
15464 1985.18
15472 1987.96
15480 1990.61
15488 1993.13
15496 1995.51
15504 1997.76
15512 1999.88
15520 2001.85
15528 2003.69
15536 2005.39
15544 2006.95
15552 2008.37
15560 2009.64
15568 2010.77
15576 2011.75
15584 2012.59
15592 2013.29
15600 2013.83
15608 2014.23
15616 2014.49
15624 2014.59
15632 2014.55
15640 2014.36
15648 2014.03
15656 2013.54
15664 2012.91
15672 2012.13
15680 2011.21
15688 2010.13
15696 2008.92
15704 2007.56
15712 2006.05
15720 2004.4
15728 2002.61
15736 2000.68
15744 1998.61
15752 1996.4
15760 1994.05
15768 1991.57
15776 1988.95
15784 1986.2
15792 1983.32
15800 1980.3
15808 1977.17
15816 1973.9
15824 1970.51
15832 1967
15840 1963.38
15848 1959.63
15856 1955.77
15864 1951.8
15872 1947.72
15880 1943.53
15888 1939.24
15896 1934.84
15904 1930.35
15912 1925.76
15920 1921.07
15928 1916.3
15936 1911.44
15944 1906.49
15952 1901.46
15960 1896.36
15968 1891.17
15976 1885.92
15984 1880.6
15992 1875.21
16000 1869.76
16008 1864.26
16016 1858.69
16024 1853.08
16032 1847.42
16040 1841.71
16048 1835.96
16056 1830.17
16064 1824.35
16072 1818.49
16080 1812.61
16088 1806.71
16096 1800.78
16104 1794.83
16112 1788.88
16120 1782.91
16128 1776.93
16136 1770.95
16144 1764.97
16152 1758.99
16160 1753.02
16168 1747.05
16176 1741.1
16184 1735.17
16192 1729.25
16200 1723.36
16208 1717.48
16216 1711.64
16224 1705.83
16232 1700.05
16240 1694.31
16248 1688.6
16256 1682.94
16264 1677.32
16272 1671.75
16280 1666.23
16288 1660.76
16296 1655.34
16304 1649.98
16312 1644.67
16320 1639.42
16328 1634.24
16336 1629.12
16344 1624.07
16352 1619.08
16360 1614.16
16368 1609.3
16376 1604.52
16384 1599.82
16392 1595.18
16400 1590.62
16408 1586.14
16416 1581.73
16424 1577.4
16432 1573.14
16440 1568.97
16448 1564.87
16456 1560.85
16464 1556.91
16472 1553.05
16480 1549.26
16488 1545.56
16496 1541.93
16504 1538.39
16512 1534.92
16520 1531.53
16528 1528.22
16536 1524.98
16544 1521.82
16552 1518.74
16560 1515.72
16568 1512.79
16576 1509.92
16584 1507.13
16592 1504.4
16600 1501.75
16608 1499.16
16616 1496.64
16624 1494.18
16632 1491.79
16640 1489.45
16648 1487.18
16656 1484.97
16664 1482.82
16672 1480.72
16680 1478.67
16688 1476.68
16696 1474.73
16704 1472.84
16712 1471
16720 1469.2
16728 1467.44
16736 1465.73
16744 1464.06
16752 1462.42
16760 1460.83
16768 1459.27
16776 1457.75
16784 1456.26
16792 1454.8
16800 1453.38
16808 1451.82
16816 1450.62
16824 1449.28
16832 1447.97
16840 1446.69
16848 1445.43
16856 1444.2
16864 1443
16872 1441.82
16880 1440.66
16888 1439.53
16896 1438.42
16904 1437.34
16912 1436.28
16920 1435.25
16928 1434.25
16936 1433.27
16944 1432.32
16952 1431.41
16960 1430.52
16968 1429.67
16976 1428.86
16984 1428.08
16992 1427.35
17000 1426.65
17008 1426
17016 1425.4
17024 1424.86
17032 1424.36
17040 1423.93
17048 1423.56
17056 1423.25
17064 1423.02
17072 1422.86
17080 1422.79
17088 1422.79
17096 1422.89
17104 1423.09
17112 1423.39
17120 1423.79
17128 1424.31
17136 1424.96
17144 1425.72
17152 1426.63
17160 1427.67
17168 1428.87
17176 1430.21
17184 1431.73
17192 1433.41
17200 1435.27
17208 1437.32
17216 1439.57
17224 1442.02
17232 1444.69
17240 1447.57
17248 1450.69
17256 1454.05
17264 1457.65
17272 1461.52
17280 1465.65
17288 1470.05
17296 1474.75
17304 1479.73
17312 1485.03
17320 1490.63
17328 1496.56
17336 1502.82
17344 1509.43
17352 1516.38
17360 1523.69
17368 1531.37
17376 1539.43
17384 1547.87
17392 1556.71
17400 1565.95
17408 1575.6
17416 1585.67
17424 1596.16
17432 1607.09
17440 1618.45
17448 1630.26
17456 1642.52
17464 1655.24
17472 1668.41
17480 1682.06
17488 1696.17
17496 1710.76
17504 1725.82
17512 1741.36
17520 1757.39
17528 1773.89
17536 1790.88
17544 1808.34
17552 1826.29
17560 1844.72
17568 1863.62
17576 1883
17584 1902.84
17592 1923.15
17600 1943.91
17608 1965.12
17616 1986.77
17624 2008.86
17632 2031.37
17640 2054.28
17648 2077.6
17656 2101.3
17664 2125.37
17672 2149.79
17680 2174.55
17688 2199.63
17696 2225.01
17704 2250.67
17712 2276.58
17720 2302.73
17728 2329.08
17736 2355.62
17744 2382.31
17752 2409.12
17760 2436.03
17768 2463.01
17776 2490.01
17784 2517.02
17792 2543.98
17800 2570.86
17808 2597.63
17816 2624.24
17824 2650.65
17832 2676.82
17840 2702.71
17848 2728.26
17856 2753.44
17864 2778.19
17872 2802.46
17880 2826.2
17888 2849.35
17896 2871.88
17904 2893.71
17912 2914.79
17920 2935.06
17928 2954.47
17936 2972.96
17944 2990.45
17952 3006.9
17960 3022.24
17968 3036.4
17976 3049.32
17984 3060.93
17992 3071.17
18000 3079.97
18008 3087.25
18016 3092.96
18024 3097.03
18032 3099.38
18040 3099.94
18048 3098.65
18056 3095.43
18064 3090.22
18072 3082.95
18080 3073.55
18088 3061.94
18096 3048.07
18104 3031.86
18112 3013.24
18120 2992.16
18128 2968.54
18136 2942.32
18144 2913.44
18152 2881.84
18160 2847.46
18168 2810.24
18176 2770.13
18184 2727.07
18192 2681.01
18200 2631.9
18208 2579.7
18216 2524.37
18224 2465.86
18232 2404.14
18240 2339.17
18248 2270.93
18256 2199.38
18264 2124.51
18272 2046.31
18280 1964.74
18288 1879.82
18296 1791.54
18304 1699.88
18312 1604.88
18320 1506.53
18328 1404.85
18336 1299.88
18344 1191.63
18352 1080.16
18360 965.489
18368 847.685
18376 726.801
18384 602.903
18392 476.064
18400 346.365
18408 213.893
18416 78.7478
18424 -58.9664
18432 -199.135
18440 -341.634
18448 -486.332
18456 -633.087
18464 -781.747
18472 -932.151
18480 -1084.13
18488 -1237.5
18496 -1392.07
18504 -1547.64
18512 -1704
18520 -1860.92
18528 -2018.17
18536 -2175.51
18544 -2332.67
18552 -2489.4
18560 -2645.41
18568 -2800.42
18576 -2954.11
18584 -3106.19
18592 -3256.32
18600 -3404.17
18608 -3549.39
18616 -3691.63
18624 -3830.5
18632 -3965.64
18640 -4096.64
18648 -4223.1
18656 -4344.61
18664 -4460.73
18672 -4571.04
18680 -4675.08
18688 -4772.39
18696 -4862.51
18704 -4944.94
18712 -5019.22
18720 -5084.82
18728 -5141.26
18736 -5188.01
18744 -5224.55
18752 -5250.34
18760 -5264.84
18768 -5267.52
18776 -5257.81
18784 -5235.15
18792 -5199
18800 -5148.76
18808 -5083.88
18816 -5003.77
18824 -4907.87
18832 -4795.59
18840 -4666.35
18848 -4519.57
18856 -4354.68
18864 -4171.1
18872 -3968.26
18880 -3745.58
18888 -3502.52
18896 -3238.5
18904 -2952.99
18912 -2645.43
18920 -2315.32
18928 -1962.12
18936 -1585.33
18944 -1184.47
18952 -759.059
18960 -308.643
18968 167.214
18976 668.929
18984 1196.89
18992 1751.48
19000 2333.02
19008 2941.84
19016 3578.22
19024 4242.41
19032 4934.63
19040 5655.07
19048 6403.87
19056 7181.14
19064 7986.93
19072 8821.27
19080 9684.13
19088 10575.4
19096 11495
19104 12442.8
19112 13418.4
19120 14421.7
19128 15452.1
19136 16509.4
19144 17593
19152 18702.4
19160 19836.9
19168 20995.9
19176 22178.5
19184 23383.9
19192 24611.2
19200 25859.3
19208 27127.1
19216 28413.5
19224 29717.1
19232 31036.6
19240 32370.4
19248 33717
19256 35074.6
19264 36441.6
19272 37815.9
19280 39195.6
19288 40578.5
19296 41962.4
19304 43345
19312 44723.7
19320 46096
19328 47459.1
19336 48810.2
19344 50146.2
19352 51464.2
19360 52760.8
19368 54032.6
19376 55276.3
19384 56488
19392 57664
19400 58800.5
19408 59893.3
19416 60938.2
19424 61931
19432 62867.1
19440 63741.9
19448 64550.6
19456 65288.4
19464 65950.3
19472 66531
19480 67025.2
19488 67427.6
19496 67732.4
19504 67934.2
19512 68026.9
19520 68004.6
19528 67861.3
19536 67590.8
19544 67186.8
19552 66642.8
19560 65952.4
19568 65108.9
19576 64105.7
19584 62935.9
19592 61592.7
19600 60069.1
19608 58358.1
19616 56452.8
19624 54346
19632 52030.5
19640 49499.3
19648 46745.1
19656 43760.9
19664 40539.4
19672 37073.5
19680 33356.2
19688 29380.5
19696 25139.3
19704 20625.9
19712 15833.4
19720 10755.3
19728 5384.97
19736 -283.83
19744 -6257.27
19752 -12541.3
19760 -19141.6
19768 -26063.7
19776 -33312.7
19784 -40893.5
19792 -48810.7
19800 -57068.4
19808 -65670.6
19816 -74620.5
19824 -83921.1
19832 -93574.8
19840 -103584
19848 -113949
19856 -124672
19864 -135752
19872 -147190
19880 -158983
19888 -171131
19896 -183630
19904 -196477
19912 -209667
19920 -223196
19928 -237056
19936 -251242
19944 -265744
19952 -280554
19960 -295660
19968 -311050
19976 -326713
19984 -342634
19992 -358796
20000 -375183
20008 -391776
20016 -408556
20024 -425499
20032 -442584
20040 -459784
20048 -477074
20056 -494423
20064 -511802
20072 -529177
20080 -546515
20088 -563778
20096 -580927
20104 -597921
20112 -614717
20120 -631269
20128 -647528
20136 -663443
20144 -678962
20152 -694028
20160 -708583
20168 -722564
20176 -735908
20184 -748548
20192 -760414
20200 -771431
20208 -781525
20216 -790616
20224 -798622
20232 -805456
20240 -811031
20248 -815253
20256 -818028
20264 -819256
20272 -818836
20280 -816661
20288 -812622
20296 -806607
20304 -798499
20312 -788179
20320 -775523
20328 -760406
20336 -742697
20344 -722262
20352 -698965
20360 -672666
20368 -643220
20376 -610481
20384 -574299
20392 -534522
20400 -490992
20408 -443551
20416 -392037
20424 -336286
20432 -276132
20440 -211405
20448 -141934
20456 -67546.1
20464 11933
20472 96679.3
20480 186870
20488 282683
20496 384297
20504 491889
20512 605639
20520 725724
20528 852321
20536 985604
20544 1.12575e+06
20552 1.27292e+06
20560 1.42729e+06
20568 1.58902e+06
20576 1.75827e+06
20584 1.93519e+06
20592 2.11993e+06
20600 2.31264e+06
20608 2.51344e+06
20616 2.72247e+06
20624 2.93984e+06
20632 3.16565e+06
20640 3.4e+06
20648 3.64298e+06
20656 3.89465e+06
20664 4.15506e+06
20672 4.42426e+06
20680 4.70227e+06
20688 4.98908e+06
20696 5.28468e+06
20704 5.58903e+06
20712 5.90206e+06
20720 6.22369e+06
20728 6.55379e+06
20736 6.89222e+06
20744 7.23881e+06
20752 7.59333e+06
20760 7.95555e+06
20768 8.32518e+06
20776 8.70189e+06
20784 9.08532e+06
20792 9.47504e+06
20800 9.87059e+06
20808 1.02715e+07
20816 1.06771e+07
20824 1.10868e+07
20832 1.15e+07
20840 1.19158e+07
20848 1.23335e+07
20856 1.27521e+07
20864 1.31706e+07
20872 1.35881e+07
20880 1.40034e+07
20888 1.44151e+07
20896 1.48221e+07
20904 1.52228e+07
20912 1.56158e+07
20920 1.59993e+07
20928 1.63716e+07
20936 1.67309e+07
20944 1.7075e+07
20952 1.74019e+07
20960 1.77093e+07
20968 1.79946e+07
20976 1.82553e+07
20984 1.84887e+07
20992 1.86917e+07
21000 1.88612e+07
21008 1.89939e+07
21016 1.90864e+07
21024 1.91348e+07
21032 1.91352e+07
21040 1.90835e+07
21048 1.89752e+07
21056 1.88056e+07
21064 1.85699e+07
21072 1.82628e+07
21080 1.78789e+07
21088 1.74123e+07
21096 1.6857e+07
21104 1.62064e+07
21112 1.5454e+07
21120 1.45925e+07
21128 1.36144e+07
21136 1.25119e+07
21144 1.12767e+07
21152 9.90011e+06
21160 8.37292e+06
21168 6.68557e+06
21176 4.828e+06
21184 2.78961e+06
21192 559340
