0 2114.88
8 2038.54
16 1964.03
24 1891.33
32 1820.41
40 1751.24
48 1683.8
56 1618.07
64 1554.01
72 1491.61
80 1430.83
88 1371.66
96 1314.07
104 1258.03
112 1203.52
120 1150.53
128 1099.02
136 1048.97
144 1000.36
152 953.167
160 907.37
168 862.947
176 819.875
184 778.133
192 737.7
200 698.556
208 660.678
216 624.048
224 588.643
232 554.446
240 521.435
248 489.591
256 458.895
264 429.327
272 400.87
280 373.503
288 347.209
296 321.969
304 297.765
312 274.58
320 252.395
328 231.194
336 210.958
344 191.672
352 173.318
360 155.88
368 139.34
376 123.684
384 108.895
392 94.9566
400 81.8537
408 69.5709
416 58.0927
424 47.4041
432 37.4902
440 28.3363
448 19.9278
456 12.2503
464 5.28978
472 -0.967913
480 -6.53658
488 -11.4299
496 -15.6613
504 -19.2442
512 -22.1917
520 -24.5168
528 -26.2324
536 -27.351
544 -27.8852
552 -27.8473
560 -27.2495
568 -26.1039
576 -24.4223
584 -22.2164
592 -19.4977
600 -16.2777
608 -12.5677
616 -8.37872
624 -3.72175
632 1.39238
640 6.95302
648 12.9496
656 19.3718
664 26.2093
672 33.4521
680 41.09
688 49.1134
696 57.5126
704 66.2778
712 75.3998
720 84.8693
728 94.6769
736 104.814
744 115.271
752 126.04
760 137.111
768 148.477
776 160.128
784 172.057
792 184.256
800 196.716
808 209.429
816 222.388
824 235.585
832 249.011
840 262.661
848 276.526
856 290.599
864 304.873
872 319.342
880 333.997
888 348.832
896 363.841
904 379.016
912 394.352
920 409.841
928 425.479
936 441.257
944 457.171
952 473.214
960 489.38
968 505.664
976 522.059
984 538.561
992 555.163
1000 571.86
1008 588.646
1016 605.517
1024 622.468
1032 639.492
1040 656.586
1048 673.744
1056 690.961
1064 708.233
1072 725.554
1080 742.921
1088 760.329
1096 777.773
1104 795.249
1112 812.753
1120 830.281
1128 847.827
1136 865.39
1144 882.963
1152 900.544
1160 918.129
1168 935.713
1176 953.294
1184 970.868
1192 988.43
1200 1005.98
1208 1023.51
1216 1041.02
1224 1058.5
1232 1075.96
1240 1093.39
1248 1110.78
1256 1128.14
1264 1145.45
1272 1162.73
1280 1179.95
1288 1197.13
1296 1214.26
1304 1231.34
1312 1248.36
1320 1265.32
1328 1282.22
1336 1299.05
1344 1315.82
1352 1332.53
1360 1349.16
1368 1365.72
1376 1382.2
1384 1398.61
1392 1414.94
1400 1431.18
1408 1447.35
1416 1463.43
1424 1479.42
1432 1495.33
1440 1511.14
1448 1526.86
1456 1542.49
1464 1558.03
1472 1573.46
1480 1588.8
1488 1604.04
1496 1619.18
1504 1634.22
1512 1649.15
1520 1663.98
1528 1678.7
1536 1693.31
1544 1707.82
1552 1722.22
1560 1736.5
1568 1750.67
1576 1764.73
1584 1778.68
1592 1792.51
1600 1806.22
1608 1819.82
1616 1833.3
1624 1846.66
1632 1859.9
1640 1873.03
1648 1886.03
1656 1898.91
1664 1911.67
1672 1924.31
1680 1936.82
1688 1949.21
1696 1961.47
1704 1973.62
1712 1985.63
1720 1997.52
1728 2009.29
1736 2020.92
1744 2032.44
1752 2043.82
1760 2055.08
1768 2066.21
1776 2077.21
1784 2088.08
1792 2098.83
1800 2109.45
1808 2119.93
1816 2130.29
1824 2140.53
1832 2150.63
1840 2160.6
1848 2170.45
1856 2180.17
1864 2189.75
1872 2199.21
1880 2208.54
1888 2217.74
1896 2226.82
1904 2235.76
1912 2244.58
1920 2253.27
1928 2261.83
1936 2270.26
1944 2278.57
1952 2286.74
1960 2294.8
1968 2302.72
1976 2310.52
1984 2318.19
1992 2325.74
2000 2333.16
2008 2340.45
2016 2347.62
2024 2354.67
2032 2361.59
2040 2368.39
2048 2375.06
2056 2381.62
2064 2388.05
2072 2394.35
2080 2400.54
2088 2406.61
2096 2412.55
2104 2418.38
2112 2424.08
2120 2429.67
2128 2435.14
2136 2440.49
2144 2445.73
2152 2450.84
2160 2455.84
2168 2460.73
2176 2465.5
2184 2470.16
2192 2474.7
2200 2479.13
2208 2483.45
2216 2487.65
2224 2491.75
2232 2495.73
2240 2499.61
2248 2503.37
2256 2507.03
2264 2510.58
2272 2514.02
2280 2517.36
2288 2520.59
2296 2523.71
2304 2526.73
2312 2529.65
2320 2532.47
2328 2535.18
2336 2537.79
2344 2540.3
2352 2542.71
2360 2545.03
2368 2547.24
2376 2549.36
2384 2551.38
2392 2553.3
2400 2555.13
2408 2556.87
2416 2558.51
2424 2560.06
2432 2561.51
2440 2562.88
2448 2564.15
2456 2565.34
2464 2566.44
2472 2567.44
2480 2568.37
2488 2569.2
2496 2569.95
2504 2570.61
2512 2571.19
2520 2571.69
2528 2572.11
2536 2572.44
2544 2572.69
2552 2572.87
2560 2572.96
2568 2572.97
2576 2572.91
2584 2572.77
2592 2572.56
2600 2572.27
2608 2571.91
2616 2571.47
2624 2570.96
2632 2570.38
2640 2569.72
2648 2569
2656 2568.21
2664 2567.35
2672 2566.42
2680 2565.43
2688 2564.37
2696 2563.24
2704 2562.05
2712 2560.79
2720 2559.48
2728 2558.1
2736 2556.66
2744 2555.16
2752 2553.59
2760 2551.98
2768 2550.3
2776 2548.56
2784 2546.77
2792 2544.92
2800 2543.02
2808 2541.07
2816 2539.06
2824 2536.99
2832 2534.88
2840 2532.72
2848 2530.5
2856 2528.24
2864 2525.92
2872 2523.56
2880 2521.15
2888 2518.7
2896 2516.2
2904 2513.65
2912 2511.06
2920 2508.43
2928 2505.75
2936 2503.03
2944 2500.27
2952 2497.47
2960 2494.63
2968 2491.75
2976 2488.83
2984 2485.88
2992 2482.88
3000 2479.85
3008 2476.79
3016 2473.69
3024 2470.55
3032 2467.39
3040 2464.18
3048 2460.95
3056 2457.69
3064 2454.39
3072 2451.06
3080 2447.71
3088 2444.32
3096 2440.91
3104 2437.47
3112 2434
3120 2430.51
3128 2426.99
3136 2423.45
3144 2419.88
3152 2416.28
3160 2412.67
3168 2409.03
3176 2405.37
3184 2401.69
3192 2397.98
3200 2394.26
3208 2390.51
3216 2386.75
3224 2382.97
3232 2379.17
3240 2375.36
3248 2371.52
3256 2367.67
3264 2363.81
3272 2359.93
3280 2356.03
3288 2352.12
3296 2348.2
3304 2344.26
3312 2340.31
3320 2336.35
3328 2332.38
3336 2328.4
3344 2324.4
3352 2320.4
3360 2316.39
3368 2312.36
3376 2308.33
3384 2304.29
3392 2300.25
3400 2296.19
3408 2292.13
3416 2288.06
3424 2283.99
3432 2279.91
3440 2275.83
3448 2271.74
3456 2267.65
3464 2263.55
3472 2259.46
3480 2255.35
3488 2251.25
3496 2247.15
3504 2243.04
3512 2238.93
3520 2234.82
3528 2230.71
3536 2226.6
3544 2222.49
3552 2218.38
3560 2214.27
3568 2210.17
3576 2206.06
3584 2201.96
3592 2197.86
3600 2193.76
3608 2189.67
3616 2185.58
3624 2181.49
3632 2177.41
3640 2173.33
3648 2169.26
3656 2165.19
3664 2161.13
3672 2157.07
3680 2153.02
3688 2148.98
3696 2144.94
3704 2140.91
3712 2136.88
3720 2132.87
3728 2128.86
3736 2124.85
3744 2120.86
3752 2116.88
3760 2112.9
3768 2108.93
3776 2104.97
3784 2101.03
3792 2097.09
3800 2093.16
3808 2089.24
3816 2085.33
3824 2081.43
3832 2077.54
3840 2073.66
3848 2069.8
3856 2065.94
3864 2062.1
3872 2058.27
3880 2054.45
3888 2050.64
3896 2046.85
3904 2043.06
3912 2039.29
3920 2035.53
3928 2031.79
3936 2028.06
3944 2024.34
3952 2020.63
3960 2016.94
3968 2013.26
3976 2009.6
3984 2005.95
3992 2002.31
4000 1998.69
4008 1995.08
4016 1991.48
4024 1987.9
4032 1984.34
4040 1980.79
4048 1977.25
4056 1973.73
4064 1970.23
4072 1966.73
4080 1963.26
4088 1959.8
4096 1956.35
4104 1952.92
4112 1949.51
4120 1946.11
4128 1942.73
4136 1939.36
4144 1936.01
4152 1932.67
4160 1929.35
4168 1926.04
4176 1922.76
4184 1919.48
4192 1916.23
4200 1912.99
4208 1909.76
4216 1906.55
4224 1903.36
4232 1900.18
4240 1897.02
4248 1893.88
4256 1890.75
4264 1887.64
4272 1884.55
4280 1881.47
4288 1878.41
4296 1875.36
4304 1872.33
4312 1869.32
4320 1866.32
4328 1863.34
4336 1860.37
4344 1857.43
4352 1854.49
4360 1851.58
4368 1848.68
4376 1845.79
4384 1842.93
4392 1840.07
4400 1837.24
4408 1834.42
4416 1831.62
4424 1828.83
4432 1826.06
4440 1823.3
4448 1820.56
4456 1817.84
4464 1815.13
4472 1812.44
4480 1809.76
4488 1807.1
4496 1804.46
4504 1801.83
4512 1799.22
4520 1796.62
4528 1794.03
4536 1791.47
4544 1788.91
4552 1786.38
4560 1783.85
4568 1781.35
4576 1778.85
4584 1776.38
4592 1773.91
4600 1771.47
4608 1769.03
4616 1766.61
4624 1764.21
4632 1761.82
4640 1759.44
4648 1757.08
4656 1754.74
4664 1752.4
4672 1750.08
4680 1747.78
4688 1745.49
4696 1743.21
4704 1740.95
4712 1738.7
4720 1736.46
4728 1734.24
4736 1732.02
4744 1729.83
4752 1727.64
4760 1725.47
4768 1723.31
4776 1721.17
4784 1719.03
4792 1716.91
4800 1714.8
4808 1712.71
4816 1710.62
4824 1708.55
4832 1706.49
4840 1704.45
4848 1702.41
4856 1700.38
4864 1698.37
4872 1696.37
4880 1694.38
4888 1692.4
4896 1690.43
4904 1688.47
4912 1686.53
4920 1684.59
4928 1682.67
4936 1680.75
4944 1678.85
4952 1676.95
4960 1675.07
4968 1673.2
4976 1671.33
4984 1669.48
4992 1667.63
5000 1665.8
5008 1663.97
5016 1662.15
5024 1660.35
5032 1658.55
5040 1656.76
5048 1654.98
5056 1653.21
5064 1651.44
5072 1649.69
5080 1647.94
5088 1646.2
5096 1644.47
5104 1642.75
5112 1641.03
5120 1639.32
5128 1637.62
5136 1635.93
5144 1634.25
5152 1632.57
5160 1630.9
5168 1629.23
5176 1627.58
5184 1625.92
5192 1624.28
5200 1622.64
5208 1621.01
5216 1619.39
5224 1617.77
5232 1616.15
5240 1614.55
5248 1612.94
5256 1611.35
5264 1609.76
5272 1608.17
5280 1606.59
5288 1605.01
5296 1603.44
5304 1601.88
5312 1600.32
5320 1598.76
5328 1597.21
5336 1595.66
5344 1594.12
5352 1592.58
5360 1591.05
5368 1589.51
5376 1587.99
5384 1586.46
5392 1584.94
5400 1583.43
5408 1581.91
5416 1580.4
5424 1578.9
5432 1577.39
5440 1575.89
5448 1574.39
5456 1572.9
5464 1571.4
5472 1569.91
5480 1568.42
5488 1566.94
5496 1565.45
5504 1563.97
5512 1562.49
5520 1561.01
5528 1559.54
5536 1558.06
5544 1556.59
5552 1555.12
5560 1553.64
5568 1552.17
5576 1550.71
5584 1549.24
5592 1547.77
5600 1546.31
5608 1544.84
5616 1543.38
5624 1541.91
5632 1540.45
5640 1538.99
5648 1537.52
5656 1536.06
5664 1534.6
5672 1533.13
5680 1531.67
5688 1530.21
5696 1528.74
5704 1527.28
5712 1525.82
5720 1524.35
5728 1522.89
5736 1521.42
5744 1519.95
5752 1518.49
5760 1517.02
5768 1515.55
5776 1514.08
5784 1512.61
5792 1511.13
5800 1509.66
5808 1508.18
5816 1506.71
5824 1505.23
5832 1503.75
5840 1502.27
5848 1500.78
5856 1499.3
5864 1497.81
5872 1496.32
5880 1494.83
5888 1493.34
5896 1491.84
5904 1490.34
5912 1488.84
5920 1487.34
5928 1485.84
5936 1484.33
5944 1482.82
5952 1481.31
5960 1479.8
5968 1478.28
5976 1476.76
5984 1475.24
5992 1473.71
6000 1472.19
6008 1470.66
6016 1469.12
6024 1467.59
6032 1466.05
6040 1464.51
6048 1462.96
6056 1461.41
6064 1459.86
6072 1458.31
6080 1456.75
6088 1455.19
6096 1453.63
6104 1452.06
6112 1450.49
6120 1448.91
6128 1447.34
6136 1445.76
6144 1444.17
6152 1442.58
6160 1440.99
6168 1439.4
6176 1437.8
6184 1436.2
6192 1434.59
6200 1432.98
6208 1431.37
6216 1429.76
6224 1428.14
6232 1426.51
6240 1424.88
6248 1423.25
6256 1421.62
6264 1419.98
6272 1418.34
6280 1416.69
6288 1415.04
6296 1413.39
6304 1411.74
6312 1410.07
6320 1408.41
6328 1406.74
6336 1405.07
6344 1403.4
6352 1401.72
6360 1400.03
6368 1398.35
6376 1396.66
6384 1394.96
6392 1393.26
6400 1391.56
6408 1389.86
6416 1388.15
6424 1386.43
6432 1384.72
6440 1383
6448 1381.27
6456 1379.55
6464 1377.82
6472 1376.08
6480 1374.34
6488 1372.6
6496 1370.86
6504 1369.11
6512 1367.35
6520 1365.6
6528 1363.84
6536 1362.08
6544 1360.31
6552 1358.54
6560 1356.77
6568 1354.99
6576 1353.21
6584 1351.43
6592 1349.64
6600 1347.85
6608 1346.06
6616 1344.26
6624 1342.46
6632 1340.66
6640 1338.86
6648 1337.05
6656 1335.24
6664 1333.42
6672 1331.61
6680 1329.79
6688 1327.96
6696 1326.14
6704 1324.31
6712 1322.48
6720 1320.64
6728 1318.81
6736 1316.97
6744 1315.13
6752 1313.28
6760 1311.44
6768 1309.59
6776 1307.74
6784 1305.88
6792 1304.03
6800 1302.17
6808 1300.31
6816 1298.45
6824 1296.58
6832 1294.72
6840 1292.85
6848 1290.98
6856 1289.11
6864 1287.23
6872 1285.36
6880 1283.48
6888 1281.6
6896 1279.72
6904 1277.84
6912 1275.96
6920 1274.07
6928 1272.19
6936 1270.3
6944 1268.41
6952 1266.52
6960 1264.63
6968 1262.74
6976 1260.85
6984 1258.96
6992 1257.06
7000 1255.17
7008 1253.27
7016 1251.38
7024 1249.48
7032 1247.58
7040 1245.69
7048 1243.79
7056 1241.89
7064 1239.99
7072 1238.09
7080 1236.2
7088 1234.3
7096 1232.4
7104 1230.5
7112 1228.6
7120 1226.71
7128 1224.81
7136 1222.91
7144 1221.02
7152 1219.12
7160 1217.22
7168 1215.33
7176 1213.44
7184 1211.54
7192 1209.65
7200 1207.76
7208 1205.87
7216 1203.98
7224 1202.1
7232 1200.21
7240 1198.33
7248 1196.45
7256 1194.56
7264 1192.68
7272 1190.81
7280 1188.93
7288 1187.06
7296 1185.18
7304 1183.31
7312 1181.45
7320 1179.58
7328 1177.72
7336 1175.86
7344 1174
7352 1172.14
7360 1170.29
7368 1168.44
7376 1166.59
7384 1164.74
7392 1162.9
7400 1161.06
7408 1159.22
7416 1157.39
7424 1155.56
7432 1153.73
7440 1151.91
7448 1150.09
7456 1148.27
7464 1146.46
7472 1144.65
7480 1142.84
7488 1141.04
7496 1139.24
7504 1137.45
7512 1135.66
7520 1133.88
7528 1132.09
7536 1130.32
7544 1128.54
7552 1126.78
7560 1125.01
7568 1123.25
7576 1121.5
7584 1119.75
7592 1118.01
7600 1116.27
7608 1114.53
7616 1112.8
7624 1111.08
7632 1109.36
7640 1107.65
7648 1105.94
7656 1104.24
7664 1102.54
7672 1100.85
7680 1099.16
7688 1097.48
7696 1095.81
7704 1094.14
7712 1092.48
7720 1090.82
7728 1089.17
7736 1087.53
7744 1085.89
7752 1084.26
7760 1082.64
7768 1081.02
7776 1079.41
7784 1077.8
7792 1076.21
7800 1074.61
7808 1073.03
7816 1071.45
7824 1069.88
7832 1068.32
7840 1066.77
7848 1065.22
7856 1063.68
7864 1062.14
7872 1060.62
7880 1059.1
7888 1057.59
7896 1056.08
7904 1054.59
7912 1053.1
7920 1051.62
7928 1050.15
7936 1048.69
7944 1047.23
7952 1045.78
7960 1044.34
7968 1042.91
7976 1041.49
7984 1040.07
7992 1038.67
8000 1037.27
8008 1035.88
8016 1034.5
8024 1033.13
8032 1031.77
8040 1030.41
8048 1029.07
8056 1027.73
8064 1026.41
8072 1025.09
8080 1023.78
8088 1022.48
8096 1021.19
8104 1019.91
8112 1018.63
8120 1017.37
8128 1016.12
8136 1014.88
8144 1013.64
8152 1012.42
8160 1011.2
8168 1010
8176 1008.8
8184 1007.62
8192 1006.44
8200 1005.27
8208 1004.12
8216 1002.97
8224 1001.84
8232 1000.71
8240 999.596
8248 998.491
8256 997.395
8264 996.31
8272 995.236
8280 994.171
8288 993.117
8296 992.074
8304 991.041
8312 990.018
8320 989.006
8328 988.005
8336 987.014
8344 986.034
8352 985.064
8360 984.105
8368 983.157
8376 982.22
8384 981.294
8392 980.378
8400 979.474
8408 978.58
8416 977.697
8424 976.826
8432 975.965
8440 975.115
8448 974.276
8456 973.449
8464 972.633
8472 971.827
8480 971.033
8488 970.25
8496 969.478
8504 968.718
8512 967.969
8520 967.231
8528 966.504
8536 965.789
8544 965.085
8552 964.392
8560 963.711
8568 963.041
8576 962.383
8584 961.736
8592 961.101
8600 960.476
8608 959.864
8616 959.263
8624 958.673
8632 958.095
8640 957.528
8648 956.973
8656 956.43
8664 955.897
8672 955.377
8680 954.868
8688 954.371
8696 953.885
8704 953.411
8712 952.948
8720 952.497
8728 952.057
8736 951.629
8744 951.213
8752 950.808
8760 950.415
8768 950.033
8776 949.663
8784 949.304
8792 948.957
8800 948.622
8808 948.298
8816 947.986
8824 947.685
8832 947.396
8840 947.118
8848 946.852
8856 946.597
8864 946.354
8872 946.122
8880 945.902
8888 945.693
8896 945.496
8904 945.31
8912 945.135
8920 944.972
8928 944.82
8936 944.68
8944 944.551
8952 944.433
8960 944.327
8968 944.232
8976 944.148
8984 944.075
8992 944.014
9000 943.964
9008 943.925
9016 943.897
9024 943.88
9032 943.875
9040 943.88
9048 943.897
9056 943.924
9064 943.963
9072 944.012
9080 944.073
9088 944.144
9096 944.226
9104 944.319
9112 944.423
9120 944.538
9128 944.663
9136 944.799
9144 944.946
9152 945.103
9160 945.271
9168 945.45
9176 945.639
9184 945.838
9192 946.048
9200 946.269
9208 946.5
9216 946.741
9224 946.992
9232 947.254
9240 947.526
9248 947.808
9256 948.1
9264 948.402
9272 948.714
9280 949.036
9288 949.368
9296 949.71
9304 950.062
9312 950.424
9320 950.795
9328 951.176
9336 951.567
9344 951.967
9352 952.377
9360 952.797
9368 953.225
9376 953.663
9384 954.111
9392 954.568
9400 955.034
9408 955.509
9416 955.993
9424 956.487
9432 956.989
9440 957.5
9448 958.02
9456 958.549
9464 959.087
9472 959.634
9480 960.189
9488 960.753
9496 961.325
9504 961.906
9512 962.495
9520 963.092
9528 963.698
9536 964.312
9544 964.934
9552 965.565
9560 966.203
9568 966.849
9576 967.504
9584 968.166
9592 968.836
9600 969.513
9608 970.198
9616 970.891
9624 971.592
9632 972.299
9640 973.015
9648 973.737
9656 974.467
9664 975.204
9672 975.948
9680 976.699
9688 977.457
9696 978.222
9704 978.994
9712 979.772
9720 980.557
9728 981.349
9736 982.148
9744 982.952
9752 983.764
9760 984.581
9768 985.405
9776 986.235
9784 987.071
9792 987.913
9800 988.762
9808 989.616
9816 990.475
9824 991.341
9832 992.212
9840 993.089
9848 993.971
9856 994.859
9864 995.752
9872 996.651
9880 997.555
9888 998.463
9896 999.377
9904 1000.3
9912 1001.22
9920 1002.15
9928 1003.08
9936 1004.02
9944 1004.96
9952 1005.91
9960 1006.86
9968 1007.82
9976 1008.78
9984 1009.74
9992 1010.71
10000 1011.68
10008 1012.66
10016 1013.64
10024 1014.63
10032 1015.61
10040 1016.61
10048 1017.6
10056 1018.6
10064 1019.6
10072 1020.61
10080 1021.62
10088 1022.63
10096 1023.65
10104 1024.66
10112 1025.69
10120 1026.71
10128 1027.74
10136 1028.77
10144 1029.8
10152 1030.83
10160 1031.87
10168 1032.91
10176 1033.95
10184 1035
10192 1036.05
10200 1037.09
10208 1038.15
10216 1039.2
10224 1040.25
10232 1041.31
10240 1042.37
10248 1043.43
10256 1044.49
10264 1045.55
10272 1046.62
10280 1047.68
10288 1048.75
10296 1049.82
10304 1050.89
10312 1051.96
10320 1053.03
10328 1054.1
10336 1055.18
10344 1056.25
10352 1057.32
10360 1058.4
10368 1059.47
10376 1060.55
10384 1061.63
10392 1062.7
10400 1063.78
10408 1064.86
10416 1065.93
10424 1067.01
10432 1068.09
10440 1069.17
10448 1070.24
10456 1071.32
10464 1072.39
10472 1073.47
10480 1074.55
10488 1075.62
10496 1076.69
10504 1077.77
10512 1078.84
10520 1079.91
10528 1080.98
10536 1082.05
10544 1083.12
10552 1084.19
10560 1085.25
10568 1086.32
10576 1087.38
10584 1088.44
10592 1089.5
10600 1090.56
10608 1091.62
10616 1092.68
10624 1093.73
10632 1094.78
10640 1095.84
10648 1096.88
10656 1097.93
10664 1098.98
10672 1100.02
10680 1101.06
10688 1102.1
10696 1103.13
10704 1104.17
10712 1105.2
10720 1106.23
10728 1107.25
10736 1108.28
10744 1109.3
10752 1110.32
10760 1111.33
10768 1112.34
10776 1113.35
10784 1114.36
10792 1115.36
10800 1116.37
10808 1117.36
10816 1118.36
10824 1119.35
10832 1120.34
10840 1121.32
10848 1122.31
10856 1123.28
10864 1124.26
10872 1125.23
10880 1126.2
10888 1127.16
10896 1128.12
10904 1129.08
10912 1130.03
10920 1130.98
10928 1131.93
10936 1132.87
10944 1133.81
10952 1134.74
10960 1135.67
10968 1136.6
10976 1137.52
10984 1138.44
10992 1139.35
11000 1140.26
11008 1141.17
11016 1142.07
11024 1142.97
11032 1143.86
11040 1144.75
11048 1145.63
11056 1146.51
11064 1147.38
11072 1148.25
11080 1149.12
11088 1149.98
11096 1150.84
11104 1151.69
11112 1152.54
11120 1153.38
11128 1154.22
11136 1155.05
11144 1155.88
11152 1156.7
11160 1157.52
11168 1158.33
11176 1159.14
11184 1159.94
11192 1160.74
11200 1161.54
11208 1162.33
11216 1163.11
11224 1163.89
11232 1164.66
11240 1165.43
11248 1166.19
11256 1166.95
11264 1167.71
11272 1168.45
11280 1169.2
11288 1169.93
11296 1170.67
11304 1171.39
11312 1172.12
11320 1172.83
11328 1173.55
11336 1174.25
11344 1174.95
11352 1175.65
11360 1176.34
11368 1177.02
11376 1177.7
11384 1178.38
11392 1179.05
11400 1179.71
11408 1180.37
11416 1181.02
11424 1181.67
11432 1182.32
11440 1182.95
11448 1183.59
11456 1184.21
11464 1184.83
11472 1185.45
11480 1186.06
11488 1186.67
11496 1187.27
11504 1187.86
11512 1188.45
11520 1189.03
11528 1189.61
11536 1190.19
11544 1190.75
11552 1191.32
11560 1191.88
11568 1192.43
11576 1192.98
11584 1193.52
11592 1194.05
11600 1194.59
11608 1195.11
11616 1195.63
11624 1196.15
11632 1196.66
11640 1197.17
11648 1197.67
11656 1198.16
11664 1198.65
11672 1199.14
11680 1199.62
11688 1200.09
11696 1200.56
11704 1201.03
11712 1201.49
11720 1201.94
11728 1202.4
11736 1202.84
11744 1203.28
11752 1203.72
11760 1204.15
11768 1204.58
11776 1205
11784 1205.41
11792 1205.83
11800 1206.23
11808 1206.64
11816 1207.04
11824 1207.43
11832 1207.82
11840 1208.2
11848 1208.58
11856 1208.96
11864 1209.33
11872 1209.7
11880 1210.06
11888 1210.42
11896 1210.77
11904 1211.12
11912 1211.47
11920 1211.81
11928 1212.15
11936 1212.48
11944 1212.81
11952 1213.14
11960 1213.46
11968 1213.78
11976 1214.09
11984 1214.4
11992 1214.71
12000 1215.01
12008 1215.31
12016 1215.61
12024 1215.9
12032 1216.19
12040 1216.48
12048 1216.76
12056 1217.04
12064 1217.31
12072 1217.58
12080 1217.85
12088 1218.12
12096 1218.38
12104 1218.64
12112 1218.9
12120 1219.15
12128 1219.4
12136 1219.65
12144 1219.9
12152 1220.14
12160 1220.38
12168 1220.62
12176 1220.85
12184 1221.08
12192 1221.31
12200 1221.54
12208 1221.77
12216 1221.99
12224 1222.21
12232 1222.43
12240 1222.65
12248 1222.86
12256 1223.07
12264 1223.28
12272 1223.49
12280 1223.7
12288 1223.91
12296 1224.11
12304 1224.32
12312 1224.52
12320 1224.72
12328 1224.92
12336 1225.11
12344 1225.31
12352 1225.5
12360 1225.7
12368 1225.89
12376 1226.08
12384 1226.27
12392 1226.46
12400 1226.65
12408 1226.84
12416 1227.03
12424 1227.22
12432 1227.41
12440 1227.59
12448 1227.78
12456 1227.97
12464 1228.15
12472 1228.34
12480 1228.53
12488 1228.71
12496 1228.9
12504 1229.08
12512 1229.27
12520 1229.46
12528 1229.65
12536 1229.83
12544 1230.02
12552 1230.21
12560 1230.4
12568 1230.59
12576 1230.78
12584 1230.98
12592 1231.17
12600 1231.36
12608 1231.56
12616 1231.76
12624 1231.96
12632 1232.16
12640 1232.36
12648 1232.56
12656 1232.76
12664 1232.97
12672 1233.18
12680 1233.39
12688 1233.6
12696 1233.81
12704 1234.03
12712 1234.24
12720 1234.46
12728 1234.68
12736 1234.91
12744 1235.14
12752 1235.36
12760 1235.6
12768 1235.83
12776 1236.07
12784 1236.31
12792 1236.55
12800 1236.8
12808 1237.04
12816 1237.3
12824 1237.55
12832 1237.81
12840 1238.07
12848 1238.34
12856 1238.6
12864 1238.88
12872 1239.15
12880 1239.43
12888 1239.71
12896 1240
12904 1240.29
12912 1240.58
12920 1240.88
12928 1241.18
12936 1241.49
12944 1241.8
12952 1242.12
12960 1242.44
12968 1242.76
12976 1243.09
12984 1243.42
12992 1243.76
13000 1244.1
13008 1244.45
13016 1244.8
13024 1245.16
13032 1245.52
13040 1245.89
13048 1246.26
13056 1246.64
13064 1247.02
13072 1247.41
13080 1247.8
13088 1248.2
13096 1248.61
13104 1249.02
13112 1249.43
13120 1249.85
13128 1250.28
13136 1250.71
13144 1251.15
13152 1251.6
13160 1252.05
13168 1252.5
13176 1252.97
13184 1253.44
13192 1253.91
13200 1254.39
13208 1254.88
13216 1255.38
13224 1255.88
13232 1256.38
13240 1256.9
13248 1257.42
13256 1257.95
13264 1258.48
13272 1259.02
13280 1259.57
13288 1260.13
13296 1260.69
13304 1261.26
13312 1261.83
13320 1262.41
13328 1263
13336 1263.6
13344 1264.21
13352 1264.82
13360 1265.44
13368 1266.06
13376 1266.7
13384 1267.34
13392 1267.99
13400 1268.64
13408 1269.31
13416 1269.98
13424 1270.66
13432 1271.34
13440 1272.04
13448 1272.74
13456 1273.45
13464 1274.17
13472 1274.9
13480 1275.63
13488 1276.37
13496 1277.12
13504 1277.88
13512 1278.65
13520 1279.42
13528 1280.2
13536 1280.99
13544 1281.79
13552 1282.6
13560 1283.41
13568 1284.23
13576 1285.06
13584 1285.9
13592 1286.75
13600 1287.61
13608 1288.47
13616 1289.34
13624 1290.23
13632 1291.11
13640 1292.01
13648 1292.92
13656 1293.83
13664 1294.76
13672 1295.69
13680 1296.63
13688 1297.58
13696 1298.53
13704 1299.5
13712 1300.47
13720 1301.45
13728 1302.44
13736 1303.44
13744 1304.45
13752 1305.47
13760 1306.49
13768 1307.53
13776 1308.57
13784 1309.62
13792 1310.68
13800 1311.74
13808 1312.82
13816 1313.9
13824 1315
13832 1316.1
13840 1317.21
13848 1318.32
13856 1319.45
13864 1320.59
13872 1321.73
13880 1322.88
13888 1324.04
13896 1325.21
13904 1326.38
13912 1327.57
13920 1328.76
13928 1329.96
13936 1331.17
13944 1332.39
13952 1333.62
13960 1334.85
13968 1336.09
13976 1337.34
13984 1338.6
13992 1339.87
14000 1341.14
14008 1342.42
14016 1343.71
14024 1345.01
14032 1346.32
14040 1347.63
14048 1348.95
14056 1350.28
14064 1351.62
14072 1352.96
14080 1354.32
14088 1355.68
14096 1357.04
14104 1358.42
14112 1359.8
14120 1361.19
14128 1362.59
14136 1363.99
14144 1365.4
14152 1366.82
14160 1368.24
14168 1369.68
14176 1371.12
14184 1372.56
14192 1374.01
14200 1375.47
14208 1376.94
14216 1378.41
14224 1379.89
14232 1381.38
14240 1382.87
14248 1384.37
14256 1385.88
14264 1387.39
14272 1388.91
14280 1390.43
14288 1391.96
14296 1393.5
14304 1395.04
14312 1396.59
14320 1398.14
14328 1399.7
14336 1401.26
14344 1402.83
14352 1404.41
14360 1405.99
14368 1407.57
14376 1409.16
14384 1410.76
14392 1412.36
14400 1413.97
14408 1415.58
14416 1417.19
14424 1418.81
14432 1420.43
14440 1422.06
14448 1423.7
14456 1425.33
14464 1426.97
14472 1428.62
14480 1430.27
14488 1431.92
14496 1433.58
14504 1435.24
14512 1436.9
14520 1438.57
14528 1440.24
14536 1441.91
14544 1443.59
14552 1445.26
14560 1446.95
14568 1448.63
14576 1450.32
14584 1452.01
14592 1453.7
14600 1455.39
14608 1457.09
14616 1458.89
14624 1460.49
14632 1462.19
14640 1463.89
14648 1465.6
14656 1467.3
14664 1469.01
14672 1470.72
14680 1472.43
14688 1474.14
14696 1475.85
14704 1477.57
14712 1479.28
14720 1480.99
14728 1482.71
14736 1484.42
14744 1486.13
14752 1487.85
14760 1489.56
14768 1491.27
14776 1492.99
14784 1494.7
14792 1496.41
14800 1498.12
14808 1499.83
14816 1501.53
14824 1503.24
14832 1504.95
14840 1506.65
14848 1508.35
14856 1510.05
14864 1511.75
14872 1513.44
14880 1515.14
14888 1516.83
14896 1518.51
14904 1520.2
14912 1521.88
14920 1523.56
14928 1525.24
14936 1526.91
14944 1528.58
14952 1530.24
14960 1531.91
14968 1533.56
14976 1535.22
14984 1536.87
14992 1538.51
15000 1540.15
15008 1541.79
15016 1543.42
15024 1545.05
15032 1546.67
15040 1548.29
15048 1549.9
15056 1551.5
15064 1553.1
15072 1554.7
15080 1556.28
15088 1557.87
15096 1559.44
15104 1561.01
15112 1562.57
15120 1564.13
15128 1565.68
15136 1567.22
15144 1568.75
15152 1570.28
15160 1571.8
15168 1573.31
15176 1574.82
15184 1576.31
15192 1577.8
15200 1579.28
15208 1580.75
15216 1582.22
15224 1583.67
15232 1585.12
15240 1586.55
15248 1587.98
15256 1589.4
15264 1590.81
15272 1592.21
15280 1593.6
15288 1594.98
15296 1596.35
15304 1597.71
15312 1599.06
15320 1600.4
15328 1601.73
15336 1603.05
15344 1604.35
15352 1605.65
15360 1606.94
15368 1608.21
15376 1609.47
15384 1610.72
15392 1611.96
15400 1613.19
15408 1614.41
15416 1615.61
15424 1616.8
15432 1617.98
15440 1619.15
15448 1620.3
15456 1621.45
15464 1622.58
15472 1623.69
15480 1624.79
15488 1625.88
15496 1626.96
15504 1628.02
15512 1629.07
15520 1630.11
15528 1631.13
15536 1632.14
15544 1633.13
15552 1634.11
15560 1635.08
15568 1636.03
15576 1636.96
15584 1637.89
15592 1638.79
15600 1639.69
15608 1640.56
15616 1641.43
15624 1642.27
15632 1643.1
15640 1643.92
15648 1644.72
15656 1645.51
15664 1646.28
15672 1647.03
15680 1647.77
15688 1648.49
15696 1649.2
15704 1649.89
15712 1650.57
15720 1651.22
15728 1651.87
15736 1652.49
15744 1653.1
15752 1653.69
15760 1654.27
15768 1654.83
15776 1655.37
15784 1655.9
15792 1656.4
15800 1656.9
15808 1657.37
15816 1657.83
15824 1658.27
15832 1658.69
15840 1659.1
15848 1659.49
15856 1659.86
15864 1660.21
15872 1660.55
15880 1660.87
15888 1661.17
15896 1661.46
15904 1661.72
15912 1661.97
15920 1662.21
15928 1662.42
15936 1662.62
15944 1662.8
15952 1662.96
15960 1663.1
15968 1663.23
15976 1663.34
15984 1663.43
15992 1663.5
16000 1663.55
16008 1663.59
16016 1663.61
16024 1663.62
16032 1663.6
16040 1663.57
16048 1663.52
16056 1663.45
16064 1663.36
16072 1663.26
16080 1663.14
16088 1663
16096 1662.85
16104 1662.67
16112 1662.48
16120 1662.28
16128 1662.05
16136 1661.81
16144 1661.55
16152 1661.28
16160 1660.98
16168 1660.67
16176 1660.35
16184 1660
16192 1659.65
16200 1659.27
16208 1658.88
16216 1658.47
16224 1658.04
16232 1657.6
16240 1657.14
16248 1656.67
16256 1656.18
16264 1655.67
16272 1655.15
16280 1654.62
16288 1654.07
16296 1653.5
16304 1652.92
16312 1652.32
16320 1651.71
16328 1651.08
16336 1650.44
16344 1649.79
16352 1649.12
16360 1648.43
16368 1647.74
16376 1647.02
16384 1646.3
16392 1645.56
16400 1644.81
16408 1644.05
16416 1643.27
16424 1642.48
16432 1641.68
16440 1640.86
16448 1640.04
16456 1639.2
16464 1638.35
16472 1637.49
16480 1636.62
16488 1635.74
16496 1634.84
16504 1633.94
16512 1633.03
16520 1632.11
16528 1631.17
16536 1630.23
16544 1629.28
16552 1628.32
16560 1627.35
16568 1626.37
16576 1625.39
16584 1624.4
16592 1623.4
16600 1622.39
16608 1621.38
16616 1620.36
16624 1619.33
16632 1618.3
16640 1617.26
16648 1616.22
16656 1615.17
16664 1614.12
16672 1613.06
16680 1612
16688 1610.94
16696 1609.87
16704 1608.8
16712 1607.73
16720 1606.66
16728 1605.58
16736 1604.5
16744 1603.43
16752 1602.35
16760 1601.27
16768 1600.19
16776 1599.11
16784 1598.04
16792 1596.96
16800 1595.89
16808 1594.82
16816 1593.75
16824 1592.69
16832 1591.63
16840 1590.57
16848 1589.52
16856 1588.47
16864 1587.43
16872 1586.39
16880 1585.36
16888 1584.34
16896 1583.33
16904 1582.32
16912 1581.32
16920 1580.33
16928 1579.35
16936 1578.38
16944 1577.42
16952 1576.47
16960 1575.53
16968 1574.6
16976 1573.69
16984 1572.79
16992 1571.9
17000 1571.02
17008 1570.16
17016 1569.32
17024 1568.49
17032 1567.68
17040 1566.88
17048 1566.1
17056 1565.34
17064 1564.6
17072 1563.88
17080 1563.17
17088 1562.49
17096 1561.83
17104 1561.19
17112 1560.57
17120 1559.97
17128 1559.4
17136 1558.85
17144 1558.33
17152 1557.83
17160 1557.35
17168 1556.9
17176 1556.48
17184 1556.09
17192 1555.73
17200 1555.39
17208 1555.08
17216 1554.81
17224 1554.56
17232 1554.35
17240 1554.17
17248 1554.02
17256 1553.9
17264 1553.82
17272 1553.78
17280 1553.77
17288 1553.79
17296 1553.85
17304 1553.96
17312 1554.09
17320 1554.27
17328 1554.49
17336 1554.75
17344 1555.05
17352 1555.39
17360 1555.77
17368 1556.2
17376 1556.67
17384 1557.19
17392 1557.75
17400 1558.35
17408 1559.01
17416 1559.71
17424 1560.46
17432 1561.26
17440 1562.11
17448 1563.01
17456 1563.96
17464 1564.96
17472 1566.02
17480 1567.13
17488 1568.29
17496 1569.51
17504 1570.79
17512 1572.12
17520 1573.51
17528 1574.96
17536 1576.46
17544 1578.03
17552 1579.65
17560 1581.34
17568 1583.09
17576 1584.9
17584 1586.77
17592 1588.71
17600 1590.72
17608 1592.79
17616 1594.92
17624 1597.12
17632 1599.39
17640 1601.73
17648 1604.14
17656 1606.62
17664 1609.17
17672 1611.79
17680 1614.48
17688 1617.25
17696 1620.09
17704 1623.01
17712 1626
17720 1629.06
17728 1632.21
17736 1635.43
17744 1638.73
17752 1642.11
17760 1645.57
17768 1649.11
17776 1652.73
17784 1656.43
17792 1660.21
17800 1664.08
17808 1668.03
17816 1672.07
17824 1676.19
17832 1680.4
17840 1684.7
17848 1689.08
17856 1693.55
17864 1698.11
17872 1702.76
17880 1707.5
17888 1712.33
17896 1717.25
17904 1722.27
17912 1727.37
17920 1732.57
17928 1737.87
17936 1743.26
17944 1748.74
17952 1754.32
17960 1760
17968 1765.78
17976 1771.65
17984 1777.62
17992 1783.69
18000 1789.86
18008 1796.13
18016 1802.49
18024 1808.96
18032 1815.54
18040 1822.21
18048 1828.99
18056 1835.86
18064 1842.85
18072 1849.93
18080 1857.13
18088 1864.42
18096 1871.82
18104 1879.33
18112 1886.94
18120 1894.66
18128 1902.49
18136 1910.42
18144 1918.46
18152 1926.61
18160 1934.87
18168 1943.24
18176 1951.71
18184 1960.29
18192 1968.99
18200 1977.79
18208 1986.7
18216 1995.73
18224 2004.86
18232 2014.11
18240 2023.46
18248 2032.93
18256 2042.5
18264 2052.19
18272 2061.99
18280 2071.9
18288 2081.92
18296 2092.06
18304 2102.3
18312 2112.66
18320 2123.13
18328 2133.7
18336 2144.4
18344 2155.2
18352 2166.11
18360 2177.13
18368 2188.27
18376 2199.51
18384 2210.87
18392 2222.33
18400 2233.91
18408 2245.59
18416 2257.39
18424 2269.29
18432 2281.31
18440 2293.43
18448 2305.65
18456 2317.99
18464 2330.43
18472 2342.98
18480 2355.64
18488 2368.4
18496 2381.27
18504 2394.24
18512 2407.31
18520 2420.49
18528 2433.77
18536 2447.15
18544 2460.63
18552 2474.21
18560 2487.9
18568 2501.67
18576 2515.55
18584 2529.52
18592 2543.59
18600 2557.76
18608 2572.01
18616 2586.36
18624 2600.8
18632 2615.33
18640 2629.95
18648 2644.66
18656 2659.45
18664 2674.33
18672 2689.29
18680 2704.34
18688 2719.46
18696 2734.67
18704 2749.95
18712 2765.31
18720 2780.74
18728 2796.25
18736 2811.82
18744 2827.47
18752 2843.18
18760 2858.96
18768 2874.81
18776 2890.72
18784 2906.68
18792 2922.71
18800 2938.79
18808 2954.92
18816 2971.11
18824 2987.34
18832 3003.63
18840 3019.95
18848 3036.32
18856 3052.73
18864 3069.18
18872 3085.66
18880 3102.17
18888 3118.71
18896 3135.28
18904 3151.87
18912 3168.49
18920 3185.12
18928 3201.77
18936 3218.42
18944 3235.09
18952 3251.76
18960 3268.44
18968 3285.11
18976 3301.78
18984 3318.44
18992 3335.09
19000 3351.73
19008 3368.35
19016 3384.94
19024 3401.51
19032 3418.05
19040 3434.55
19048 3451.02
19056 3467.44
19064 3483.82
19072 3500.15
19080 3516.42
19088 3532.64
19096 3548.78
19104 3564.87
19112 3580.88
19120 3596.81
19128 3612.65
19136 3628.42
19144 3644.08
19152 3659.66
19160 3675.13
19168 3690.49
19176 3705.73
19184 3720.86
19192 3735.87
19200 3750.75
19208 3765.49
19216 3780.09
19224 3794.54
19232 3808.84
19240 3822.98
19248 3836.96
19256 3850.76
19264 3864.39
19272 3877.83
19280 3891.08
19288 3904.14
19296 3916.99
19304 3929.63
19312 3942.05
19320 3954.24
19328 3966.21
19336 3977.93
19344 3989.41
19352 4000.63
19360 4011.59
19368 4022.28
19376 4032.7
19384 4042.82
19392 4052.66
19400 4062.19
19408 4071.41
19416 4080.31
19424 4088.88
19432 4097.12
19440 4105.02
19448 4112.55
19456 4119.73
19464 4126.54
19472 4132.96
19480 4138.99
19488 4144.62
19496 4149.84
19504 4154.64
19512 4159.01
19520 4162.94
19528 4166.42
19536 4169.44
19544 4171.99
19552 4174.05
19560 4175.62
19568 4176.69
19576 4177.24
19584 4177.27
19592 4176.75
19600 4175.69
19608 4174.07
19616 4171.87
19624 4169.09
19632 4165.71
19640 4161.72
19648 4157.11
19656 4151.87
19664 4145.97
19672 4139.42
19680 4132.19
19688 4124.27
19696 4115.65
19704 4106.32
19712 4096.26
19720 4085.46
19728 4073.9
19736 4061.57
19744 4048.45
19752 4034.54
19760 4019.81
19768 4004.24
19776 3987.84
19784 3970.57
19792 3952.42
19800 3933.39
19808 3913.44
19816 3892.57
19824 3870.76
19832 3847.98
19840 3824.24
19848 3799.5
19856 3773.76
19864 3746.98
19872 3719.17
19880 3690.29
19888 3660.33
19896 3629.27
19904 3597.1
19912 3563.79
19920 3529.32
19928 3493.68
19936 3456.85
19944 3418.81
19952 3379.54
19960 3339.01
19968 3297.21
19976 3254.12
19984 3209.71
19992 3163.97
20000 3116.87
20008 3068.39
20016 3018.52
20024 2967.23
20032 2914.49
20040 2860.29
20048 2804.59
20056 2747.39
20064 2688.66
20072 2628.36
20080 2566.49
20088 2503.01
20096 2437.9
