0 2114.88
8 2077.88
16 2041.53
24 2005.82
32 1970.74
40 1936.28
48 1902.45
56 1869.23
64 1836.62
72 1804.62
80 1773.21
88 1742.38
96 1712.15
104 1682.49
112 1653.4
120 1624.88
128 1596.93
136 1569.52
144 1542.67
152 1516.35
160 1490.58
168 1465.34
176 1440.62
184 1416.42
192 1392.74
200 1369.57
208 1346.91
216 1324.74
224 1303.06
232 1281.88
240 1261.18
248 1240.95
256 1221.2
264 1201.91
272 1183.08
280 1164.72
288 1146.8
296 1129.33
304 1112.3
312 1095.71
320 1079.56
328 1063.82
336 1048.51
344 1033.62
352 1019.14
360 1005.07
368 991.4
376 978.129
384 965.251
392 952.763
400 940.659
408 928.935
416 917.587
424 906.609
432 895.998
440 885.749
448 875.858
456 866.32
464 857.131
472 848.286
480 839.783
488 831.615
496 823.78
504 816.273
512 809.089
520 802.225
528 795.677
536 789.441
544 783.512
552 777.887
560 772.561
568 767.532
576 762.794
584 758.345
592 754.18
600 750.296
608 746.688
616 743.354
624 740.289
632 737.489
640 734.952
648 732.673
656 730.65
664 728.877
672 727.353
680 726.072
688 725.033
696 724.231
704 723.664
712 723.327
720 723.217
728 723.331
736 723.667
744 724.219
752 724.986
760 725.964
768 727.149
776 728.54
784 730.132
792 731.922
800 733.907
808 736.085
816 738.452
824 741.006
832 743.742
840 746.659
848 749.754
856 753.023
864 756.463
872 760.072
880 763.847
888 767.786
896 771.884
904 776.14
912 780.551
920 785.115
928 789.827
936 794.687
944 799.69
952 804.835
960 810.12
968 815.54
976 821.095
984 826.78
992 832.595
1000 838.536
1008 844.601
1016 850.787
1024 857.092
1032 863.515
1040 870.051
1048 876.699
1056 883.458
1064 890.323
1072 897.294
1080 904.367
1088 911.541
1096 918.813
1104 926.182
1112 933.644
1120 941.199
1128 948.843
1136 956.575
1144 964.392
1152 972.293
1160 980.275
1168 988.336
1176 996.475
1184 1004.69
1192 1012.98
1200 1021.34
1208 1029.77
1216 1038.26
1224 1046.82
1232 1055.45
1240 1064.14
1248 1072.89
1256 1081.69
1264 1090.55
1272 1099.47
1280 1108.44
1288 1117.47
1296 1126.54
1304 1135.66
1312 1144.82
1320 1154.03
1328 1163.28
1336 1172.58
1344 1181.91
1352 1191.28
1360 1200.69
1368 1210.13
1376 1219.61
1384 1229.11
1392 1238.65
1400 1248.22
1408 1257.81
1416 1267.43
1424 1277.07
1432 1286.74
1440 1296.42
1448 1306.13
1456 1315.86
1464 1325.6
1472 1335.36
1480 1345.13
1488 1354.92
1496 1364.72
1504 1374.53
1512 1384.34
1520 1394.17
1528 1404
1536 1413.84
1544 1423.68
1552 1433.53
1560 1443.38
1568 1453.23
1576 1463.07
1584 1472.92
1592 1482.77
1600 1492.6
1608 1502.44
1616 1512.27
1624 1522.09
1632 1531.9
1640 1541.71
1648 1551.5
1656 1561.28
1664 1571.06
1672 1580.81
1680 1590.55
1688 1600.28
1696 1609.99
1704 1619.69
1712 1629.36
1720 1639.02
1728 1648.66
1736 1658.27
1744 1667.87
1752 1677.44
1760 1686.98
1768 1696.51
1776 1706.01
1784 1715.48
1792 1724.92
1800 1734.34
1808 1743.73
1816 1753.09
1824 1762.42
1832 1771.72
1840 1780.99
1848 1790.22
1856 1799.43
1864 1808.6
1872 1817.73
1880 1826.83
1888 1835.9
1896 1844.92
1904 1853.91
1912 1862.87
1920 1871.78
1928 1880.66
1936 1889.49
1944 1898.29
1952 1907.04
1960 1915.76
1968 1924.43
1976 1933.06
1984 1941.65
1992 1950.19
2000 1958.69
2008 1967.14
2016 1975.55
2024 1983.91
2032 1992.23
2040 2000.5
2048 2008.72
2056 2016.9
2064 2025.03
2072 2033.11
2080 2041.14
2088 2049.12
2096 2057.05
2104 2064.93
2112 2072.76
2120 2080.54
2128 2088.27
2136 2095.94
2144 2103.56
2152 2111.14
2160 2118.65
2168 2126.12
2176 2133.53
2184 2140.89
2192 2148.62
2200 2155.44
2208 2162.63
2216 2169.77
2224 2176.85
2232 2183.88
2240 2190.85
2248 2197.76
2256 2204.62
2264 2211.42
2272 2218.16
2280 2224.85
2288 2231.48
2296 2238.05
2304 2244.56
2312 2251.02
2320 2257.42
2328 2263.75
2336 2270.03
2344 2276.25
2352 2282.41
2360 2288.51
2368 2294.56
2376 2300.54
2384 2306.46
2392 2312.32
2400 2318.12
2408 2323.87
2416 2329.55
2424 2335.17
2432 2340.73
2440 2346.23
2448 2351.67
2456 2357.04
2464 2362.36
2472 2367.61
2480 2372.81
2488 2377.94
2496 2383.01
2504 2388.02
2512 2392.97
2520 2397.86
2528 2402.68
2536 2407.45
2544 2412.15
2552 2416.79
2560 2421.37
2568 2425.88
2576 2430.34
2584 2434.73
2592 2439.06
2600 2443.33
2608 2447.54
2616 2451.69
2624 2455.77
2632 2459.79
2640 2463.75
2648 2467.65
2656 2471.49
2664 2475.27
2672 2478.98
2680 2482.63
2688 2486.22
2696 2489.75
2704 2493.22
2712 2496.63
2720 2499.97
2728 2503.26
2736 2506.48
2744 2509.65
2752 2512.75
2760 2515.79
2768 2518.77
2776 2521.69
2784 2524.54
2792 2527.34
2800 2530.08
2808 2532.76
2816 2535.37
2824 2537.93
2832 2540.43
2840 2542.87
2848 2545.24
2856 2547.56
2864 2549.82
2872 2552.02
2880 2554.16
2888 2556.24
2896 2558.26
2904 2560.23
2912 2562.13
2920 2563.98
2928 2565.77
2936 2567.5
2944 2569.17
2952 2570.79
2960 2572.35
2968 2573.85
2976 2575.29
2984 2576.68
2992 2578
3000 2579.28
3008 2580.49
3016 2581.65
3024 2582.76
3032 2583.8
3040 2584.8
3048 2585.73
3056 2586.61
3064 2587.44
3072 2588.21
3080 2588.93
3088 2589.59
3096 2590.2
3104 2590.75
3112 2591.25
3120 2591.7
3128 2592.09
3136 2592.43
3144 2592.72
3152 2592.96
3160 2593.14
3168 2593.27
3176 2593.35
3184 2593.37
3192 2593.35
3200 2593.27
3208 2593.14
3216 2592.97
3224 2592.74
3232 2592.46
3240 2592.13
3248 2591.75
3256 2591.32
3264 2590.84
3272 2590.32
3280 2589.74
3288 2589.12
3296 2588.45
3304 2587.73
3312 2586.96
3320 2586.14
3328 2585.28
3336 2584.37
3344 2583.42
3352 2582.41
3360 2581.37
3368 2580.27
3376 2579.13
3384 2577.95
3392 2576.72
3400 2575.44
3408 2574.12
3416 2572.76
3424 2571.35
3432 2569.9
3440 2568.41
3448 2566.87
3456 2565.29
3464 2563.67
3472 2562
3480 2560.3
3488 2558.55
3496 2556.76
3504 2554.93
3512 2553.06
3520 2551.14
3528 2549.19
3536 2547.2
3544 2545.17
3552 2543.1
3560 2540.99
3568 2538.84
3576 2536.65
3584 2534.43
3592 2532.16
3600 2529.86
3608 2527.52
3616 2525.15
3624 2522.74
3632 2520.29
3640 2517.81
3648 2515.29
3656 2512.73
3664 2510.14
3672 2507.51
3680 2504.85
3688 2502.16
3696 2499.43
3704 2496.67
3712 2493.88
3720 2491.05
3728 2488.19
3736 2485.29
3744 2482.37
3752 2479.41
3760 2476.42
3768 2473.4
3776 2470.35
3784 2467.26
3792 2464.15
3800 2461.01
3808 2457.84
3816 2454.63
3824 2451.4
3832 2448.14
3840 2444.85
3848 2441.54
3856 2438.19
3864 2434.82
3872 2431.42
3880 2427.99
3888 2424.54
3896 2421.06
3904 2417.55
3912 2414.02
3920 2410.46
3928 2406.88
3936 2403.27
3944 2399.63
3952 2395.98
3960 2392.29
3968 2388.59
3976 2384.86
3984 2381.11
3992 2377.33
4000 2373.53
4008 2369.71
4016 2365.87
4024 2362
4032 2358.12
4040 2354.21
4048 2350.28
4056 2346.33
4064 2342.36
4072 2338.38
4080 2334.37
4088 2330.34
4096 2326.29
4104 2322.22
4112 2318.14
4120 2314.03
4128 2309.91
4136 2305.77
4144 2301.62
4152 2297.44
4160 2293.25
4168 2289.04
4176 2284.82
4184 2280.58
4192 2276.32
4200 2272.05
4208 2267.77
4216 2263.47
4224 2259.15
4232 2254.82
4240 2250.47
4248 2246.11
4256 2241.74
4264 2237.36
4272 2232.96
4280 2228.55
4288 2224.12
4296 2219.69
4304 2215.24
4312 2210.78
4320 2206.31
4328 2201.82
4336 2197.33
4344 2192.82
4352 2188.31
4360 2183.79
4368 2179.25
4376 2174.71
4384 2169.61
4392 2165.59
4400 2161.02
4408 2156.44
4416 2151.85
4424 2147.25
4432 2142.65
4440 2138.03
4448 2133.41
4456 2128.79
4464 2124.15
4472 2119.51
4480 2114.87
4488 2110.21
4496 2105.56
4504 2100.89
4512 2096.22
4520 2091.55
4528 2086.87
4536 2082.18
4544 2077.49
4552 2072.8
4560 2068.1
4568 2063.4
4576 2058.7
4584 2053.99
4592 2049.28
4600 2044.57
4608 2039.85
4616 2035.13
4624 2030.41
4632 2025.69
4640 2020.97
4648 2016.24
4656 2011.52
4664 2006.79
4672 2002.06
4680 1997.33
4688 1992.6
4696 1987.87
4704 1983.14
4712 1978.41
4720 1973.68
4728 1968.95
4736 1964.23
4744 1959.5
4752 1954.77
4760 1950.05
4768 1945.33
4776 1940.61
4784 1935.89
4792 1931.18
4800 1926.46
4808 1921.75
4816 1917.05
4824 1912.34
4832 1907.64
4840 1902.94
4848 1898.25
4856 1893.56
4864 1888.87
4872 1884.19
4880 1879.51
4888 1874.84
4896 1870.17
4904 1865.51
4912 1860.85
4920 1856.2
4928 1851.55
4936 1846.91
4944 1842.28
4952 1837.65
4960 1833.03
4968 1828.41
4976 1823.8
4984 1819.2
4992 1814.6
5000 1810.01
5008 1805.43
5016 1800.85
5024 1796.29
5032 1791.73
5040 1787.17
5048 1782.63
5056 1778.1
5064 1773.57
5072 1769.05
5080 1764.54
5088 1760.04
5096 1755.55
5104 1751.06
5112 1746.59
5120 1742.12
5128 1737.67
5136 1733.22
5144 1728.79
5152 1724.36
5160 1719.95
5168 1715.54
5176 1711.15
5184 1706.76
5192 1702.39
5200 1698.03
5208 1693.68
5216 1689.33
5224 1685.01
5232 1680.69
5240 1676.38
5248 1672.08
5256 1667.8
5264 1663.53
5272 1659.27
5280 1655.02
5288 1650.79
5296 1646.56
5304 1642.35
5312 1638.15
5320 1633.97
5328 1629.8
5336 1625.64
5344 1621.49
5352 1617.35
5360 1613.23
5368 1609.13
5376 1605.03
5384 1600.95
5392 1596.88
5400 1592.83
5408 1588.79
5416 1584.77
5424 1580.75
5432 1576.76
5440 1572.77
5448 1568.8
5456 1564.85
5464 1560.91
5472 1556.98
5480 1553.07
5488 1549.18
5496 1545.3
5504 1541.43
5512 1537.58
5520 1533.74
5528 1529.92
5536 1526.12
5544 1522.33
5552 1518.55
5560 1514.79
5568 1511.05
5576 1507.32
5584 1503.61
5592 1499.91
5600 1496.23
5608 1492.56
5616 1488.91
5624 1485.28
5632 1481.66
5640 1478.06
5648 1474.48
5656 1470.91
5664 1467.36
5672 1463.82
5680 1460.31
5688 1456.8
5696 1453.32
5704 1449.85
5712 1446.4
5720 1442.96
5728 1439.54
5736 1436.14
5744 1432.75
5752 1429.39
5760 1426.04
5768 1422.7
5776 1419.39
5784 1416.09
5792 1412.8
5800 1409.54
5808 1406.29
5816 1403.06
5824 1399.85
5832 1396.65
5840 1393.47
5848 1390.31
5856 1387.17
5864 1384.04
5872 1380.93
5880 1377.84
5888 1374.77
5896 1371.71
5904 1368.68
5912 1365.66
5920 1362.65
5928 1359.67
5936 1356.7
5944 1353.75
5952 1350.82
5960 1347.91
5968 1345.01
5976 1342.13
5984 1339.27
5992 1336.43
6000 1333.61
6008 1330.8
6016 1328.02
6024 1325.25
6032 1322.49
6040 1319.76
6048 1317.04
6056 1314.34
6064 1311.66
6072 1309
6080 1306.36
6088 1303.73
6096 1301.12
6104 1298.53
6112 1295.96
6120 1293.41
6128 1290.87
6136 1288.35
6144 1285.86
6152 1283.37
6160 1280.91
6168 1278.46
6176 1276.04
6184 1273.63
6192 1271.24
6200 1268.86
6208 1266.51
6216 1264.17
6224 1261.85
6232 1259.55
6240 1257.26
6248 1255
6256 1252.75
6264 1250.52
6272 1248.31
6280 1246.11
6288 1243.94
6296 1241.78
6304 1239.64
6312 1237.51
6320 1235.41
6328 1233.32
6336 1231.25
6344 1229.2
6352 1227.16
6360 1225.15
6368 1223.15
6376 1221.16
6384 1219.2
6392 1217.25
6400 1215.33
6408 1213.41
6416 1211.52
6424 1209.64
6432 1207.78
6440 1205.94
6448 1204.12
6456 1202.31
6464 1200.52
6472 1198.75
6480 1196.99
6488 1195.25
6496 1193.53
6504 1191.83
6512 1190.14
6520 1188.47
6528 1186.81
6536 1185.18
6544 1183.56
6552 1181.96
6560 1180.37
6568 1178.8
6576 1177.25
6584 1175.71
6592 1174.19
6600 1172.69
6608 1171.2
6616 1169.73
6624 1168.28
6632 1166.84
6640 1165.42
6648 1164.02
6656 1162.63
6664 1161.26
6672 1159.9
6680 1158.56
6688 1157.24
6696 1155.93
6704 1154.64
6712 1153.36
6720 1152.1
6728 1150.86
6736 1149.63
6744 1148.41
6752 1147.22
6760 1146.03
6768 1144.87
6776 1143.72
6784 1142.58
6792 1141.46
6800 1140.35
6808 1139.26
6816 1138.19
6824 1137.13
6832 1136.08
6840 1135.05
6848 1134.04
6856 1133.03
6864 1132.05
6872 1131.08
6880 1130.12
6888 1129.18
6896 1128.25
6904 1127.34
6912 1126.44
6920 1125.55
6928 1124.68
6936 1123.83
6944 1122.98
6952 1122.16
6960 1121.34
6968 1120.54
6976 1119.75
6984 1118.98
6992 1118.22
7000 1117.48
7008 1116.74
7016 1116.03
7024 1115.32
7032 1114.63
7040 1113.95
7048 1113.28
7056 1112.63
7064 1111.99
7072 1111.36
7080 1110.75
7088 1110.15
7096 1109.56
7104 1108.99
7112 1108.42
7120 1107.87
7128 1107.33
7136 1106.81
7144 1106.29
7152 1105.79
7160 1105.3
7168 1104.83
7176 1104.36
7184 1103.91
7192 1103.47
7200 1103.04
7208 1102.62
7216 1102.21
7224 1101.82
7232 1101.43
7240 1101.06
7248 1100.7
7256 1100.35
7264 1100.01
7272 1099.68
7280 1099.37
7288 1099.06
7296 1098.77
7304 1098.48
7312 1098.21
7320 1097.95
7328 1097.69
7336 1097.45
7344 1097.22
7352 1097
7360 1096.79
7368 1096.59
7376 1096.39
7384 1096.21
7392 1096.04
7400 1095.88
7408 1095.73
7416 1095.59
7424 1095.45
7432 1095.33
7440 1095.21
7448 1095.11
7456 1095.01
7464 1094.93
7472 1094.85
7480 1094.78
7488 1094.72
7496 1094.67
7504 1094.63
7512 1094.59
7520 1094.57
7528 1094.55
7536 1094.54
7544 1094.54
7552 1094.55
7560 1094.57
7568 1094.59
7576 1094.63
7584 1094.67
7592 1094.71
7600 1094.77
7608 1094.83
7616 1094.9
7624 1094.98
7632 1095.07
7640 1095.16
7648 1095.26
7656 1095.37
7664 1095.48
7672 1095.61
7680 1095.73
7688 1095.87
7696 1096.01
7704 1096.16
7712 1096.32
7720 1096.48
7728 1096.65
7736 1096.82
7744 1097
7752 1097.19
7760 1097.38
7768 1097.58
7776 1097.79
7784 1098
7792 1098.21
7800 1098.44
7808 1098.66
7816 1098.9
7824 1099.14
7832 1099.38
7840 1099.63
7848 1099.89
7856 1100.15
7864 1100.41
7872 1100.68
7880 1100.96
7888 1101.24
7896 1101.52
7904 1101.81
7912 1102.1
7920 1102.4
7928 1102.71
7936 1103.01
7944 1103.33
7952 1103.64
7960 1103.96
7968 1104.28
7976 1104.61
7984 1104.94
7992 1105.28
8000 1105.62
8008 1105.96
8016 1106.31
8024 1106.66
8032 1107.01
8040 1107.37
8048 1107.73
8056 1108.1
8064 1108.46
8072 1108.83
8080 1109.21
8088 1109.58
8096 1109.96
8104 1110.34
8112 1110.73
8120 1111.11
8128 1111.5
8136 1111.9
8144 1112.29
8152 1112.69
8160 1113.09
8168 1113.49
8176 1113.89
8184 1114.3
8192 1114.71
8200 1115.12
8208 1115.53
8216 1115.94
8224 1116.36
8232 1116.77
8240 1117.19
8248 1117.61
8256 1118.03
8264 1118.46
8272 1118.88
8280 1119.31
8288 1119.73
8296 1120.16
8304 1120.59
8312 1121.02
8320 1121.45
8328 1121.88
8336 1122.31
8344 1122.75
8352 1123.18
8360 1123.62
8368 1124.05
8376 1124.49
8384 1124.92
8392 1125.36
8400 1125.8
8408 1126.24
8416 1126.67
8424 1127.11
8432 1127.55
8440 1127.99
8448 1128.42
8456 1128.86
8464 1129.3
8472 1129.74
8480 1130.17
8488 1130.61
8496 1131.05
8504 1131.48
8512 1131.92
8520 1132.35
8528 1132.79
8536 1133.22
8544 1133.65
8552 1134.09
8560 1134.52
8568 1134.95
8576 1135.38
8584 1135.81
8592 1136.23
8600 1136.66
8608 1137.09
8616 1137.51
8624 1137.93
8632 1138.36
8640 1138.78
8648 1139.2
8656 1139.61
8664 1140.03
8672 1140.44
8680 1140.86
8688 1141.27
8696 1141.68
8704 1142.09
8712 1142.49
8720 1142.9
8728 1143.3
8736 1143.7
8744 1144.1
8752 1144.5
8760 1144.89
8768 1145.29
8776 1145.68
8784 1146.07
8792 1146.45
8800 1146.84
8808 1147.22
8816 1147.6
8824 1147.98
8832 1148.35
8840 1148.72
8848 1149.09
8856 1149.46
8864 1149.83
8872 1150.19
8880 1150.55
8888 1150.91
8896 1151.26
8904 1151.61
8912 1151.96
8920 1152.31
8928 1152.65
8936 1153
8944 1153.33
8952 1153.67
8960 1154
8968 1154.33
8976 1154.66
8984 1154.98
8992 1155.3
9000 1155.62
9008 1155.93
9016 1156.24
9024 1156.55
9032 1156.85
9040 1157.16
9048 1157.45
9056 1157.75
9064 1158.04
9072 1158.33
9080 1158.61
9088 1158.89
9096 1159.17
9104 1159.45
9112 1159.72
9120 1159.98
9128 1160.25
9136 1160.51
9144 1160.77
9152 1161.02
9160 1161.27
9168 1161.52
9176 1161.76
9184 1162
9192 1162.23
9200 1162.47
9208 1162.69
9216 1162.92
9224 1163.14
9232 1163.36
9240 1163.57
9248 1163.78
9256 1163.98
9264 1164.19
9272 1164.38
9280 1164.58
9288 1164.77
9296 1164.95
9304 1165.14
9312 1165.32
9320 1165.49
9328 1165.66
9336 1165.83
9344 1165.99
9352 1166.15
9360 1166.31
9368 1166.46
9376 1166.61
9384 1166.75
9392 1166.89
9400 1167.02
9408 1167.16
9416 1167.28
9424 1167.41
9432 1167.53
9440 1167.64
9448 1167.75
9456 1167.86
9464 1167.97
9472 1168.07
9480 1168.16
9488 1168.25
9496 1168.34
9504 1168.43
9512 1168.5
9520 1168.58
9528 1168.65
9536 1168.72
9544 1168.78
9552 1168.84
9560 1168.9
9568 1168.95
9576 1169
9584 1169.04
9592 1169.08
9600 1169.12
9608 1169.15
9616 1169.18
9624 1169.2
9632 1169.22
9640 1169.24
9648 1169.25
9656 1169.26
9664 1169.27
9672 1169.27
9680 1169.26
9688 1169.26
9696 1169.24
9704 1169.23
9712 1169.21
9720 1169.19
9728 1169.16
9736 1169.13
9744 1169.1
9752 1169.06
9760 1169.02
9768 1168.97
9776 1168.92
9784 1168.87
9792 1168.81
9800 1168.75
9808 1168.69
9816 1168.62
9824 1168.55
9832 1168.48
9840 1168.4
9848 1168.32
9856 1168.23
9864 1168.14
9872 1168.05
9880 1167.95
9888 1167.85
9896 1167.75
9904 1167.64
9912 1167.53
9920 1167.42
9928 1167.3
9936 1167.18
9944 1167.06
9952 1166.93
9960 1166.8
9968 1166.67
9976 1166.53
9984 1166.39
9992 1166.25
10000 1166.1
10008 1165.95
10016 1165.8
10024 1165.65
10032 1165.49
10040 1165.33
10048 1165.16
10056 1164.99
10064 1164.82
10072 1164.65
10080 1164.47
10088 1164.29
10096 1164.11
10104 1163.93
10112 1163.74
10120 1163.55
10128 1163.36
10136 1163.16
10144 1162.96
10152 1162.76
10160 1162.56
10168 1162.35
10176 1162.14
10184 1161.93
10192 1161.72
10200 1161.5
10208 1161.28
10216 1161.06
10224 1160.84
10232 1160.61
10240 1160.39
10248 1160.16
10256 1159.93
10264 1159.69
10272 1159.46
10280 1159.22
10288 1158.98
10296 1158.74
10304 1158.49
10312 1158.25
10320 1158
10328 1157.75
10336 1157.5
10344 1157.24
10352 1156.99
10360 1156.73
10368 1156.47
10376 1156.21
10384 1155.95
10392 1155.69
10400 1155.43
10408 1155.16
10416 1154.89
10424 1154.62
10432 1154.35
10440 1154.08
10448 1153.81
10456 1153.54
10464 1153.26
10472 1152.99
10480 1152.71
10488 1152.43
10496 1152.16
10504 1151.88
10512 1151.6
10520 1151.32
10528 1151.03
10536 1150.75
10544 1150.47
10552 1150.18
10560 1149.9
10568 1149.62
10576 1149.33
10584 1149.04
10592 1148.76
10600 1148.47
10608 1148.19
10616 1147.9
10624 1147.61
10632 1147.32
10640 1147.04
10648 1146.75
10656 1146.46
10664 1146.17
10672 1145.89
10680 1145.6
10688 1145.31
10696 1145.02
10704 1144.74
10712 1144.45
10720 1144.17
10728 1143.88
10736 1143.6
10744 1143.31
10752 1143.03
10760 1142.74
10768 1142.46
10776 1142.18
10784 1141.9
10792 1141.62
10800 1141.34
10808 1141.06
10816 1140.78
10824 1140.51
10832 1140.23
10840 1139.96
10848 1139.69
10856 1139.41
10864 1139.14
10872 1138.87
10880 1138.61
10888 1138.34
10896 1138.08
10904 1137.81
10912 1137.55
10920 1137.29
10928 1137.03
10936 1136.78
10944 1136.52
10952 1136.27
10960 1136.02
10968 1135.77
10976 1135.53
10984 1135.28
10992 1135.04
11000 1134.8
11008 1134.56
11016 1134.33
11024 1134.09
11032 1133.86
11040 1133.63
11048 1133.41
11056 1133.18
11064 1132.96
11072 1132.75
11080 1132.53
11088 1132.32
11096 1132.11
11104 1131.9
11112 1131.7
11120 1131.5
11128 1131.3
11136 1131.1
11144 1130.91
11152 1130.73
11160 1130.54
11168 1130.36
11176 1130.18
11184 1130.01
11192 1129.83
11200 1129.67
11208 1129.5
11216 1129.34
11224 1129.19
11232 1129.03
11240 1128.88
11248 1128.74
11256 1128.6
11264 1128.46
11272 1128.32
11280 1128.2
11288 1128.07
11296 1127.95
11304 1127.83
11312 1127.72
11320 1127.61
11328 1127.51
11336 1127.41
11344 1127.31
11352 1127.22
11360 1127.14
11368 1127.05
11376 1126.98
11384 1126.91
11392 1126.84
11400 1126.78
11408 1126.72
11416 1126.67
11424 1126.62
11432 1126.58
11440 1126.54
11448 1126.51
11456 1126.48
11464 1126.46
11472 1126.44
11480 1126.43
11488 1126.43
11496 1126.43
11504 1126.43
11512 1126.45
11520 1126.46
11528 1126.49
11536 1126.51
11544 1126.55
11552 1126.59
11560 1126.63
11568 1126.68
11576 1126.74
11584 1126.81
11592 1126.88
11600 1126.95
11608 1127.03
11616 1127.12
11624 1127.22
11632 1127.32
11640 1127.42
11648 1127.54
11656 1127.66
11664 1127.78
11672 1127.92
11680 1128.06
11688 1128.2
11696 1128.35
11704 1128.51
11712 1128.68
11720 1128.85
11728 1129.03
11736 1129.22
11744 1129.41
11752 1129.61
11760 1129.82
11768 1130.04
11776 1130.26
11784 1130.49
11792 1130.73
11800 1130.97
11808 1131.22
11816 1131.48
11824 1131.74
11832 1132.02
11840 1132.3
11848 1132.59
11856 1132.88
11864 1133.18
11872 1133.5
11880 1133.81
11888 1134.14
11896 1134.47
11904 1134.82
11912 1135.17
11920 1135.52
11928 1135.89
11936 1136.26
11944 1136.64
11952 1137.03
11960 1137.43
11968 1137.84
11976 1138.25
11984 1138.67
11992 1139.1
12000 1139.54
12008 1139.99
12016 1140.44
12024 1140.9
12032 1141.38
12040 1141.86
12048 1142.34
12056 1142.84
12064 1143.35
12072 1143.86
12080 1144.38
12088 1144.91
12096 1145.45
12104 1146
12112 1146.56
12120 1147.13
12128 1147.7
12136 1148.28
12144 1148.88
12152 1149.48
12160 1150.09
12168 1150.71
12176 1151.34
12184 1151.97
12192 1152.62
12200 1153.27
12208 1153.94
12216 1154.61
12224 1155.29
12232 1155.99
12240 1156.69
12248 1157.4
12256 1158.11
12264 1158.84
12272 1159.58
12280 1160.33
12288 1161.08
12296 1161.85
12304 1162.62
12312 1163.41
12320 1164.2
12328 1165.01
12336 1165.82
12344 1166.64
12352 1167.47
12360 1168.31
12368 1169.16
12376 1170.02
12384 1170.89
12392 1171.77
12400 1172.66
12408 1173.56
12416 1174.47
12424 1175.38
12432 1176.31
12440 1177.25
12448 1178.2
12456 1179.15
12464 1180.12
12472 1181.09
12480 1182.08
12488 1183.07
12496 1184.08
12504 1185.09
12512 1186.12
12520 1187.15
12528 1188.2
12536 1189.25
12544 1190.32
12552 1191.39
12560 1192.47
12568 1193.57
12576 1194.67
12584 1195.78
12592 1196.91
12600 1198.04
12608 1199.18
12616 1200.34
12624 1201.5
12632 1202.67
12640 1203.85
12648 1205.05
12656 1206.25
12664 1207.46
12672 1208.68
12680 1209.91
12688 1211.16
12696 1212.41
12704 1213.67
12712 1214.94
12720 1216.22
12728 1217.52
12736 1218.82
12744 1220.13
12752 1221.45
12760 1222.78
12768 1224.12
12776 1225.48
12784 1226.84
12792 1228.21
12800 1229.59
12808 1230.98
12816 1232.38
12824 1233.79
12832 1235.21
12840 1236.64
12848 1238.08
12856 1239.53
12864 1240.99
12872 1242.46
12880 1243.94
12888 1245.43
12896 1246.93
12904 1248.44
12912 1249.96
12920 1251.48
12928 1253.02
12936 1254.57
12944 1256.13
12952 1257.7
12960 1259.27
12968 1260.86
12976 1262.45
12984 1264.06
12992 1265.68
13000 1267.3
13008 1268.94
13016 1270.58
13024 1272.23
13032 1273.9
13040 1275.57
13048 1277.25
13056 1278.94
13064 1280.64
13072 1282.35
13080 1284.07
13088 1285.8
13096 1287.54
13104 1289.29
13112 1291.05
13120 1292.81
13128 1294.59
13136 1296.37
13144 1298.17
13152 1299.97
13160 1301.78
13168 1303.6
13176 1305.43
13184 1307.27
13192 1309.12
13200 1310.98
13208 1312.85
13216 1314.72
13224 1316.6
13232 1318.5
13240 1320.4
13248 1322.31
13256 1324.23
13264 1326.16
13272 1328.09
13280 1330.04
13288 1331.99
13296 1333.95
13304 1335.92
13312 1337.9
13320 1339.89
13328 1341.89
13336 1343.89
13344 1345.9
13352 1347.93
13360 1349.95
13368 1351.99
13376 1354.04
13384 1356.09
13392 1358.15
13400 1360.22
13408 1362.3
13416 1364.39
13424 1366.48
13432 1368.58
13440 1370.69
13448 1372.81
13456 1374.93
13464 1377.06
13472 1379.2
13480 1381.35
13488 1383.51
13496 1385.67
13504 1387.84
13512 1390.02
13520 1392.2
13528 1394.39
13536 1396.59
13544 1398.8
13552 1401.01
13560 1403.23
13568 1405.46
13576 1407.69
13584 1409.93
13592 1412.18
13600 1414.43
13608 1416.69
13616 1418.96
13624 1421.24
13632 1423.52
13640 1425.8
13648 1428.1
13656 1430.4
13664 1432.7
13672 1435.02
13680 1437.34
13688 1439.66
13696 1441.99
13704 1444.33
13712 1446.67
13720 1449.02
13728 1451.37
13736 1453.73
13744 1456.1
13752 1458.47
13760 1460.85
13768 1463.23
13776 1465.62
13784 1468.01
13792 1470.41
13800 1472.81
13808 1475.22
13816 1477.63
13824 1480.05
13832 1482.48
13840 1484.91
13848 1487.34
13856 1489.78
13864 1492.22
13872 1494.67
13880 1497.12
13888 1499.57
13896 1502.03
13904 1504.5
13912 1506.97
13920 1509.44
13928 1511.92
13936 1514.4
13944 1516.88
13952 1519.37
13960 1521.86
13968 1524.36
13976 1526.86
13984 1529.36
13992 1531.87
14000 1534.37
14008 1536.89
14016 1539.4
14024 1541.92
14032 1544.45
14040 1546.97
14048 1549.5
14056 1552.03
14064 1554.56
14072 1557.1
14080 1559.64
14088 1562.18
14096 1564.72
14104 1567.27
14112 1569.81
14120 1572.36
14128 1574.92
14136 1577.47
14144 1580.03
14152 1582.58
14160 1585.14
14168 1587.7
14176 1590.27
14184 1592.83
14192 1595.4
14200 1597.96
14208 1600.53
14216 1603.1
14224 1605.67
14232 1608.24
14240 1610.81
14248 1613.38
14256 1615.96
14264 1618.53
14272 1621.1
14280 1623.68
14288 1626.25
14296 1628.83
14304 1631.4
14312 1633.97
14320 1636.55
14328 1639.12
14336 1641.7
14344 1644.27
14352 1646.84
14360 1649.42
14368 1651.99
14376 1654.56
14384 1657.13
14392 1659.7
14400 1662.27
14408 1664.84
14416 1667.4
14424 1669.97
14432 1672.53
14440 1675.09
14448 1677.65
14456 1680.21
14464 1682.77
14472 1685.32
14480 1687.87
14488 1690.42
14496 1692.97
14504 1695.52
14512 1698.06
14520 1700.61
14528 1703.14
14536 1705.68
14544 1708.21
14552 1710.74
14560 1713.27
14568 1715.8
14576 1718.32
14584 1720.84
14592 1723.35
14600 1725.86
14608 1728.37
14616 1730.87
14624 1733.37
14632 1735.87
14640 1738.36
14648 1740.85
14656 1743.33
14664 1745.81
14672 1748.29
14680 1750.76
14688 1753.23
14696 1755.69
14704 1758.15
14712 1760.6
14720 1763.05
14728 1765.49
14736 1767.93
14744 1770.36
14752 1772.78
14760 1775.21
14768 1777.62
14776 1780.03
14784 1782.43
14792 1784.83
14800 1787.22
14808 1789.61
14816 1791.99
14824 1794.36
14832 1796.73
14840 1799.09
14848 1801.45
14856 1803.79
14864 1806.14
14872 1808.47
14880 1810.8
14888 1813.12
14896 1815.43
14904 1817.73
14912 1820.03
14920 1822.32
14928 1824.61
14936 1826.88
14944 1829.15
14952 1831.41
14960 1833.66
14968 1835.9
14976 1838.14
14984 1840.36
14992 1842.58
15000 1844.79
15008 1846.99
15016 1849.19
15024 1851.37
15032 1853.55
15040 1855.71
15048 1857.87
15056 1860.02
15064 1862.16
15072 1864.29
15080 1866.41
15088 1868.52
15096 1870.62
15104 1872.71
15112 1874.79
15120 1876.86
15128 1878.92
15136 1880.97
15144 1883.01
15152 1885.04
15160 1887.06
15168 1889.07
15176 1891.07
15184 1893.06
15192 1895.03
15200 1897
15208 1898.95
15216 1900.9
15224 1902.83
15232 1904.75
15240 1906.66
15248 1908.56
15256 1910.45
15264 1912.32
15272 1914.19
15280 1916.04
15288 1917.88
15296 1919.7
15304 1921.52
15312 1923.32
15320 1925.11
15328 1926.89
15336 1928.66
15344 1930.41
15352 1932.15
15360 1933.88
15368 1935.59
15376 1937.3
15384 1938.98
15392 1940.66
15400 1942.32
15408 1943.97
15416 1945.61
15424 1947.23
15432 1948.84
15440 1950.44
15448 1952.02
15456 1953.58
15464 1955.14
15472 1956.68
15480 1958.2
15488 1959.72
15496 1961.21
15504 1962.7
15512 1964.17
15520 1965.62
15528 1967.06
15536 1968.49
15544 1969.9
15552 1971.29
15560 1972.67
15568 1974.04
15576 1975.39
15584 1976.73
15592 1978.05
15600 1979.35
15608 1980.64
15616 1981.92
15624 1983.18
15632 1984.42
15640 1985.65
15648 1986.86
15656 1988.06
15664 1989.24
15672 1990.4
15680 1991.55
15688 1992.69
15696 1993.8
15704 1994.9
15712 1995.99
15720 1997.06
15728 1998.11
15736 1999.15
15744 2000.17
15752 2001.17
15760 2002.15
15768 2003.12
15776 2004.08
15784 2005.01
15792 2005.93
15800 2006.83
15808 2007.72
15816 2008.59
15824 2009.44
15832 2010.27
15840 2011.09
15848 2011.89
15856 2012.67
15864 2013.44
15872 2014.19
15880 2014.92
15888 2015.63
15896 2016.33
15904 2017
15912 2017.66
15920 2018.31
15928 2018.93
15936 2019.54
15944 2020.13
15952 2020.7
15960 2021.25
15968 2021.79
15976 2022.3
15984 2022.8
15992 2023.29
16000 2023.75
16008 2024.19
16016 2024.62
16024 2025.03
16032 2025.42
16040 2025.79
16048 2026.15
16056 2026.48
16064 2026.8
16072 2027.1
16080 2027.38
16088 2027.64
16096 2027.89
16104 2028.11
16112 2028.32
16120 2028.51
16128 2028.68
16136 2028.83
16144 2028.96
16152 2029.07
16160 2029.17
16168 2029.25
16176 2029.3
16184 2029.34
16192 2029.36
16200 2029.36
16208 2029.35
16216 2029.31
16224 2029.26
16232 2029.18
16240 2029.09
16248 2028.98
16256 2028.85
16264 2028.7
16272 2028.54
16280 2028.35
16288 2028.15
16296 2027.92
16304 2027.68
16312 2027.42
16320 2027.14
16328 2026.84
16336 2026.52
16344 2026.19
16352 2025.83
16360 2025.46
16368 2025.06
16376 2024.65
16384 2024.22
16392 2023.77
16400 2023.31
16408 2022.82
16416 2022.32
16424 2021.79
16432 2021.25
16440 2020.69
16448 2020.11
16456 2019.52
16464 2018.9
16472 2018.27
16480 2017.61
16488 2016.94
16496 2016.25
16504 2015.54
16512 2014.82
16520 2014.07
16528 2013.31
16536 2012.53
16544 2011.73
16552 2010.91
16560 2010.08
16568 2009.22
16576 2008.35
16584 2007.46
16592 2006.55
16600 2005.63
16608 2004.69
16616 2003.73
16624 2002.75
16632 2001.75
16640 2000.74
16648 1999.71
16656 1998.66
16664 1997.59
16672 1996.51
16680 1995.41
16688 1994.29
16696 1993.15
16704 1992
16712 1990.83
16720 1989.65
16728 1988.44
16736 1987.22
16744 1985.99
16752 1984.73
16760 1983.46
16768 1982.18
16776 1980.87
16784 1979.56
16792 1978.22
16800 1976.87
16808 1975.5
16816 1974.12
16824 1972.72
16832 1971.3
16840 1969.87
16848 1968.43
16856 1966.96
16864 1965.49
16872 1963.99
16880 1962.49
16888 1960.96
16896 1959.42
16904 1957.87
16912 1956.3
16920 1954.72
16928 1953.12
16936 1951.51
16944 1949.89
16952 1948.25
16960 1946.59
16968 1944.92
16976 1943.24
16984 1941.55
16992 1939.84
17000 1938.11
17008 1936.38
17016 1934.63
17024 1932.87
17032 1931.09
17040 1929.3
17048 1927.5
17056 1925.69
17064 1923.86
17072 1922.02
17080 1920.17
17088 1918.31
17096 1916.43
17104 1914.55
17112 1912.65
17120 1910.74
17128 1908.82
17136 1906.89
17144 1904.95
17152 1902.99
17160 1901.03
17168 1899.06
17176 1897.07
17184 1895.08
17192 1893.07
17200 1891.06
17208 1889.03
17216 1887
17224 1884.96
17232 1882.91
17240 1880.84
17248 1878.78
17256 1876.7
17264 1874.61
17272 1872.52
17280 1870.41
17288 1868.3
17296 1866.18
17304 1864.06
17312 1861.93
17320 1859.79
17328 1857.64
17336 1855.49
17344 1853.33
17352 1851.16
17360 1848.99
17368 1846.81
17376 1844.63
17384 1842.44
17392 1840.24
17400 1838.05
17408 1835.84
17416 1833.63
17424 1831.42
17432 1829.2
17440 1826.98
17448 1824.76
17456 1822.53
17464 1820.3
17472 1818.07
17480 1815.83
17488 1813.59
17496 1811.35
17504 1809.1
17512 1806.86
17520 1804.61
17528 1802.36
17536 1800.12
17544 1797.87
17552 1795.62
17560 1793.36
17568 1791.11
17576 1788.86
17584 1786.61
17592 1784.36
17600 1782.11
17608 1779.87
17616 1777.62
17624 1775.38
17632 1773.14
17640 1770.9
17648 1768.66
17656 1766.42
17664 1764.19
17672 1761.97
17680 1759.74
17688 1757.52
17696 1755.31
17704 1753.1
17712 1750.89
17720 1748.69
17728 1746.49
17736 1744.3
17744 1742.12
17752 1739.94
17760 1737.77
17768 1735.6
17776 1733.45
17784 1731.3
17792 1729.16
17800 1727.02
17808 1724.9
17816 1722.78
17824 1720.67
17832 1718.57
17840 1716.49
17848 1714.41
17856 1712.34
17864 1710.28
17872 1708.24
17880 1706.2
17888 1704.18
17896 1702.17
17904 1700.17
17912 1698.18
17920 1696.21
17928 1694.24
17936 1692.3
17944 1690.37
17952 1688.45
17960 1686.54
17968 1684.65
17976 1682.78
17984 1680.92
17992 1679.08
18000 1677.26
18008 1675.45
18016 1673.66
18024 1671.88
18032 1670.13
18040 1668.39
18048 1666.67
18056 1664.97
18064 1663.29
18072 1661.63
18080 1659.99
18088 1658.36
18096 1656.76
18104 1655.19
18112 1653.63
18120 1652.09
18128 1650.58
18136 1649.09
18144 1647.62
18152 1646.18
18160 1644.76
18168 1643.36
18176 1641.99
18184 1640.65
18192 1639.33
18200 1638.03
18208 1636.76
18216 1635.52
18224 1634.31
18232 1633.12
18240 1631.96
18248 1630.83
18256 1629.73
18264 1628.65
18272 1627.61
18280 1626.6
18288 1625.61
18296 1624.66
18304 1623.74
18312 1622.85
18320 1621.99
18328 1621.17
18336 1620.37
18344 1619.61
18352 1618.89
18360 1618.2
18368 1617.54
18376 1616.92
18384 1616.33
18392 1615.78
18400 1615.27
18408 1614.79
18416 1614.35
18424 1613.95
18432 1613.58
18440 1613.26
18448 1612.97
18456 1612.72
18464 1612.51
18472 1612.35
18480 1612.22
18488 1612.13
18496 1612.09
18504 1612.09
18512 1612.13
18520 1612.21
18528 1612.34
18536 1612.51
18544 1612.73
18552 1612.99
18560 1613.3
18568 1613.65
18576 1614.05
18584 1614.49
18592 1614.99
18600 1615.53
18608 1616.12
18616 1616.75
18624 1617.44
18632 1618.18
18640 1618.96
18648 1619.8
18656 1620.69
18664 1621.63
18672 1622.62
18680 1623.66
18688 1624.76
18696 1625.91
18704 1627.12
18712 1628.37
18720 1629.69
18728 1631.06
18736 1632.48
18744 1633.97
18752 1635.5
18760 1637.1
18768 1638.75
18776 1640.47
18784 1642.24
18792 1644.07
18800 1645.96
18808 1647.91
18816 1649.92
18824 1652
18832 1654.13
18840 1656.33
18848 1658.59
18856 1660.92
18864 1663.3
18872 1665.76
18880 1668.27
18888 1670.86
18896 1673.51
18904 1676.22
18912 1679
18920 1681.85
18928 1684.77
18936 1687.76
18944 1690.81
18952 1693.94
18960 1697.13
18968 1700.4
18976 1703.74
18984 1707.14
18992 1710.62
19000 1714.18
19008 1717.8
19016 1721.5
19024 1725.28
19032 1729.13
19040 1733.05
19048 1737.05
19056 1741.12
19064 1745.28
19072 1749.51
19080 1753.81
19088 1758.2
19096 1762.66
19104 1767.21
19112 1771.83
19120 1776.54
19128 1781.32
19136 1786.19
19144 1791.14
19152 1796.17
19160 1801.28
19168 1806.48
19176 1811.76
19184 1817.12
19192 1822.58
19200 1828.11
19208 1833.73
19216 1839.44
19224 1845.24
19232 1851.12
19240 1857.1
19248 1863.16
19256 1869.31
19264 1875.55
19272 1881.88
19280 1888.3
19288 1894.81
19296 1901.41
19304 1908.11
19312 1914.9
19320 1921.78
19328 1928.75
19336 1935.82
19344 1942.99
19352 1950.25
19360 1957.6
19368 1965.06
19376 1972.61
19384 1980.25
19392 1988
19400 1995.84
19408 2003.78
19416 2011.82
19424 2019.96
19432 2028.21
19440 2036.55
19448 2044.99
19456 2053.54
19464 2062.19
19472 2070.94
19480 2079.79
19488 2088.75
19496 2097.81
19504 2106.98
19512 2116.25
19520 2125.63
19528 2135.12
19536 2144.71
19544 2154.41
19552 2164.22
19560 2174.13
19568 2184.16
19576 2194.29
19584 2204.53
19592 2214.89
19600 2225.35
19608 2235.93
19616 2246.61
19624 2257.41
19632 2268.32
19640 2279.35
19648 2290.49
19656 2301.74
19664 2313.1
19672 2324.59
19680 2336.18
19688 2347.89
19696 2359.72
19704 2371.67
19712 2383.73
19720 2395.91
19728 2408.21
