0 6625.03
8 6594.07
16 6564.71
24 6536.89
32 6510.57
40 6485.73
48 6462.32
56 6440.31
64 6419.66
72 6400.33
80 6382.29
88 6365.49
96 6349.91
104 6335.51
112 6322.25
120 6310.1
128 6299.03
136 6288.99
144 6279.96
152 6271.91
160 6264.8
168 6258.6
176 6253.27
184 6248.8
192 6245.14
200 6242.26
208 6240.15
216 6238.75
224 6238.06
232 6238.04
240 6238.66
248 6239.9
256 6241.72
264 6244.11
272 6247.03
280 6250.47
288 6254.39
296 6258.77
304 6263.6
312 6268.84
320 6274.47
328 6280.48
336 6286.84
344 6293.53
352 6300.53
360 6307.81
368 6315.37
376 6323.18
384 6331.22
392 6339.47
400 6347.93
408 6356.56
416 6365.36
424 6374.31
432 6383.39
440 6392.6
448 6401.9
456 6411.3
464 6420.77
472 6430.31
480 6439.9
488 6449.53
496 6459.19
504 6468.87
512 6478.55
520 6488.23
528 6497.9
536 6507.55
544 6517.16
552 6526.73
560 6536.26
568 6545.73
576 6555.14
584 6564.48
592 6573.74
600 6582.92
608 6592.01
616 6601.01
624 6609.91
632 6618.71
640 6627.4
648 6635.98
656 6644.44
664 6652.79
672 6661.01
680 6669.11
688 6677.08
696 6684.92
704 6692.63
712 6700.21
720 6707.66
728 6714.97
736 6722.14
744 6729.18
752 6736.09
760 6742.85
768 6749.48
776 6755.97
784 6762.33
792 6768.55
800 6774.64
808 6780.6
816 6786.42
824 6792.12
832 6797.69
840 6803.13
848 6808.44
856 6813.64
864 6818.72
872 6823.67
880 6828.52
888 6833.25
896 6837.87
904 6842.39
912 6846.81
920 6851.12
928 6855.34
936 6859.47
944 6863.51
952 6867.46
960 6871.33
968 6875.12
976 6878.84
984 6882.48
992 6886.06
1000 6889.58
1008 6893.03
1016 6896.44
1024 6899.79
1032 6903.09
1040 6906.36
1048 6909.58
1056 6912.77
1064 6915.93
1072 6919.06
1080 6922.17
1088 6925.26
1096 6928.34
1104 6931.41
1112 6934.48
1120 6937.54
1128 6940.61
1136 6943.68
1144 6946.77
1152 6949.87
1160 6952.99
1168 6956.13
1176 6959.3
1184 6962.5
1192 6965.73
1200 6969.01
1208 6972.32
1216 6975.68
1224 6979.09
1232 6982.56
1240 6986.08
1248 6989.66
1256 6993.3
1264 6997.01
1272 7000.79
1280 7004.64
1288 7008.57
1296 7012.58
1304 7016.67
1312 7020.84
1320 7025.1
1328 7029.45
1336 7033.89
1344 7038.43
1352 7043.07
1360 7047.8
1368 7052.64
1376 7057.58
1384 7062.63
1392 7067.79
1400 7073.05
1408 7078.43
1416 7083.92
1424 7089.53
1432 7095.25
1440 7101.1
1448 7107.06
1456 7113.14
1464 7119.34
1472 7125.66
1480 7132.11
1488 7138.69
1496 7145.38
1504 7152.21
1512 7159.16
1520 7166.24
1528 7173.44
1536 7180.77
1544 7188.23
1552 7195.81
1560 7203.53
1568 7211.37
1576 7219.34
1584 7227.43
1592 7235.65
1600 7244
1608 7252.47
1616 7261.07
1624 7269.79
1632 7278.64
1640 7287.61
1648 7296.69
1656 7305.9
1664 7315.23
1672 7324.68
1680 7334.24
1688 7343.92
1696 7353.71
1704 7363.61
1712 7373.63
1720 7383.75
1728 7393.98
1736 7404.32
1744 7414.76
1752 7425.3
1760 7435.94
1768 7446.67
1776 7457.51
1784 7468.43
1792 7479.45
1800 7490.55
1808 7501.74
1816 7513.02
1824 7524.38
1832 7536.48
1840 7547.32
1848 7558.91
1856 7570.56
1864 7582.28
1872 7594.07
1880 7605.92
1888 7617.84
1896 7629.8
1904 7641.83
1912 7653.9
1920 7666.02
1928 7678.19
1936 7690.4
1944 7702.64
1952 7714.93
1960 7727.24
1968 7739.59
1976 7751.97
1984 7764.36
1992 7776.78
2000 7789.22
2008 7801.67
2016 7814.13
2024 7826.6
2032 7839.07
2040 7851.54
2048 7864.02
2056 7876.48
2064 7888.94
2072 7901.39
2080 7913.83
2088 7926.24
2096 7938.64
2104 7951.01
2112 7963.35
2120 7975.67
2128 7987.95
2136 8000.19
2144 8012.4
2152 8024.56
2160 8036.67
2168 8048.74
2176 8060.76
2184 8072.72
2192 8084.62
2200 8096.46
2208 8108.24
2216 8119.95
2224 8131.6
2232 8143.17
2240 8154.67
2248 8166.08
2256 8177.42
2264 8188.68
2272 8199.85
2280 8210.93
2288 8221.92
2296 8232.82
2304 8243.62
2312 8254.33
2320 8264.93
2328 8275.43
2336 8285.83
2344 8296.12
2352 8306.3
2360 8316.37
2368 8326.32
2376 8336.16
2384 8345.88
2392 8355.48
2400 8364.96
2408 8374.32
2416 8383.55
2424 8392.66
2432 8401.64
2440 8410.48
2448 8419.2
2456 8427.78
2464 8436.23
2472 8444.55
2480 8452.72
2488 8460.76
2496 8468.66
2504 8476.42
2512 8484.03
2520 8491.5
2528 8498.83
2536 8506.02
2544 8513.06
2552 8519.95
2560 8526.7
2568 8533.3
2576 8539.75
2584 8546.05
2592 8552.21
2600 8558.21
2608 8564.06
2616 8569.77
2624 8575.32
2632 8580.73
2640 8585.98
2648 8591.08
2656 8596.03
2664 8600.83
2672 8605.48
2680 8609.98
2688 8614.33
2696 8618.53
2704 8622.58
2712 8626.48
2720 8630.23
2728 8633.84
2736 8637.29
2744 8640.6
2752 8643.77
2760 8646.79
2768 8649.66
2776 8652.39
2784 8654.97
2792 8657.42
2800 8659.72
2808 8661.88
2816 8663.91
2824 8665.79
2832 8667.54
2840 8669.16
2848 8670.64
2856 8671.98
2864 8673.2
2872 8674.28
2880 8675.24
2888 8676.06
2896 8676.77
2904 8677.34
2912 8677.8
2920 8678.13
2928 8678.35
2936 8678.44
2944 8678.42
2952 8678.29
2960 8678.04
2968 8677.68
2976 8677.21
2984 8676.64
2992 8675.96
3000 8675.18
3008 8674.29
3016 8673.31
3024 8672.22
3032 8671.05
3040 8669.77
3048 8668.41
3056 8666.96
3064 8665.42
3072 8663.79
3080 8662.08
3088 8660.29
3096 8658.42
3104 8656.47
3112 8654.45
3120 8652.36
3128 8650.19
3136 8647.96
3144 8645.66
3152 8643.29
3160 8640.87
3168 8638.38
3176 8635.84
3184 8633.24
3192 8630.58
3200 8627.88
3208 8625.13
3216 8622.32
3224 8619.48
3232 8616.59
3240 8613.66
3248 8610.69
3256 8607.69
3264 8604.65
3272 8601.58
3280 8598.47
3288 8595.34
3296 8592.19
3304 8589
3312 8585.8
3320 8582.58
3328 8579.33
3336 8576.07
3344 8572.8
3352 8569.51
3360 8566.21
3368 8562.9
3376 8559.59
3384 8556.26
3392 8552.94
3400 8549.61
3408 8546.28
3416 8542.95
3424 8539.63
3432 8536.31
3440 8532.99
3448 8529.68
3456 8526.38
3464 8523.09
3472 8519.81
3480 8516.54
3488 8513.29
3496 8510.05
3504 8506.83
3512 8503.63
3520 8500.44
3528 8497.28
3536 8494.14
3544 8491.01
3552 8487.92
3560 8484.84
3568 8481.79
3576 8478.77
3584 8475.77
3592 8472.8
3600 8469.86
3608 8466.95
3616 8464.07
3624 8461.21
3632 8458.39
3640 8455.6
3648 8452.84
3656 8450.12
3664 8447.11
3672 8444.76
3680 8442.13
3688 8439.54
3696 8436.98
3704 8434.45
3712 8431.96
3720 8429.5
3728 8427.07
3736 8424.68
3744 8422.33
3752 8420
3760 8417.72
3768 8415.46
3776 8413.24
3784 8411.05
3792 8408.89
3800 8406.77
3808 8404.68
3816 8402.62
3824 8400.59
3832 8398.6
3840 8396.63
3848 8394.69
3856 8392.78
3864 8390.9
3872 8389.05
3880 8387.23
3888 8385.43
3896 8383.65
3904 8381.91
3912 8380.18
3920 8378.48
3928 8376.8
3936 8375.14
3944 8373.5
3952 8371.88
3960 8370.28
3968 8368.69
3976 8367.12
3984 8365.57
3992 8364.02
4000 8362.49
4008 8360.98
4016 8359.47
4024 8357.97
4032 8356.48
4040 8354.99
4048 8353.51
4056 8352.03
4064 8350.56
4072 8349.09
4080 8347.61
4088 8346.14
4096 8344.66
4104 8343.18
4112 8341.69
4120 8340.19
4128 8338.69
4136 8337.18
4144 8335.65
4152 8334.12
4160 8332.56
4168 8331
4176 8329.41
4184 8327.81
4192 8326.19
4200 8324.55
4208 8322.89
4216 8321.2
4224 8319.49
4232 8317.75
4240 8315.98
4248 8314.19
4256 8312.36
4264 8310.5
4272 8308.61
4280 8306.69
4288 8304.73
4296 8302.74
4304 8300.71
4312 8298.63
4320 8296.52
4328 8294.37
4336 8292.18
4344 8289.94
4352 8287.66
4360 8285.34
4368 8282.96
4376 8280.55
4384 8278.08
4392 8275.56
4400 8273
4408 8270.39
4416 8267.72
4424 8265
4432 8262.24
4440 8259.41
4448 8256.54
4456 8253.61
4464 8250.63
4472 8247.59
4480 8244.49
4488 8241.34
4496 8238.14
4504 8234.88
4512 8231.56
4520 8228.19
4528 8224.76
4536 8221.27
4544 8217.73
4552 8214.13
4560 8210.47
4568 8206.76
4576 8202.99
4584 8199.16
4592 8195.28
4600 8191.35
4608 8187.36
4616 8183.31
4624 8179.22
4632 8175.06
4640 8170.86
4648 8166.61
4656 8162.3
4664 8157.95
4672 8153.54
4680 8149.09
4688 8144.59
4696 8140.04
4704 8135.45
4712 8130.81
4720 8126.14
4728 8121.42
4736 8116.66
4744 8111.86
4752 8107.02
4760 8102.15
4768 8097.25
4776 8092.31
4784 8087.34
4792 8082.34
4800 8077.31
4808 8072.26
4816 8067.18
4824 8062.08
4832 8056.96
4840 8051.82
4848 8046.67
4856 8041.5
4864 8036.32
4872 8031.13
4880 8025.93
4888 8020.72
4896 8015.51
4904 8010.3
4912 8005.09
4920 7999.88
4928 7994.68
4936 7989.49
4944 7984.3
4952 7979.13
4960 7973.97
4968 7968.83
4976 7963.71
4984 7958.61
4992 7953.54
5000 7948.49
5008 7943.48
5016 7938.49
5024 7933.54
5032 7928.62
5040 7923.75
5048 7918.91
5056 7914.12
5064 7909.38
5072 7904.69
5080 7900.04
5088 7895.45
5096 7890.92
5104 7886.44
5112 7882.03
5120 7877.67
5128 7873.38
5136 7869.16
5144 7865.01
5152 7860.93
5160 7856.92
5168 7852.99
5176 7849.13
5184 7845.35
5192 7841.65
5200 7838.04
5208 7834.5
5216 7831.06
5224 7827.69
5232 7824.42
5240 7821.24
5248 7818.15
5256 7815.14
5264 7812.24
5272 7809.42
5280 7806.7
5288 7804.07
5296 7801.54
5304 7799.11
5312 7796.77
5320 7794.53
5328 7792.38
5336 7790.34
5344 7788.38
5352 7786.53
5360 7784.77
5368 7783.1
5376 7781.53
5384 7780.06
5392 7778.68
5400 7777.38
5408 7776.18
5416 7775.07
5424 7774.04
5432 7773.1
5440 7772.25
5448 7771.47
5456 7770.77
5464 7770.15
5472 7769.6
5480 7769.13
5488 7768.72
5496 7768.37
5504 7768.09
5512 7767.86
5520 7767.69
5528 7767.57
5536 7767.49
5544 7767.46
5552 7767.46
5560 7767.49
5568 7767.55
5576 7767.63
5584 7767.72
5592 7767.83
5600 7767.95
5608 7768.06
5616 7768.16
5624 7768.25
5632 7768.32
5640 7768.37
5648 7768.38
5656 7768.35
5664 7768.27
5672 7768.13
5680 7767.94
5688 7767.67
5696 7767.32
5704 7766.88
5712 7766.35
5720 7765.72
5728 7764.97
5736 7764.1
5744 7763.1
5752 7761.96
5760 7760.66
5768 7759.22
5776 7757.6
5784 7755.8
5792 7753.82
5800 7751.63
5808 7749.24
5816 7746.64
5824 7743.8
5832 7740.73
5840 7737.41
5848 7733.82
5856 7729.97
5864 7725.85
5872 7721.43
5880 7716.71
5888 7711.68
5896 7706.33
5904 7700.65
5912 7694.63
5920 7688.25
5928 7681.52
5936 7674.41
5944 7666.93
5952 7659.05
5960 7650.77
5968 7642.09
5976 7632.99
5984 7623.46
5992 7613.5
6000 7603.09
6008 7592.23
6016 7580.92
6024 7569.14
6032 7556.89
6040 7544.16
6048 7530.94
6056 7517.24
6064 7503.04
6072 7488.34
6080 7473.15
6088 7457.44
6096 7441.23
6104 7424.51
6112 7407.28
6120 7389.55
6128 7371.3
6136 7352.54
6144 7333.28
6152 7313.51
6160 7293.25
6168 7272.5
6176 7251.25
6184 7229.54
6192 7207.35
6200 7184.7
6208 7161.6
6216 7138.07
6224 7114.11
6232 7089.75
6240 7065
6248 7039.88
6256 7014.41
6264 6988.61
6272 6962.51
6280 6936.13
6288 6909.49
6296 6882.63
6304 6855.59
6312 6828.38
6320 6801.05
6328 6773.64
6336 6746.19
6344 6718.73
6352 6691.32
6360 6664.01
6368 6636.84
6376 6609.86
6384 6583.14
6392 6556.73
6400 6530.7
6408 6505.11
6416 6480.02
6424 6455.52
6432 6431.68
6440 6408.58
6448 6386.29
6456 6364.91
6464 6344.53
6472 6325.23
6480 6307.13
6488 6290.33
6496 6274.92
6504 6261.03
6512 6248.76
6520 6238.25
6528 6229.62
6536 6223
6544 6218.52
6552 6216.33
6560 6216.57
6568 6219.4
6576 6224.99
6584 6233.48
6592 6245.06
6600 6259.9
6608 6278.18
6616 6300.1
6624 6325.85
6632 6355.63
6640 6389.67
6648 6428.17
6656 6471.36
6664 6519.48
6672 6572.76
6680 6631.46
6688 6695.84
6696 6766.16
6704 6842.7
6712 6925.73
