0 6625.03
8 7.83028e+06
16 1.37441e+07
24 1.80632e+07
32 2.10607e+07
40 2.29725e+07
48 2.40015e+07
56 2.43216e+07
64 2.40811e+07
72 2.34059e+07
80 2.24025e+07
88 2.11599e+07
96 1.97525e+07
104 1.82415e+07
112 1.66771e+07
120 1.50998e+07
128 1.35418e+07
136 1.20282e+07
144 1.05781e+07
152 9.20576e+06
160 7.92086e+06
168 6.72977e+06
176 5.63586e+06
184 4.64015e+06
192 3.74176e+06
200 2.93829e+06
208 2.22615e+06
216 1.60092e+06
224 1.0575e+06
232 590392
240 193849
248 -137996
256 -411001
264 -630926
272 -803358
280 -933651
288 -1.02689e+06
296 -1.08786e+06
304 -1.12101e+06
312 -1.13048e+06
320 -1.12005e+06
328 -1.09316e+06
336 -1.05296e+06
344 -1.00222e+06
352 -943453
360 -878857
368 -810361
376 -739636
384 -668116
392 -597013
400 -527340
408 -459928
416 -395440
424 -334396
432 -277180
440 -224063
448 -175215
456 -130718
464 -90578.7
472 -54740.8
480 -23095.1
488 6607.93
496 28262.7
504 48374.5
512 65078.9
520 78622
528 89258.4
536 97246.2
544 102843
552 106302
560 107870
568 107785
576 106274
584 103553
592 99820.6
600 95265.7
608 90060.3
616 84362
624 78313.8
632 72043.8
640 65666
648 59280.7
656 52974.8
664 46822.9
672 40887.8
680 35221.1
688 29864.3
696 24849.7
704 20200.9
712 15933.6
720 12057
728 8573.76
736 5481.44
744 2772.79
752 436.643
760 -1541.54
768 -3179.01
776 -4495.22
784 -5511.29
792 -6249.54
800 -6733.09
808 -6985.46
816 -7030.25
824 -6890.84
832 -6590.15
840 -6150.38
848 -5592.86
856 -4937.92
864 -4204.71
872 -3411.14
880 -2573.83
888 -1708.02
896 -827.591
904 54.9629
912 928.526
920 1783.33
928 2610.9
936 3404.04
944 4156.75
952 4864.17
960 5522.5
968 6128.96
976 6681.65
984 7179.54
992 7622.35
1000 8010.49
1008 8344.95
1016 8627.28
1024 8859.46
1032 9043.86
1040 9183.17
1048 9280.32
1056 9338.45
1064 9360.82
1072 9350.79
1080 9311.76
1088 9247.1
1096 9160.18
1104 9054.26
1112 8932.52
1120 8798.01
1128 8653.6
1136 8502.04
1144 8345.86
1152 8187.42
1160 8028.87
1168 7872.16
1176 7719.03
1184 7571.03
1192 7429.49
1200 7295.55
1208 7170.16
1216 7054.08
1224 6947.89
1232 6852.03
1240 6766.75
1248 6692.17
1256 6628.3
1264 6575.01
1272 6532.05
1280 6499.11
1288 6475.76
1296 6461.52
1304 6455.86
1312 6458.18
1320 6467.84
1328 6484.21
1336 6506.59
1344 6534.31
1352 6566.67
1360 6603.02
1368 6642.66
1376 6684.97
1384 6729.32
1392 6775.12
1400 6821.8
1408 6868.85
1416 6915.78
1424 6962.14
1432 7007.55
1440 7051.63
1448 7094.07
1456 7134.61
1464 7173.01
1472 7209.1
1480 7242.71
1488 7273.76
1496 7302.16
1504 7327.88
1512 7350.92
1520 7371.31
1528 7389.11
1536 7404.38
1544 7417.25
1552 7427.82
1560 7436.23
1568 7442.64
1576 7447.21
1584 7450.12
1592 7451.54
1600 7451.65
1608 7450.64
1616 7448.69
1624 7445.98
1632 7442.7
1640 7439
1648 7435.07
1656 7431.05
1664 7427.09
1672 7423.32
1680 7419.88
1688 7416.88
1696 7414.41
1704 7412.57
1712 7411.43
1720 7411.05
1728 7411.5
1736 7412.8
1744 7414.99
1752 7418.07
1760 7422.07
1768 7426.96
1776 7432.73
1784 7439.37
1792 7446.83
1800 7455.08
1808 7464.08
1816 7473.77
1824 7484.09
1832 7494.99
1840 7506.41
1848 7518.27
1856 7530.51
1864 7543.07
1872 7555.88
1880 7568.86
1888 7581.97
1896 7595.13
1904 7608.29
1912 7621.39
1920 7634.37
1928 7647.19
1936 7659.81
1944 7672.19
1952 7684.29
1960 7696.08
1968 7707.55
1976 7718.66
1984 7729.41
1992 7739.79
2000 7749.8
2008 7759.45
2016 7768.72
2024 7777.65
2032 7786.24
2040 7794.52
2048 7802.51
2056 7810.24
2064 7817.73
2072 7825.03
2080 7832.16
2088 7839.16
2096 7846.08
2104 7852.95
2112 7859.82
2120 7866.72
2128 7873.7
2136 7880.8
2144 7888.05
2152 7895.5
2160 7903.18
2168 7911.13
2176 7919.38
2184 7927.97
2192 7936.92
2200 7946.26
2208 7956.01
2216 7966.19
2224 7976.82
2232 7987.91
2240 7999.47
2248 8011.51
2256 8024.03
2264 8037.03
2272 8050.51
2280 8064.45
2288 8078.86
2296 8093.71
2304 8108.99
2312 8124.68
2320 8140.75
2328 8157.19
2336 8173.96
2344 8191.03
2352 8208.38
2360 8225.96
2368 8243.75
2376 8261.7
2384 8279.79
2392 8297.97
2400 8316.2
2408 8334.44
2416 8352.66
2424 8370.81
2432 8388.86
2440 8406.77
2448 8424.49
2456 8442
2464 8459.26
2472 8476.22
2480 8492.87
2488 8509.16
2496 8525.07
2504 8540.57
2512 8555.63
2520 8570.24
2528 8584.36
2536 8597.98
2544 8611.07
2552 8623.64
2560 8635.66
2568 8647.11
2576 8658.01
2584 8668.33
2592 8678.07
2600 8687.23
2608 8695.81
2616 8703.82
2624 8711.26
2632 8718.13
2640 8724.44
2648 8730.2
2656 8735.43
2664 8740.12
2672 8744.31
2680 8748
2688 8751.21
2696 8753.96
2704 8756.26
2712 8758.13
2720 8759.59
2728 8760.66
2736 8761.36
2744 8761.71
2752 8761.73
2760 8761.44
2768 8760.86
2776 8760
2784 8758.9
2792 8757.56
2800 8756
2808 8754.24
2816 8752.31
2824 8750.2
2832 8747.95
2840 8745.56
2848 8743.05
2856 8740.44
2864 8737.72
2872 8734.92
2880 8732.05
2888 8729.11
2896 8726.11
2904 8723.07
2912 8719.98
2920 8716.85
2928 8713.69
2936 8710.51
2944 8707.3
2952 8704.08
2960 8700.83
2968 8697.58
2976 8694.3
2984 8691.01
2992 8687.71
3000 8684.4
3008 8681.08
3016 8677.74
3024 8674.39
3032 8671.02
3040 8667.64
3048 8664.24
3056 8660.82
3064 8657.39
3072 8653.94
3080 8650.47
3088 8646.98
3096 8643.46
3104 8639.93
3112 8636.38
3120 8632.81
3128 8629.22
3136 8625.62
3144 8622
3152 8618.36
3160 8614.71
3168 8611.05
3176 8607.26
3184 8603.71
3192 8600.04
3200 8596.36
3208 8592.69
3216 8589.03
3224 8585.38
3232 8581.75
3240 8578.13
3248 8574.54
3256 8570.98
3264 8567.44
3272 8563.95
3280 8560.49
3288 8557.07
3296 8553.71
3304 8550.39
3312 8547.12
3320 8543.91
3328 8540.76
3336 8537.67
3344 8534.64
3352 8531.68
3360 8528.79
3368 8525.96
3376 8523.19
3384 8520.5
3392 8517.88
3400 8515.32
3408 8512.82
3416 8510.39
3424 8508.03
3432 8505.72
3440 8503.47
3448 8501.27
3456 8499.13
3464 8497.03
3472 8494.98
3480 8492.97
3488 8490.99
3496 8489.04
3504 8487.12
3512 8485.22
3520 8483.34
3528 8481.47
3536 8479.61
3544 8477.74
3552 8475.88
3560 8474
3568 8472.12
3576 8470.22
3584 8468.3
3592 8466.35
3600 8464.38
3608 8462.38
3616 8460.35
3624 8458.28
3632 8456.18
3640 8454.03
3648 8451.85
3656 8449.63
3664 8447.11
3672 8445.08
3680 8442.75
3688 8440.38
3696 8437.97
3704 8435.54
3712 8433.08
3720 8430.6
3728 8428.1
3736 8425.58
3744 8423.05
3752 8420.51
3760 8417.97
3768 8415.44
3776 8412.92
3784 8410.42
3792 8407.94
3800 8405.5
3808 8403.08
3816 8400.71
3824 8398.39
3832 8396.12
3840 8393.92
3848 8391.78
3856 8389.71
3864 8387.72
3872 8385.81
3880 8383.98
3888 8382.24
3896 8380.6
3904 8379.05
3912 8377.6
3920 8376.24
3928 8374.99
3936 8373.83
3944 8372.77
3952 8371.81
3960 8370.95
3968 8370.17
3976 8369.49
3984 8368.89
3992 8368.36
4000 8367.92
4008 8367.53
4016 8367.21
4024 8366.94
4032 8366.72
4040 8366.52
4048 8366.36
4056 8366.21
4064 8366.06
4072 8365.91
4080 8365.75
4088 8365.56
4096 8365.33
4104 8365.05
4112 8364.71
4120 8364.3
4128 8363.81
4136 8363.23
4144 8362.54
4152 8361.75
4160 8360.83
4168 8359.78
4176 8358.59
4184 8357.25
4192 8355.77
4200 8354.12
4208 8352.31
4216 8350.33
4224 8348.17
4232 8345.85
4240 8343.35
4248 8340.67
4256 8337.82
4264 8334.79
4272 8331.6
4280 8328.24
4288 8324.71
4296 8321.04
4304 8317.21
4312 8313.25
4320 8309.15
4328 8304.94
4336 8300.61
4344 8296.18
4352 8291.67
4360 8287.08
4368 8282.43
4376 8277.73
4384 8273
4392 8268.24
4400 8263.48
4408 8258.73
4416 8254
4424 8249.31
4432 8244.66
4440 8240.07
4448 8235.56
4456 8231.14
4464 8226.81
4472 8222.59
4480 8218.48
4488 8214.49
4496 8210.64
4504 8206.92
4512 8203.34
4520 8199.91
4528 8196.62
4536 8193.47
4544 8190.46
4552 8187.6
4560 8184.87
4568 8182.27
4576 8179.78
4584 8177.42
4592 8175.15
4600 8172.97
4608 8170.87
4616 8168.84
4624 8166.84
4632 8164.88
4640 8162.93
4648 8160.98
4656 8159
4664 8156.97
4672 8154.88
4680 8152.71
4688 8150.43
4696 8148.02
4704 8145.47
4712 8142.76
4720 8139.86
4728 8136.77
4736 8133.45
4744 8129.91
4752 8126.12
4760 8122.07
4768 8117.75
4776 8113.15
4784 8108.27
4792 8103.1
4800 8097.64
4808 8091.89
4816 8085.85
4824 8079.52
4832 8072.93
4840 8066.06
4848 8058.94
4856 8051.59
4864 8044.01
4872 8036.24
4880 8028.3
4888 8020.2
4896 8011.98
4904 8003.67
4912 7995.29
4920 7986.89
4928 7978.49
4936 7970.13
4944 7961.85
4952 7953.68
4960 7945.67
4968 7937.84
4976 7930.23
4984 7922.88
4992 7915.83
5000 7909.1
5008 7902.73
5016 7896.75
5024 7891.18
5032 7886.05
5040 7881.38
5048 7877.19
5056 7873.48
5064 7870.28
5072 7867.57
5080 7865.37
5088 7863.67
5096 7862.45
5104 7861.71
5112 7861.42
5120 7861.56
5128 7862.1
5136 7863
5144 7864.22
5152 7865.72
5160 7867.45
5168 7869.35
5176 7871.36
5184 7873.42
5192 7875.48
5200 7877.45
5208 7879.27
5216 7880.87
5224 7882.17
5232 7883.11
5240 7883.62
5248 7883.61
5256 7883.03
5264 7881.8
5272 7879.87
5280 7877.19
5288 7873.69
5296 7869.34
5304 7864.11
5312 7857.95
5320 7850.85
5328 7842.8
5336 7833.81
5344 7823.88
5352 7813.04
5360 7801.32
5368 7788.77
5376 7775.46
5384 7761.45
5392 7746.84
5400 7731.73
5408 7716.23
5416 7700.46
5424 7684.57
5432 7668.71
5440 7653.03
5448 7637.71
5456 7622.93
5464 7608.86
5472 7595.71
5480 7583.66
5488 7572.92
5496 7563.67
5504 7556.12
5512 7550.46
5520 7546.86
5528 7545.5
5536 7546.54
5544 7550.13
5552 7556.39
5560 7565.43
5568 7577.33
5576 7592.16
5584 7609.93
5592 7630.64
5600 7654.26
5608 7680.7
5616 7709.86
5624 7741.57
5632 7775.63
5640 7811.81
5648 7849.81
5656 7889.3
5664 7929.9
5672 7971.17
5680 8012.65
5688 8053.82
5696 8094.13
5704 8132.98
5712 8169.73
5720 8203.72
5728 8234.26
5736 8260.64
5744 8282.13
5752 8297.99
5760 8307.49
5768 8309.9
5776 8304.5
5784 8290.61
5792 8267.58
5800 8234.8
5808 8191.74
5816 8137.93
5824 8072.97
5832 7996.57
5840 7908.57
5848 7808.89
5856 7697.61
5864 7574.96
5872 7441.33
5880 7297.25
5888 7143.47
5896 6980.92
5904 6810.73
5912 6634.21
5920 6452.93
5928 6268.64
5936 6083.32
5944 5899.17
5952 5718.59
5960 5544.19
5968 5378.8
5976 5225.39
5984 5087.13
5992 4967.33
6000 4869.41
6008 4796.9
6016 4753.37
6024 4742.44
6032 4767.68
6040 4832.61
6048 4940.64
6056 5095
6064 5298.67
6072 5554.36
6080 5864.39
6088 6230.67
6096 6654.56
6104 7136.85
6112 7677.65
6120 8276.33
6128 8931.41
6136 9640.49
6144 10400.2
6152 11206
6160 12052.3
6168 12932.2
6176 13837.6
6184 14759
6192 15685.6
6200 16605
6208 17503.4
6216 18365.8
6224 19175.4
6232 19914.3
6240 20563
6248 21101.1
6256 21506.6
6264 21756.9
6272 21828.3
6280 21696.5
6288 21337
6296 20724.9
6304 19835.9
6312 18645.9
6320 17132
6328 15272.8
6336 13048.7
6344 10442.7
6352 7216.41
6360 4033.27
6368 213.921
6376 -4017.68
6384 -8656.19
6392 -13689.6
6400 -19098.2
6408 -24854.2
6416 -30920.4
6424 -37249.4
6432 -43783.1
6440 -50451.6
6448 -57172.2
6456 -63849.1
6464 -70372.7
6472 -76618.6
6480 -82447.7
6488 -87705.3
6496 -92221.6
6504 -95811.3
6512 -98274.2
6520 -99395.6
6528 -98947.3
6536 -96688.7
6544 -92368.9
6552 -85728.1
6560 -76500.7
6568 -64418.5
6576 -49214
6584 -30625.1
6592 -8400.2
6600 17696.1
6608 47876.4
6616 82322.7
6624 121178
6632 164539
6640 212440
6648 264849
6656 321652
6664 382636
6672 447481
6680 515741
6688 586829
6696 659997
6704 734321
6712 808683
6720 881748
6728 951949
6736 1.01746e+06
6744 1.0762e+06
6752 1.12578e+06
6760 1.1635e+06
6768 1.18636e+06
6776 1.19101e+06
6784 1.17376e+06
6792 1.13057e+06
6800 1.05705e+06
6808 948481
6816 799801
6824 605653
6832 360412
6840 58235.7
6848 -306875
6856 -740991
6864 -1.25015e+06
6872 -1.84023e+06
6880 -2.51679e+06
6888 -3.28488e+06
6896 -4.14883e+06
6904 -5.11197e+06
6912 -6.17629e+06
6920 -7.34211e+06
6928 -8.60763e+06
6936 -9.96841e+06
6944 -1.14168e+07
6952 -1.29414e+07
6960 -1.45258e+07
6968 -1.61486e+07
6976 -1.77814e+07
6984 -1.93885e+07
6992 -2.09248e+07
7000 -2.23352e+07
7008 -2.35522e+07
7016 -2.44945e+07
7024 -2.50646e+07
7032 -2.51466e+07
7040 -2.46036e+07
7048 -2.32743e+07
7056 -2.09704e+07
7064 -1.7472e+07
7072 -1.25244e+07
7080 -5.8327e+06
