0 6625.03
8 6511.11
16 6403.45
24 6301.85
32 6206.1
40 6116.02
48 6031.4
56 5952.08
64 5877.86
72 5808.57
80 5744.03
88 5684.09
96 5628.57
104 5577.31
112 5530.17
120 5486.97
128 5447.59
136 5411.86
144 5379.66
152 5350.84
160 5325.27
168 5302.81
176 5283.35
184 5266.76
192 5252.91
200 5241.69
208 5232.99
216 5226.69
224 5222.68
232 5220.87
240 5221.14
248 5223.41
256 5227.57
264 5233.52
272 5241.19
280 5250.47
288 5261.29
296 5273.56
304 5287.19
312 5302.12
320 5318.27
328 5335.56
336 5353.92
344 5373.29
352 5393.59
360 5414.76
368 5436.74
376 5459.47
384 5482.89
392 5506.94
400 5531.57
408 5556.73
416 5582.37
424 5608.44
432 5634.89
440 5661.67
448 5688.75
456 5716.07
464 5743.61
472 5771.32
480 5799.16
488 5827.1
496 5855.11
504 5883.15
512 5911.19
520 5939.21
528 5967.16
536 5995.03
544 6022.79
552 6050.42
560 6077.88
568 6105.17
576 6132.25
584 6159.11
592 6185.73
600 6212.1
608 6238.18
616 6263.98
624 6289.46
632 6314.63
640 6339.47
648 6363.95
656 6388.09
664 6411.85
672 6435.24
680 6458.24
688 6480.85
696 6503.06
704 6524.87
712 6546.26
720 6567.23
728 6587.78
736 6607.9
744 6627.59
752 6646.86
760 6665.69
768 6684.08
776 6702.04
784 6719.56
792 6736.64
800 6753.29
808 6769.5
816 6785.28
824 6800.62
832 6815.54
840 6830.03
848 6844.1
856 6857.75
864 6870.98
872 6883.8
880 6896.21
888 6908.22
896 6919.83
904 6931.05
912 6941.88
920 6952.33
928 6962.4
936 6972.11
944 6981.45
952 6990.44
960 6999.07
968 7007.37
976 7015.33
984 7022.96
992 7030.28
1000 7037.28
1008 7043.97
1016 7050.37
1024 7056.48
1032 7062.31
1040 7067.87
1048 7073.16
1056 7078.19
1064 7082.98
1072 7087.52
1080 7091.83
1088 7095.92
1096 7099.8
1104 7103.47
1112 7106.94
1120 7110.22
1128 7113.31
1136 7116.24
1144 7119
1152 7121.6
1160 7124.06
1168 7126.37
1176 7128.55
1184 7130.61
1192 7132.56
1200 7134.39
1208 7136.13
1216 7137.77
1224 7139.33
1232 7140.81
1240 7142.23
1248 7143.58
1256 7144.88
1264 7146.13
1272 7147.34
1280 7148.53
1288 7149.68
1296 7150.82
1304 7151.95
1312 7153.07
1320 7154.2
1328 7155.33
1336 7156.48
1344 7157.65
1352 7158.85
1360 7160.08
1368 7161.35
1376 7162.67
1384 7164.03
1392 7165.45
1400 7166.94
1408 7168.49
1416 7170.11
1424 7171.8
1432 7173.58
1440 7175.45
1448 7177.4
1456 7179.45
1464 7181.6
1472 7183.85
1480 7186.2
1488 7188.67
1496 7191.25
1504 7193.95
1512 7196.77
1520 7199.72
1528 7202.79
1536 7205.99
1544 7209.32
1552 7212.79
1560 7216.4
1568 7220.14
1576 7224.03
1584 7228.07
1592 7232.24
1600 7236.57
1608 7241.05
1616 7245.68
1624 7250.46
1632 7255.39
1640 7260.48
1648 7265.72
1656 7271.13
1664 7276.68
1672 7282.4
1680 7288.27
1688 7294.31
1696 7300.5
1704 7306.85
1712 7313.36
1720 7320.02
1728 7326.85
1736 7333.83
1744 7340.97
1752 7348.27
1760 7355.72
1768 7363.33
1776 7371.09
1784 7379.01
1792 7387.07
1800 7395.29
1808 7403.66
1816 7412.17
1824 7420.83
1832 7429.63
1840 7438.58
1848 7447.67
1856 7456.9
1864 7466.26
1872 7475.76
1880 7485.39
1888 7495.15
1896 7505.04
1904 7515.06
1912 7525.19
1920 7535.45
1928 7545.83
1936 7556.32
1944 7566.93
1952 7577.64
1960 7588.46
1968 7599.38
1976 7610.41
1984 7621.53
1992 7632.75
2000 7644.06
2008 7655.46
2016 7666.94
2024 7678.51
2032 7690.15
2040 7701.87
2048 7713.66
2056 7725.52
2064 7737.45
2072 7749.43
2080 7761.48
2088 7773.57
2096 7785.72
2104 7797.92
2112 7810.16
2120 7822.44
2128 7834.76
2136 7847.11
2144 7859.48
2152 7871.89
2160 7884.31
2168 7896.76
2176 7909.22
2184 7921.69
2192 7934.16
2200 7946.64
2208 7959.12
2216 7971.6
2224 7984.07
2232 7996.52
2240 8008.97
2248 8021.39
2256 8033.79
2264 8046.17
2272 8058.51
2280 8070.83
2288 8083.11
2296 8095.34
2304 8107.54
2312 8119.68
2320 8131.78
2328 8143.83
2336 8155.81
2344 8167.74
2352 8179.6
2360 8191.39
2368 8203.12
2376 8214.77
2384 8226.35
2392 8237.84
2400 8249.26
2408 8260.58
2416 8271.82
2424 8282.97
2432 8294.02
2440 8304.97
2448 8315.83
2456 8326.58
2464 8337.22
2472 8347.76
2480 8358.18
2488 8368.49
2496 8378.69
2504 8388.77
2512 8398.72
2520 8408.55
2528 8418.26
2536 8427.84
2544 8437.29
2552 8446.61
2560 8455.79
2568 8464.84
2576 8473.75
2584 8482.51
2592 8491.14
2600 8499.63
2608 8507.96
2616 8516.16
2624 8524.2
2632 8532.09
2640 8539.84
2648 8547.43
2656 8554.86
2664 8562.14
2672 8569.27
2680 8576.24
2688 8583.05
2696 8589.7
2704 8596.19
2712 8602.51
2720 8608.68
2728 8614.69
2736 8620.53
2744 8626.2
2752 8631.72
2760 8637.07
2768 8642.25
2776 8647.27
2784 8652.12
2792 8656.81
2800 8661.33
2808 8665.68
2816 8669.87
2824 8673.89
2832 8677.75
2840 8681.44
2848 8684.97
2856 8688.33
2864 8691.53
2872 8694.56
2880 8697.43
2888 8700.14
2896 8702.68
2904 8705.06
2912 8707.28
2920 8709.34
2928 8711.25
2936 8712.99
2944 8714.57
2952 8716
2960 8717.28
2968 8718.4
2976 8719.37
2984 8720.18
2992 8720.85
3000 8721.36
3008 8721.73
3016 8721.96
3024 8722.03
3032 8721.97
3040 8721.76
3048 8721.41
3056 8720.93
3064 8720.31
3072 8719.55
3080 8718.66
3088 8717.64
3096 8716.49
3104 8715.22
3112 8713.81
3120 8712.29
3128 8710.64
3136 8708.87
3144 8706.99
3152 8704.99
3160 8702.88
3168 8700.66
3176 8698.33
3184 8695.89
3192 8693.35
3200 8690.71
3208 8687.96
3216 8685.13
3224 8682.19
3232 8679.17
3240 8676.05
3248 8672.85
3256 8669.56
3264 8666.19
3272 8662.74
3280 8659.21
3288 8655.61
3296 8651.93
3304 8648.19
3312 8644.38
3320 8640.5
3328 8636.56
3336 8632.56
3344 8628.5
3352 8624.39
3360 8620.23
3368 8616.01
3376 8611.75
3384 8607.45
3392 8603.1
3400 8598.71
3408 8594.29
3416 8589.83
3424 8585.34
3432 8580.82
3440 8576.27
3448 8571.7
3456 8567.11
3464 8562.5
3472 8557.87
3480 8553.22
3488 8548.57
3496 8543.9
3504 8539.23
3512 8534.55
3520 8529.87
3528 8525.19
3536 8520.51
3544 8515.83
3552 8511.16
3560 8506.5
3568 8501.85
3576 8497.21
3584 8492.59
3592 8487.98
3600 8483.4
3608 8478.83
3616 8474.29
3624 8469.77
3632 8465.28
3640 8460.82
3648 8456.38
3656 8451.98
3664 8447.11
3672 8443.29
3680 8438.99
3688 8434.74
3696 8430.53
3704 8426.35
3712 8422.23
3720 8418.14
3728 8414.11
3736 8410.12
3744 8406.18
3752 8402.29
3760 8398.45
3768 8394.66
3776 8390.93
3784 8387.25
3792 8383.63
3800 8380.06
3808 8376.56
3816 8373.11
3824 8369.72
3832 8366.39
3840 8363.12
3848 8359.91
3856 8356.76
3864 8353.67
3872 8350.65
3880 8347.69
3888 8344.8
3896 8341.96
3904 8339.2
3912 8336.49
3920 8333.85
3928 8331.28
3936 8328.76
3944 8326.32
3952 8323.93
3960 8321.61
3968 8319.36
3976 8317.16
3984 8315.03
3992 8312.97
4000 8310.96
4008 8309.02
4016 8307.14
4024 8305.31
4032 8303.55
4040 8301.85
4048 8300.21
4056 8298.62
4064 8297.09
4072 8295.61
4080 8294.19
4088 8292.82
4096 8291.51
4104 8290.25
4112 8289.03
4120 8287.87
4128 8286.75
4136 8285.68
4144 8284.65
4152 8283.67
4160 8282.72
4168 8281.82
4176 8280.96
4184 8280.13
4192 8279.34
4200 8278.58
4208 8277.85
4216 8277.15
4224 8276.48
4232 8275.84
4240 8275.22
4248 8274.62
4256 8274.04
4264 8273.48
4272 8272.94
4280 8272.41
4288 8271.89
4296 8271.38
4304 8270.88
4312 8270.38
4320 8269.88
4328 8269.39
4336 8268.89
4344 8268.39
4352 8267.88
4360 8267.37
4368 8266.84
4376 8266.3
4384 8265.74
4392 8265.16
4400 8264.56
4408 8263.94
4416 8263.29
4424 8262.61
4432 8261.9
4440 8261.16
4448 8260.38
4456 8259.56
4464 8258.71
4472 8257.8
4480 8256.85
4488 8255.86
4496 8254.81
4504 8253.7
4512 8252.55
4520 8251.33
4528 8250.05
4536 8248.71
4544 8247.3
4552 8245.82
4560 8244.28
4568 8242.66
4576 8240.96
4584 8239.19
4592 8237.33
4600 8235.4
4608 8233.38
4616 8231.27
4624 8229.08
4632 8226.79
4640 8224.41
4648 8221.94
4656 8219.37
4664 8216.7
4672 8213.93
4680 8211.06
4688 8208.09
4696 8205.01
4704 8201.82
4712 8198.53
4720 8195.12
4728 8191.6
4736 8187.97
4744 8184.22
4752 8180.36
4760 8176.38
4768 8172.29
4776 8168.07
4784 8163.73
4792 8159.28
4800 8154.7
4808 8150
4816 8145.18
4824 8140.23
4832 8135.16
4840 8129.96
4848 8124.64
4856 8119.2
4864 8113.63
4872 8107.94
4880 8102.12
4888 8096.18
4896 8090.11
4904 8083.92
4912 8077.6
4920 8071.17
4928 8064.61
4936 8057.93
4944 8051.13
4952 8044.22
4960 8037.18
4968 8030.03
4976 8022.77
4984 8015.39
4992 8007.9
5000 8000.3
5008 7992.59
5016 7984.77
5024 7976.85
5032 7968.83
5040 7960.72
5048 7952.5
5056 7944.19
5064 7935.79
5072 7927.3
5080 7918.73
5088 7910.07
5096 7901.34
5104 7892.53
5112 7883.65
5120 7874.7
5128 7865.68
5136 7856.61
5144 7847.48
5152 7838.3
5160 7829.06
5168 7819.79
5176 7810.48
5184 7801.13
5192 7791.75
5200 7782.35
5208 7772.93
5216 7763.5
5224 7754.06
5232 7744.61
5240 7735.17
5248 7725.73
5256 7716.31
5264 7706.91
5272 7697.53
5280 7688.18
5288 7678.88
5296 7669.61
5304 7660.4
5312 7651.25
5320 7642.16
5328 7633.14
5336 7624.2
5344 7615.34
5352 7606.58
5360 7597.91
5368 7589.35
5376 7580.91
5384 7572.58
5392 7564.39
5400 7556.33
5408 7548.41
5416 7540.64
5424 7533.04
5432 7525.6
5440 7518.33
5448 7511.25
5456 7504.35
5464 7497.66
5472 7491.17
5480 7484.89
5488 7478.84
5496 7473.01
5504 7467.43
5512 7462.09
5520 7457
5528 7452.17
5536 7447.62
5544 7443.34
5552 7439.35
5560 7435.65
5568 7432.25
5576 7429.16
5584 7426.39
5592 7423.94
5600 7421.82
5608 7420.04
5616 7418.61
5624 7417.53
5632 7416.81
5640 7416.46
5648 7416.48
5656 7416.88
5664 7417.66
5672 7418.84
5680 7420.42
5688 7422.4
5696 7424.8
5704 7427.6
5712 7430.83
5720 7434.49
5728 7438.57
5736 7443.09
5744 7448.05
5752 7453.45
5760 7459.3
5768 7465.59
5776 7472.34
5784 7479.54
5792 7487.19
5800 7495.3
5808 7503.88
5816 7512.91
5824 7522.4
5832 7532.35
5840 7542.75
5848 7553.62
5856 7564.94
5864 7576.72
5872 7588.94
5880 7601.62
5888 7614.73
5896 7628.29
5904 7642.28
5912 7656.7
5920 7671.54
5928 7686.79
5936 7702.45
5944 7718.51
5952 7734.96
5960 7751.78
5968 7768.97
5976 7786.51
5984 7804.4
5992 7822.62
6000 7841.15
6008 7859.97
6016 7879.08
6024 7898.45
6032 7918.07
6040 7937.92
6048 7957.97
6056 7978.2
6064 7998.6
6072 8019.13
6080 8039.77
6088 8060.5
6096 8081.29
6104 8102.1
6112 8122.91
6120 8143.69
6128 8164.4
6136 8185.01
6144 8205.48
6152 8225.78
6160 8245.86
6168 8265.69
6176 8285.22
6184 8304.41
6192 8323.22
6200 8341.59
6208 8359.48
6216 8376.84
6224 8393.61
6232 8409.74
6240 8425.17
6248 8439.86
6256 8453.72
6264 8466.71
6272 8478.76
6280 8489.79
6288 8499.75
6296 8508.57
6304 8516.16
6312 8522.45
6320 8527.37
6328 8530.84
6336 8532.76
6344 8533.07
6352 8531.66
6360 8528.45
6368 8523.34
6376 8516.25
6384 8507.06
6392 8495.69
6400 8482.02
6408 8465.95
6416 8447.36
6424 8426.15
6432 8402.2
6440 8375.38
6448 8345.58
6456 8312.67
6464 8276.52
6472 8236.99
6480 8193.96
6488 8147.28
6496 8096.8
6504 8042.39
6512 7983.88
6520 7921.13
6528 7853.98
6536 7782.26
6544 7705.81
6552 7624.45
6560 7538.02
6568 7446.34
6576 7349.21
6584 7246.46
6592 7137.89
