0 6625.03
8 6607.6
16 6590.61
24 6574.04
32 6557.89
40 6542.16
48 6526.84
56 6511.94
64 6497.44
72 6483.34
80 6469.64
88 6456.33
96 6443.41
104 6430.88
112 6418.73
120 6406.96
128 6395.56
136 6384.54
144 6373.88
152 6363.58
160 6353.64
168 6344.06
176 6334.83
184 6325.95
192 6317.41
200 6309.21
208 6301.35
216 6293.82
224 6286.62
232 6279.75
240 6273.2
248 6266.97
256 6261.06
264 6255.46
272 6250.16
280 6245.17
288 6240.49
296 6236.1
304 6232
312 6228.2
320 6224.68
328 6221.45
336 6218.5
344 6215.83
352 6213.43
360 6211.31
368 6209.45
376 6207.86
384 6206.53
392 6205.46
400 6204.64
408 6204.08
416 6203.76
424 6203.69
432 6203.86
440 6204.28
448 6204.93
456 6205.81
464 6206.92
472 6208.27
480 6209.83
488 6211.62
496 6213.63
504 6215.85
512 6218.28
520 6220.93
528 6223.78
536 6226.83
544 6230.09
552 6233.55
560 6237.2
568 6241.04
576 6245.08
584 6249.3
592 6253.71
600 6258.29
608 6263.06
616 6268.01
624 6273.12
632 6278.41
640 6283.87
648 6289.5
656 6295.28
664 6301.23
672 6307.34
680 6313.6
688 6320.01
696 6326.58
704 6333.29
712 6340.15
720 6347.16
728 6354.3
736 6361.58
744 6369
752 6376.55
760 6384.24
768 6392.05
776 6399.99
784 6408.05
792 6416.23
800 6424.54
808 6432.96
816 6441.49
824 6450.14
832 6458.9
840 6467.77
848 6476.74
856 6485.82
864 6495
872 6504.28
880 6513.66
888 6523.13
896 6532.7
904 6542.36
912 6552.1
920 6561.94
928 6571.86
936 6581.86
944 6591.94
952 6602.1
960 6612.34
968 6622.66
976 6633.05
984 6643.51
992 6654.04
1000 6664.63
1008 6675.29
1016 6686.02
1024 6696.81
1032 6707.66
1040 6718.56
1048 6729.53
1056 6740.54
1064 6751.62
1072 6762.74
1080 6773.91
1088 6785.13
1096 6796.39
1104 6807.7
1112 6819.05
1120 6830.45
1128 6841.88
1136 6853.35
1144 6864.86
1152 6876.4
1160 6887.97
1168 6899.58
1176 6911.21
1184 6922.87
1192 6934.56
1200 6946.28
1208 6958.01
1216 6969.77
1224 6981.55
1232 6993.35
1240 7005.17
1248 7017
1256 7028.85
1264 7040.71
1272 7052.59
1280 7064.47
1288 7076.37
1296 7088.27
1304 7100.17
1312 7112.09
1320 7124
1328 7135.92
1336 7147.84
1344 7159.76
1352 7171.68
1360 7183.6
1368 7195.51
1376 7207.42
1384 7219.32
1392 7231.22
1400 7243.1
1408 7254.98
1416 7266.84
1424 7278.69
1432 7290.53
1440 7302.36
1448 7314.17
1456 7325.96
1464 7337.73
1472 7349.49
1480 7361.23
1488 7372.94
1496 7384.63
1504 7396.3
1512 7407.95
1520 7419.57
1528 7431.17
1536 7442.74
1544 7454.28
1552 7465.79
1560 7477.27
1568 7488.72
1576 7500.14
1584 7511.53
1592 7522.88
1600 7534.2
1608 7545.48
1616 7556.73
1624 7567.94
1632 7579.11
1640 7590.25
1648 7601.34
1656 7612.4
1664 7623.41
1672 7634.38
1680 7645.31
1688 7656.2
1696 7667.04
1704 7677.83
1712 7688.58
1720 7699.29
1728 7709.95
1736 7720.56
1744 7731.12
1752 7741.63
1760 7752.09
1768 7762.51
1776 7772.87
1784 7783.18
1792 7793.44
1800 7803.64
1808 7813.79
1816 7823.89
1824 7833.93
1832 7843.92
1840 7853.85
1848 7863.73
1856 7873.54
1864 7883.3
1872 7893.01
1880 7902.65
1888 7912.24
1896 7921.76
1904 7931.23
1912 7940.64
1920 7949.98
1928 7959.27
1936 7968.49
1944 7977.65
1952 7986.75
1960 7995.78
1968 8004.75
1976 8013.66
1984 8022.5
1992 8031.28
2000 8039.99
2008 8048.64
2016 8057.22
2024 8065.74
2032 8074.19
2040 8082.57
2048 8090.89
2056 8099.14
2064 8107.32
2072 8115.44
2080 8123.48
2088 8131.46
2096 8139.37
2104 8147.21
2112 8154.98
2120 8162.68
2128 8170.31
2136 8177.88
2144 8185.37
2152 8192.79
2160 8200.14
2168 8207.42
2176 8214.63
2184 8221.77
2192 8228.84
2200 8235.84
2208 8242.76
2216 8249.62
2224 8256.4
2232 8263.11
2240 8269.75
2248 8276.31
2256 8282.81
2264 8289.23
2272 8295.58
2280 8301.85
2288 8308.06
2296 8314.19
2304 8320.25
2312 8326.23
2320 8332.15
2328 8337.99
2336 8343.76
2344 8349.45
2352 8355.08
2360 8360.63
2368 8366.1
2376 8371.51
2384 8376.84
2392 8382.1
2400 8387.28
2408 8392.4
2416 8397.44
2424 8402.41
2432 8407.3
2440 8412.12
2448 8416.87
2456 8421.55
2464 8426.16
2472 8430.69
2480 8435.15
2488 8439.54
2496 8443.86
2504 8448.1
2512 8452.28
2520 8456.38
2528 8460.41
2536 8464.37
2544 8468.26
2552 8472.08
2560 8475.82
2568 8479.5
2576 8483.1
2584 8486.64
2592 8490.1
2600 8493.5
2608 8496.82
2616 8500.08
2624 8503.26
2632 8506.38
2640 8509.43
2648 8512.4
2656 8515.31
2664 8518.15
2672 8520.93
2680 8523.63
2688 8526.27
2696 8528.84
2704 8531.34
2712 8533.77
2720 8536.14
2728 8538.44
2736 8540.68
2744 8542.85
2752 8544.95
2760 8546.99
2768 8548.96
2776 8550.87
2784 8552.72
2792 8554.5
2800 8556.21
2808 8557.86
2816 8559.45
2824 8560.98
2832 8562.44
2840 8563.84
2848 8565.18
2856 8566.45
2864 8567.67
2872 8568.82
2880 8569.91
2888 8570.94
2896 8571.92
2904 8572.83
2912 8573.68
2920 8574.47
2928 8575.21
2936 8575.89
2944 8576.5
2952 8577.06
2960 8577.57
2968 8578.02
2976 8578.41
2984 8578.74
2992 8579.02
3000 8579.24
3008 8579.41
3016 8579.52
3024 8579.58
3032 8579.59
3040 8579.54
3048 8579.44
3056 8579.29
3064 8579.08
3072 8578.82
3080 8578.51
3088 8578.15
3096 8577.74
3104 8577.28
3112 8576.77
3120 8576.22
3128 8575.61
3136 8574.95
3144 8574.25
3152 8573.5
3160 8572.7
3168 8571.85
3176 8570.96
3184 8570.02
3192 8569.04
3200 8568.01
3208 8566.94
3216 8565.82
3224 8564.66
3232 8563.46
3240 8562.22
3248 8560.93
3256 8559.6
3264 8558.23
3272 8556.82
3280 8555.37
3288 8553.88
3296 8552.35
3304 8550.78
3312 8549.17
3320 8547.52
3328 8545.84
3336 8544.12
3344 8542.36
3352 8540.57
3360 8538.74
3368 8536.87
3376 8534.97
3384 8533.04
3392 8531.07
3400 8529.07
3408 8527.04
3416 8524.97
3424 8522.87
3432 8520.74
3440 8518.58
3448 8516.39
3456 8514.17
3464 8511.92
3472 8509.64
3480 8507.33
3488 8505
3496 8502.63
3504 8500.24
3512 8497.82
3520 8495.38
3528 8492.91
3536 8490.42
3544 8487.9
3552 8485.35
3560 8482.78
3568 8480.19
3576 8477.58
3584 8474.94
3592 8472.28
3600 8469.6
3608 8466.9
3616 8464.18
3624 8461.44
3632 8458.68
3640 8455.89
3648 8453.1
3656 8450.28
3664 8447.11
3672 8444.59
3680 8441.72
3688 8438.83
3696 8435.93
3704 8433.01
3712 8430.08
3720 8427.13
3728 8424.17
3736 8421.2
3744 8418.21
3752 8415.21
3760 8412.19
3768 8409.17
3776 8406.13
3784 8403.08
3792 8400.02
3800 8396.96
3808 8393.88
3816 8390.79
3824 8387.69
3832 8384.59
3840 8381.47
3848 8378.35
3856 8375.23
3864 8372.09
3872 8368.95
3880 8365.8
3888 8362.65
3896 8359.49
3904 8356.33
3912 8353.16
3920 8349.99
3928 8346.82
3936 8343.64
3944 8340.46
3952 8337.28
3960 8334.09
3968 8330.91
3976 8327.72
3984 8324.53
3992 8321.34
4000 8318.16
4008 8314.97
4016 8311.78
4024 8308.59
4032 8305.41
4040 8302.22
4048 8299.04
4056 8295.86
4064 8292.69
4072 8289.51
4080 8286.34
4088 8283.18
4096 8280.01
4104 8276.86
4112 8273.7
4120 8270.56
4128 8267.41
4136 8264.28
4144 8261.15
4152 8258.02
4160 8254.9
4168 8251.79
4176 8248.69
4184 8245.59
4192 8242.5
4200 8239.42
4208 8236.35
4216 8233.28
4224 8230.23
4232 8227.18
4240 8224.14
4248 8221.12
4256 8218.1
4264 8215.09
4272 8212.09
4280 8209.1
4288 8206.13
4296 8203.16
4304 8200.21
4312 8197.26
4320 8194.33
4328 8191.41
4336 8188.5
4344 8185.61
4352 8182.72
4360 8179.85
4368 8176.99
4376 8174.15
4384 8171.31
4392 8168.49
4400 8165.69
4408 8162.89
4416 8160.11
4424 8157.35
4432 8154.59
4440 8151.85
4448 8149.13
4456 8146.42
4464 8143.72
4472 8141.04
4480 8138.37
4488 8135.72
4496 8133.08
4504 8130.45
4512 8127.84
4520 8125.25
4528 8122.67
4536 8120.1
4544 8117.55
4552 8115.02
4560 8112.5
4568 8109.99
4576 8107.5
4584 8105.02
4592 8102.56
4600 8100.12
4608 8097.68
4616 8095.27
4624 8092.87
4632 8090.48
4640 8088.11
4648 8085.75
4656 8083.41
4664 8081.08
4672 8078.77
4680 8076.47
4688 8074.18
4696 8071.91
4704 8069.65
4712 8067.41
4720 8065.18
4728 8062.97
4736 8060.77
4744 8058.58
4752 8056.4
4760 8054.24
4768 8052.1
4776 8049.96
4784 8047.84
4792 8045.73
4800 8043.63
4808 8041.54
4816 8039.47
4824 8037.41
4832 8035.35
4840 8033.31
4848 8031.29
4856 8029.27
4864 8027.26
4872 8025.26
4880 8023.27
4888 8021.29
4896 8019.32
4904 8017.36
4912 8015.41
4920 8013.47
4928 8011.53
4936 8009.6
4944 8007.68
4952 8005.77
4960 8003.86
4968 8001.96
4976 8000.06
4984 7998.17
4992 7996.29
5000 7994.41
5008 7992.53
5016 7990.66
5024 7988.79
5032 7986.92
5040 7985.05
5048 7983.19
5056 7981.33
5064 7979.47
5072 7977.61
5080 7975.75
5088 7973.88
5096 7972.02
5104 7970.16
5112 7968.29
5120 7966.42
5128 7964.54
5136 7962.67
5144 7960.78
5152 7958.9
5160 7957
5168 7955.1
5176 7953.19
5184 7951.28
5192 7949.36
5200 7947.42
5208 7945.48
5216 7943.53
5224 7941.56
5232 7939.59
5240 7937.6
5248 7935.59
5256 7933.58
5264 7931.55
5272 7929.5
5280 7927.44
5288 7925.35
5296 7923.26
5304 7921.14
5312 7919
5320 7916.84
5328 7914.66
5336 7912.46
5344 7910.24
5352 7907.99
5360 7905.72
5368 7903.42
5376 7901.09
5384 7898.74
5392 7896.36
5400 7893.95
5408 7891.51
5416 7889.04
5424 7886.53
5432 7883.99
5440 7881.42
5448 7878.81
5456 7876.17
5464 7873.49
5472 7870.77
5480 7868.01
5488 7865.21
5496 7862.36
5504 7859.48
5512 7856.55
5520 7853.57
5528 7850.55
5536 7847.48
5544 7844.37
5552 7841.2
5560 7837.98
5568 7834.71
5576 7831.39
5584 7828.01
5592 7824.58
5600 7821.09
5608 7817.54
5616 7813.93
5624 7810.26
5632 7806.53
5640 7802.73
5648 7798.87
5656 7794.94
5664 7790.95
5672 7786.88
5680 7782.75
5688 7778.54
5696 7774.26
5704 7769.91
5712 7765.48
5720 7760.97
5728 7756.38
5736 7751.71
5744 7746.96
5752 7742.13
5760 7737.21
5768 7732.2
5776 7727.11
5784 7721.92
5792 7716.64
5800 7711.28
5808 7705.81
5816 7700.25
5824 7694.59
5832 7688.84
5840 7682.98
5848 7677.02
5856 7670.95
5864 7664.78
5872 7658.49
5880 7652.1
5888 7645.6
5896 7638.98
5904 7632.25
5912 7625.4
5920 7618.44
5928 7611.35
5936 7604.14
5944 7596.8
5952 7589.34
5960 7581.75
5968 7574.03
5976 7566.18
5984 7558.19
5992 7550.07
6000 7541.81
6008 7533.41
6016 7524.87
6024 7516.18
6032 7507.35
6040 7498.37
6048 7489.24
6056 7479.96
6064 7470.52
6072 7460.93
6080 7451.18
6088 7441.27
6096 7431.19
6104 7420.95
