0 20.8544
8 20.6138
16 20.3732
24 20.1327
32 19.8923
40 19.6519
48 19.4117
56 19.1716
64 18.9317
72 18.692
80 18.4526
88 18.2134
96 17.9745
104 17.7359
112 17.4977
120 17.2598
128 17.0223
136 16.7852
144 16.5486
152 16.3125
160 16.0768
168 15.8416
176 15.607
184 15.373
192 15.1396
200 14.9068
208 14.6746
216 14.4431
224 14.2124
232 13.9823
240 13.753
248 13.5245
256 13.2968
264 13.07
272 12.8439
280 12.6188
288 12.3946
296 12.1713
304 11.949
312 11.7277
320 11.5074
328 11.2881
336 11.0699
344 10.8528
352 10.6368
360 10.422
368 10.2083
376 9.99583
384 9.78458
392 9.57458
400 9.36586
408 9.15843
416 8.95234
424 8.7476
432 8.54423
440 8.34228
448 8.14175
456 7.94269
464 7.7451
472 7.54903
480 7.35449
488 7.16152
496 6.97013
504 6.78036
512 6.59222
520 6.40576
528 6.22098
536 6.03792
544 5.85661
552 5.67707
560 5.49932
568 5.3234
576 5.14932
584 4.97712
592 4.80682
600 4.63845
608 4.47202
616 4.30758
624 4.14514
632 3.98473
640 3.82638
648 3.67011
656 3.51595
664 3.36392
672 3.21406
680 3.06638
688 2.92091
696 2.77768
704 2.63672
712 2.49805
720 2.36169
728 2.22768
736 2.09604
744 1.96679
752 1.83996
760 1.71558
768 1.59368
776 1.47427
784 1.35738
792 1.24305
800 1.13129
808 1.02208
816 0.915428
824 0.811311
832 0.709722
840 0.610651
848 0.514086
856 0.420018
864 0.328436
872 0.239328
880 0.152686
888 0.0684971
896 -0.0132482
904 -0.0925607
912 -0.169451
920 -0.24393
928 -0.316007
936 -0.385694
944 -0.453002
952 -0.51794
960 -0.580519
968 -0.64075
976 -0.698643
984 -0.75421
992 -0.80746
1000 -0.858405
1008 -0.907054
1016 -0.953418
1024 -0.997509
1032 -1.03934
1040 -1.07891
1048 -1.11624
1056 -1.15134
1064 -1.18422
1072 -1.21489
1080 -1.24336
1088 -1.26964
1096 -1.29374
1104 -1.31567
1112 -1.33545
1120 -1.35307
1128 -1.36856
1136 -1.38193
1144 -1.39318
1152 -1.40233
1160 -1.40938
1168 -1.41434
1176 -1.41724
1184 -1.41807
1192 -1.41685
1200 -1.41359
1208 -1.4083
1216 -1.40099
1224 -1.39167
1232 -1.38035
1240 -1.36704
1248 -1.35176
1256 -1.33451
1264 -1.3153
1272 -1.29414
1280 -1.27105
1288 -1.24604
1296 -1.21911
1304 -1.19028
1312 -1.15955
1320 -1.12694
1328 -1.09246
1336 -1.05612
1344 -1.01793
1352 -0.977898
1360 -0.936037
1368 -0.892357
1376 -0.846869
1384 -0.799583
1392 -0.750509
1400 -0.69966
1408 -0.647044
1416 -0.592673
1424 -0.536557
1432 -0.478706
1440 -0.419133
1448 -0.357846
1456 -0.294856
1464 -0.230175
1472 -0.163813
1480 -0.0957793
1488 -0.026086
1496 0.045257
1504 0.118239
1512 0.192849
1520 0.269077
1528 0.346912
1536 0.426344
1544 0.507362
1552 0.589956
1560 0.674114
1568 0.759826
1576 0.847082
1584 0.935871
1592 1.02617
1600 1.11792
1608 1.21109
1616 1.30562
1624 1.40147
1632 1.49859
1640 1.59692
1648 1.69642
1656 1.79705
1664 1.89875
1672 2.00148
1680 2.10518
1688 2.20981
1696 2.31533
1704 2.42167
1712 2.52881
1720 2.63667
1728 2.74523
1736 2.85442
1744 2.96421
1752 3.07454
1760 3.18536
1768 3.29663
1776 3.4083
1784 3.52032
1792 3.63264
1800 3.74521
1808 3.85799
1816 3.97092
1824 4.08397
1832 4.19707
1840 4.31019
1848 4.42327
1856 4.53626
1864 4.64912
1872 4.76181
1880 4.87426
1888 4.98643
1896 5.09828
1904 5.20975
1912 5.3208
1920 5.43138
1928 5.54144
1936 5.65094
1944 5.75982
1952 5.86803
1960 5.97553
1968 6.08227
1976 6.18821
1984 6.29328
1992 6.39745
2000 6.50067
2008 6.60289
2016 6.70405
2024 6.80412
2032 6.90304
2040 7.00076
2048 7.09724
2056 7.19243
2064 7.28629
2072 7.37875
2080 7.46977
2088 7.55932
2096 7.64732
2104 7.73375
2112 7.81855
2120 7.90167
2128 7.98306
2136 8.06268
2144 8.14048
2152 8.21641
2160 8.29041
2168 8.36245
2176 8.43248
2184 8.50044
2192 8.56629
2200 8.62998
2208 8.69145
2216 8.75068
2224 8.80759
2232 8.86216
2240 8.91432
2248 8.96403
2256 9.01124
2264 9.05591
2272 9.09798
2280 9.1374
2288 9.17414
2296 9.20814
2304 9.23934
2312 9.26772
2320 9.2932
2328 9.31576
2336 9.33533
2344 9.35187
2352 9.36534
2360 9.37568
2368 9.38284
2376 9.38679
2384 9.38752
2392 9.38509
2400 9.37955
2408 9.37094
2416 9.35933
2424 9.34476
2432 9.32728
2440 9.30695
2448 9.28382
2456 9.25793
2464 9.22935
2472 9.19812
2480 9.16429
2488 9.12792
2496 9.08906
2504 9.04775
2512 9.00406
2520 8.95802
2528 8.9097
2536 8.85915
2544 8.80641
2552 8.75154
2560 8.6946
2568 8.63562
2576 8.57466
2584 8.51179
2592 8.44703
2600 8.38046
2608 8.31211
2616 8.24205
2624 8.17032
2632 8.09697
2640 8.02206
2648 7.94564
2656 7.86776
2664 7.78847
2672 7.70782
2680 7.62586
2688 7.54265
2696 7.45824
2704 7.37268
2712 7.28601
2720 7.1983
2728 7.1096
2736 7.01995
2744 6.9294
2752 6.83802
2760 6.74584
2768 6.65293
2776 6.55933
2784 6.46509
2792 6.37027
2800 6.27492
2808 6.17909
2816 6.08283
2824 5.9862
2832 5.88924
2840 5.792
2848 5.69455
2856 5.59692
2864 5.49917
2872 5.40136
2880 5.30353
2888 5.20574
2896 5.10803
2904 5.01047
2912 4.91309
2920 4.81596
2928 4.71912
2936 4.62262
2944 4.52653
2952 4.43088
2960 4.33573
2968 4.24114
2976 4.14715
2984 4.05381
2992 3.96118
3000 3.86931
3008 3.77825
3016 3.68805
3024 3.59876
3032 3.51044
3040 3.42314
3048 3.3369
3056 3.25178
3064 3.16784
3072 3.08511
3080 3.00367
3088 2.92354
3096 2.8448
3104 2.76749
3112 2.69165
3120 2.61735
3128 2.54463
3136 2.47355
3144 2.40416
3152 2.3365
3160 2.27064
3168 2.20661
3176 2.14442
3184 2.08406
3192 2.0255
3200 1.96871
3208 1.91369
3216 1.86041
3224 1.80886
3232 1.759
3240 1.71083
3248 1.66432
3256 1.61946
3264 1.57622
3272 1.53458
3280 1.49452
3288 1.45603
3296 1.41909
3304 1.38366
3312 1.34975
3320 1.31731
3328 1.28635
3336 1.25683
3344 1.22873
3352 1.20204
3360 1.17673
3368 1.15279
3376 1.1302
3384 1.10894
3392 1.08898
3400 1.07031
3408 1.0529
3416 1.03674
3424 1.02181
3432 1.00809
3440 0.99556
3448 0.984196
3456 0.97398
3464 0.964892
3472 0.956914
3480 0.950025
3488 0.944206
3496 0.939436
3504 0.935696
3512 0.932967
3520 0.931227
3528 0.930459
3536 0.930641
3544 0.931754
3552 0.933779
3560 0.936695
3568 0.940482
3576 0.945122
3584 0.950594
3592 0.956878
3600 0.963955
3608 0.971804
3616 0.980407
3624 0.989743
3632 0.999792
3640 1.01053
3648 1.02195
3656 1.03402
3664 1.04673
3672 1.06005
3680 1.07396
3688 1.08845
3696 1.1035
3704 1.11908
3712 1.13517
3720 1.15177
3728 1.16883
3736 1.18636
3744 1.20432
3752 1.2227
3760 1.24147
3768 1.26062
3776 1.28013
3784 1.29998
3792 1.32015
3800 1.34061
3808 1.36135
3816 1.38235
3824 1.40359
3832 1.42505
3840 1.4467
3848 1.46854
3856 1.49054
3864 1.51267
3872 1.53493
3880 1.55728
3888 1.57972
3896 1.60222
3904 1.62476
3912 1.64732
3920 1.66988
3928 1.69242
3936 1.71493
3944 1.73737
3952 1.76138
3960 1.78202
3968 1.80418
3976 1.82624
3984 1.84819
3992 1.87001
4000 1.89171
4008 1.91328
4016 1.93471
4024 1.956
4032 1.97714
4040 1.99813
4048 2.01896
4056 2.03963
4064 2.06013
4072 2.08045
4080 2.10059
4088 2.12055
4096 2.14032
4104 2.15989
4112 2.17926
4120 2.19842
4128 2.21736
4136 2.23609
4144 2.2546
4152 2.27288
4160 2.29092
4168 2.30872
4176 2.32628
4184 2.34358
4192 2.36063
4200 2.37742
4208 2.39394
4216 2.41019
4224 2.42616
4232 2.44185
4240 2.45725
4248 2.47235
4256 2.48716
4264 2.50166
4272 2.51584
4280 2.52972
4288 2.54327
4296 2.55649
4304 2.56938
4312 2.58193
4320 2.59414
4328 2.60601
4336 2.61751
4344 2.62866
4352 2.63944
4360 2.64986
4368 2.65989
4376 2.66955
4384 2.67881
4392 2.68769
4400 2.69617
4408 2.70424
4416 2.71191
4424 2.71916
4432 2.72599
4440 2.7324
4448 2.73838
4456 2.74392
4464 2.74902
4472 2.75368
4480 2.75788
4488 2.76162
4496 2.76491
4504 2.76772
4512 2.77006
4520 2.77192
4528 2.77329
4536 2.77418
4544 2.77457
4552 2.77446
4560 2.77384
4568 2.77271
4576 2.77106
4584 2.76889
4592 2.7662
4600 2.76297
4608 2.75919
4616 2.75488
4624 2.75001
4632 2.74459
4640 2.73861
4648 2.73206
4656 2.72495
4664 2.71725
4672 2.70897
4680 2.7001
4688 2.69064
4696 2.68058
4704 2.66992
4712 2.65864
4720 2.64676
4728 2.63425
4736 2.62111
4744 2.60734
4752 2.59294
4760 2.57792
4768 2.56229
4776 2.54607
4784 2.52928
4792 2.51191
4800 2.494
4808 2.47555
4816 2.45657
4824 2.43709
4832 2.41711
4840 2.39666
4848 2.37573
4856 2.35436
4864 2.33254
4872 2.3103
4880 2.28765
4888 2.2646
4896 2.24118
4904 2.21738
4912 2.19323
4920 2.16873
4928 2.14392
4936 2.11879
4944 2.09336
4952 2.06764
4960 2.04166
4968 2.01542
4976 1.98894
4984 1.96223
4992 1.9353
5000 1.90818
5008 1.88087
5016 1.85339
5024 1.82574
5032 1.79796
5040 1.77004
5048 1.74201
5056 1.71388
5064 1.68566
5072 1.65736
5080 1.62901
5088 1.60061
5096 1.57218
5104 1.54373
5112 1.51527
5120 1.48683
5128 1.45841
5136 1.43003
5144 1.4017
5152 1.37343
5160 1.34525
5168 1.31716
5176 1.28918
5184 1.26132
5192 1.2336
5200 1.20603
5208 1.17862
5216 1.15139
5224 1.12436
5232 1.09753
5240 1.07092
5248 1.04454
5256 1.01842
5264 0.992554
5272 0.966967
5280 0.94167
5288 0.916678
5296 0.892005
5304 0.867665
5312 0.843671
5320 0.820038
5328 0.796779
5336 0.77391
5344 0.751443
5352 0.729393
5360 0.707773
5368 0.686599
5376 0.665883
5384 0.64564
5392 0.625885
5400 0.60663
5408 0.58789
5416 0.569678
5424 0.55201
5432 0.534899
5440 0.518359
5448 0.502404
5456 0.487048
5464 0.472305
5472 0.45819
5480 0.444715
5488 0.431895
5496 0.419745
5504 0.408278
5512 0.397508
5520 0.387449
5528 0.378116
5536 0.369521
5544 0.361672
5552 0.354557
5560 0.348166
5568 0.342488
5576 0.337513
5584 0.333228
5592 0.329625
5600 0.32669
5608 0.324414
5616 0.322786
5624 0.321795
5632 0.321429
5640 0.321679
5648 0.322532
5656 0.323978
5664 0.326007
5672 0.328606
5680 0.331766
5688 0.335476
5696 0.339724
5704 0.344499
5712 0.349791
5720 0.355589
5728 0.361882
5736 0.368658
5744 0.375908
5752 0.383619
5760 0.391782
5768 0.400385
5776 0.409418
5784 0.418868
5792 0.428727
5800 0.438981
5808 0.449622
5816 0.460637
5824 0.472016
5832 0.483748
5840 0.495822
5848 0.508228
5856 0.520953
5864 0.533987
5872 0.54732
5880 0.560941
5888 0.574837
5896 0.589
5904 0.603417
5912 0.618078
5920 0.632972
5928 0.648087
5936 0.663414
5944 0.678941
5952 0.694657
5960 0.710551
5968 0.726612
5976 0.74283
5984 0.759194
5992 0.775692
6000 0.792314
6008 0.809049
6016 0.825885
6024 0.842812
6032 0.85982
6040 0.876897
6048 0.894031
6056 0.911213
6064 0.928432
6072 0.945676
6080 0.962934
6088 0.980196
6096 0.997451
6104 1.01469
6112 1.03189
6120 1.04906
6128 1.06618
6136 1.08323
6144 1.10022
6152 1.11711
6160 1.13392
6168 1.15061
6176 1.1672
6184 1.18365
6192 1.19997
6200 1.21613
6208 1.23214
6216 1.24797
6224 1.26363
6232 1.27909
6240 1.29435
6248 1.30939
6256 1.3242
6264 1.33878
6272 1.35312
6280 1.36719
6288 1.381
6296 1.39452
6304 1.40776
6312 1.42069
6320 1.43331
6328 1.4456
6336 1.45757
6344 1.46921
6352 1.48053
6360 1.49154
6368 1.50223
6376 1.51261
6384 1.52268
6392 1.53244
6400 1.54191
6408 1.55107
6416 1.55995
6424 1.56853
6432 1.57682
6440 1.58483
6448 1.59256
6456 1.60001
6464 1.60718
6472 1.61409
6480 1.62072
6488 1.62709
6496 1.6332
6504 1.63906
6512 1.64465
6520 1.65
6528 1.6551
6536 1.65995
6544 1.66457
6552 1.66894
6560 1.67308
6568 1.67699
6576 1.68067
6584 1.68413
6592 1.68737
6600 1.69039
6608 1.69319
6616 1.69578
6624 1.69817
6632 1.70035
6640 1.70233
6648 1.70411
6656 1.7057
6664 1.70709
6672 1.7083
6680 1.70932
6688 1.71016
6696 1.71083
6704 1.71132
6712 1.71164
6720 1.71179
6728 1.71177
6736 1.7116
6744 1.71127
6752 1.71078
6760 1.71014
6768 1.70935
6776 1.70842
6784 1.70735
6792 1.70614
6800 1.7048
6808 1.70332
6816 1.70172
6824 1.69999
6832 1.69814
6840 1.69618
6848 1.6941
6856 1.6919
6864 1.6896
6872 1.6872
6880 1.68469
6888 1.68209
6896 1.67939
6904 1.6766
6912 1.67373
6920 1.67077
6928 1.66772
6936 1.6646
6944 1.66141
6952 1.65814
6960 1.65481
6968 1.65141
6976 1.64795
6984 1.64444
6992 1.64086
7000 1.63724
7008 1.63357
7016 1.62986
7024 1.6261
7032 1.62231
7040 1.61848
7048 1.61462
7056 1.61073
7064 1.60682
7072 1.60289
7080 1.59894
7088 1.59497
7096 1.591
7104 1.58701
7112 1.58303
