0 20.8544
8 20.5548
16 20.2553
24 19.9558
32 19.6565
40 19.3575
48 19.0587
56 18.7603
64 18.4622
72 18.1646
80 17.8675
88 17.5709
96 17.275
104 16.9797
112 16.6852
120 16.3914
128 16.0984
136 15.8064
144 15.5153
152 15.2252
160 14.9361
168 14.6482
176 14.3614
184 14.0759
192 13.7916
200 13.5087
208 13.2271
216 12.947
224 12.6684
232 12.3914
240 12.116
248 11.8422
256 11.5702
264 11.2999
272 11.0315
280 10.765
288 10.5004
296 10.2378
304 9.97728
312 9.71887
320 9.46263
328 9.20861
336 8.95687
344 8.70746
352 8.46045
360 8.21588
368 7.97382
376 7.73431
384 7.49742
392 7.26319
400 7.03169
408 6.80297
416 6.57709
424 6.35409
432 6.13405
440 5.917
448 5.70302
456 5.49214
464 5.28444
472 5.07996
480 4.87877
488 4.68091
496 4.48644
504 4.29542
512 4.1079
520 3.92394
528 3.74359
536 3.56691
544 3.39396
552 3.22479
560 3.05946
568 2.89802
576 2.74053
584 2.58704
592 2.43761
600 2.29229
608 2.15114
616 2.01422
624 1.88158
632 1.75328
640 1.62937
648 1.50991
656 1.39495
664 1.28455
672 1.17868
680 1.07728
688 0.980276
696 0.887605
704 0.7992
712 0.714993
720 0.634916
728 0.558902
736 0.486883
744 0.418793
752 0.354564
760 0.294129
768 0.23742
776 0.184369
784 0.134911
792 0.0889762
800 0.0464986
808 0.00741044
816 -0.0283556
824 -0.0608669
832 -0.0901907
840 -0.116395
848 -0.139546
856 -0.159711
864 -0.176959
872 -0.191356
880 -0.20297
888 -0.211868
896 -0.218118
904 -0.221786
912 -0.22294
920 -0.221648
928 -0.217977
936 -0.211994
944 -0.203767
952 -0.193362
960 -0.180848
968 -0.166291
976 -0.14976
984 -0.131321
992 -0.111041
1000 -0.0889891
1008 -0.0652312
1016 -0.0398352
1024 -0.0128682
1032 0.0156022
1040 0.0455087
1048 0.076784
1056 0.109361
1064 0.143172
1072 0.178149
1080 0.214226
1088 0.251335
1096 0.289408
1104 0.328379
1112 0.36818
1120 0.408743
1128 0.450001
1136 0.491887
1144 0.534334
1152 0.577274
1160 0.62064
1168 0.664364
1176 0.708379
1184 0.752618
1192 0.797013
1200 0.841497
1208 0.886003
1216 0.930463
1224 0.97481
1232 1.01898
1240 1.0629
1248 1.1065
1256 1.14972
1264 1.19249
1272 1.23475
1280 1.27642
1288 1.31743
1296 1.35773
1304 1.39724
1312 1.4359
1320 1.47364
1328 1.51042
1336 1.54626
1344 1.58118
1352 1.6152
1360 1.64834
1368 1.68062
1376 1.71207
1384 1.7427
1392 1.77254
1400 1.8016
1408 1.82991
1416 1.85748
1424 1.88434
1432 1.91052
1440 1.93602
1448 1.96087
1456 1.98509
1464 2.0087
1472 2.03173
1480 2.05419
1488 2.0761
1496 2.09749
1504 2.11837
1512 2.13877
1520 2.15871
1528 2.17821
1536 2.19728
1544 2.21595
1552 2.23425
1560 2.25218
1568 2.26978
1576 2.28706
1584 2.30404
1592 2.32075
1600 2.3372
1608 2.35342
1616 2.36942
1624 2.38523
1632 2.40087
1640 2.41636
1648 2.43172
1656 2.44696
1664 2.46212
1672 2.47721
1680 2.49226
1688 2.50727
1696 2.52229
1704 2.53731
1712 2.55237
1720 2.56749
1728 2.58269
1736 2.59798
1744 2.6134
1752 2.62895
1760 2.64466
1768 2.66056
1776 2.67665
1784 2.69297
1792 2.70954
1800 2.72636
1808 2.74348
1816 2.76089
1824 2.77864
1832 2.79673
1840 2.81519
1848 2.83404
1856 2.8533
1864 2.87299
1872 2.89313
1880 2.91375
1888 2.93485
1896 2.95647
1904 2.97863
1912 3.00134
1920 3.02462
1928 3.04851
1936 3.07301
1944 3.09814
1952 3.12394
1960 3.15042
1968 3.1776
1976 3.20653
1984 3.23413
1992 3.26348
2000 3.29351
2008 3.32418
2016 3.35548
2024 3.38737
2032 3.41981
2040 3.45277
2048 3.48623
2056 3.52015
2064 3.5545
2072 3.58926
2080 3.62438
2088 3.65983
2096 3.69559
2104 3.73163
2112 3.76791
2120 3.8044
2128 3.84107
2136 3.87789
2144 3.91482
2152 3.95184
2160 3.98892
2168 4.02602
2176 4.06311
2184 4.10017
2192 4.13715
2200 4.17403
2208 4.21078
2216 4.24736
2224 4.28375
2232 4.31991
2240 4.35581
2248 4.39142
2256 4.42671
2264 4.46165
2272 4.4962
2280 4.53034
2288 4.56403
2296 4.59724
2304 4.62995
2312 4.66211
2320 4.6937
2328 4.72469
2336 4.75505
2344 4.78473
2352 4.81372
2360 4.84199
2368 4.86949
2376 4.8962
2384 4.92209
2392 4.94712
2400 4.97127
2408 4.9945
2416 5.01678
2424 5.03809
2432 5.05838
2440 5.07763
2448 5.09581
2456 5.11289
2464 5.12883
2472 5.1436
2480 5.15717
2488 5.16951
2496 5.18059
2504 5.19038
2512 5.19884
2520 5.20595
2528 5.21167
2536 5.21598
2544 5.21883
2552 5.22021
2560 5.22007
2568 5.21839
2576 5.21513
2584 5.21027
2592 5.20377
2600 5.1956
2608 5.18573
2616 5.17413
2624 5.16077
2632 5.14562
2640 5.12864
2648 5.10985
2656 5.08928
2664 5.06697
2672 5.04297
2680 5.01731
2688 4.99003
2696 4.96116
2704 4.93075
2712 4.89883
2720 4.86544
2728 4.83062
2736 4.79442
2744 4.75685
2752 4.71798
2760 4.67783
2768 4.63644
2776 4.59385
2784 4.5501
2792 4.50523
2800 4.45927
2808 4.41227
2816 4.36426
2824 4.31528
2832 4.26537
2840 4.21457
2848 4.16291
2856 4.11044
2864 4.05719
2872 4.00321
2880 3.94852
2888 3.89317
2896 3.8372
2904 3.78064
2912 3.72354
2920 3.66592
2928 3.60784
2936 3.54933
2944 3.49042
2952 3.43116
2960 3.37158
2968 3.31172
2976 3.25163
2984 3.19133
2992 3.13087
3000 3.07028
3008 3.00961
3016 2.94889
3024 2.88817
3032 2.82747
3040 2.76684
3048 2.70631
3056 2.64593
3064 2.58573
3072 2.52575
3080 2.46604
3088 2.40662
3096 2.34753
3104 2.28882
3112 2.23053
3120 2.17268
3128 2.11533
3136 2.0585
3144 2.00224
3152 1.94659
3160 1.89158
3168 1.83725
3176 1.78364
3184 1.73079
3192 1.67873
3200 1.62751
3208 1.57717
3216 1.52774
3224 1.47925
3232 1.43176
3240 1.38529
3248 1.33989
3256 1.2956
3264 1.25244
3272 1.21047
3280 1.16971
3288 1.13022
3296 1.09202
3304 1.05514
3312 1.01957
3320 0.985307
3328 0.952345
3336 0.920675
3344 0.890288
3352 0.861178
3360 0.833336
3368 0.806755
3376 0.781428
3384 0.757346
3392 0.734503
3400 0.712889
3408 0.692499
3416 0.673324
3424 0.655357
3432 0.63859
3440 0.623015
3448 0.608625
3456 0.595412
3464 0.583369
3472 0.572488
3480 0.562761
3488 0.554181
3496 0.54674
3504 0.54043
3512 0.535245
3520 0.531175
3528 0.528215
3536 0.526355
3544 0.525589
3552 0.525909
3560 0.527307
3568 0.529775
3576 0.533307
3584 0.537894
3592 0.543529
3600 0.550204
3608 0.557911
3616 0.566643
3624 0.576393
3632 0.587152
3640 0.598914
3648 0.611669
3656 0.625412
3664 0.640134
3672 0.655828
3680 0.672485
3688 0.690099
3696 0.708662
3704 0.728166
3712 0.748603
3720 0.769966
3728 0.792248
3736 0.815441
3744 0.839536
3752 0.864527
3760 0.890406
3768 0.917165
3776 0.944797
3784 0.973293
3792 1.00265
3800 1.03285
3808 1.0639
3816 1.09578
3824 1.12849
3832 1.16201
3840 1.19635
3848 1.23149
3856 1.26743
3864 1.30416
3872 1.34167
3880 1.37995
3888 1.419
3896 1.45881
3904 1.49937
3912 1.54067
3920 1.58271
3928 1.62547
3936 1.66896
3944 1.71316
3952 1.76138
3960 1.80366
3968 1.84992
3976 1.89681
3984 1.9443
3992 1.99235
4000 2.04092
4008 2.08999
4016 2.13952
4024 2.18946
4032 2.2398
4040 2.29049
4048 2.34149
4056 2.39278
4064 2.44433
4072 2.49608
4080 2.54802
4088 2.6001
4096 2.65229
4104 2.70456
4112 2.75687
4120 2.80919
4128 2.86148
4136 2.91371
4144 2.96584
4152 3.01784
4160 3.06968
4168 3.12131
4176 3.17271
4184 3.22384
4192 3.27467
4200 3.32515
4208 3.37527
4216 3.42497
4224 3.47423
4232 3.52302
4240 3.57129
4248 3.61902
4256 3.66616
4264 3.71269
4272 3.75857
4280 3.80376
4288 3.84824
4296 3.89196
4304 3.93489
4312 3.97699
4320 4.01824
4328 4.0586
4336 4.09803
4344 4.1365
4352 4.17397
4360 4.21041
4368 4.24578
4376 4.28005
4384 4.31319
4392 4.34516
4400 4.37592
4408 4.40545
4416 4.4337
4424 4.46065
4432 4.48625
4440 4.51047
4448 4.53328
4456 4.55465
4464 4.57453
4472 4.5929
4480 4.60972
4488 4.62495
4496 4.63856
4504 4.65052
4512 4.66079
4520 4.66934
4528 4.67613
4536 4.68113
4544 4.68429
4552 4.6856
4560 4.68501
4568 4.68249
4576 4.67801
4584 4.67152
4592 4.663
4600 4.65241
4608 4.63971
4616 4.62488
4624 4.60792
4632 4.58888
4640 4.56781
4648 4.54476
4656 4.51976
4664 4.49287
4672 4.46414
4680 4.4336
4688 4.40131
4696 4.36732
4704 4.33166
4712 4.29439
4720 4.25555
4728 4.21519
4736 4.17336
4744 4.1301
4752 4.08546
4760 4.03949
4768 3.99223
4776 3.94373
4784 3.89403
4792 3.84318
4800 3.79124
4808 3.73824
4816 3.68423
4824 3.62926
4832 3.57338
4840 3.51662
4848 3.45905
4856 3.4007
4864 3.34162
4872 3.28186
4880 3.22147
4888 3.16048
4896 3.09896
4904 3.03694
4912 2.97447
4920 2.9116
4928 2.84837
4936 2.78483
4944 2.72103
4952 2.65702
4960 2.59283
4968 2.52853
4976 2.46414
4984 2.39973
4992 2.33534
5000 2.271
5008 2.20678
5016 2.14272
5024 2.07886
5032 2.01524
5040 1.95193
5048 1.88896
5056 1.82638
5064 1.76423
5072 1.70257
5080 1.64144
5088 1.58088
5096 1.52095
5104 1.46169
5112 1.40314
5120 1.34535
5128 1.28838
5136 1.23226
5144 1.17704
5152 1.12277
5160 1.0695
5168 1.01726
5176 0.966121
5184 0.916114
5192 0.867289
5200 0.819692
5208 0.773371
5216 0.728371
5224 0.684739
5232 0.642523
5240 0.601767
5248 0.56252
5256 0.524828
5264 0.488737
5272 0.454294
5280 0.421523
5288 0.390406
5296 0.360919
5304 0.333038
5312 0.306738
5320 0.281997
5328 0.25879
5336 0.237093
5344 0.216882
5352 0.198133
5360 0.180822
5368 0.164925
5376 0.150419
5384 0.137278
5392 0.12548
5400 0.115
5408 0.105814
5416 0.0978988
5424 0.0912298
5432 0.0857831
5440 0.0815347
5448 0.0784608
5456 0.0765373
5464 0.0757402
5472 0.0760457
5480 0.0774297
5488 0.0798682
5496 0.0833372
5504 0.0878129
5512 0.0932712
5520 0.0996881
5528 0.10704
5536 0.115302
5544 0.124451
5552 0.134463
5560 0.145313
5568 0.156979
5576 0.169435
5584 0.182658
5592 0.196624
5600 0.211309
5608 0.226689
5616 0.24274
5624 0.259438
5632 0.276758
5640 0.294678
5648 0.313173
5656 0.332219
5664 0.351793
5672 0.371869
5680 0.392425
5688 0.413436
5696 0.434878
5704 0.456727
5712 0.478959
5720 0.501551
5728 0.524479
5736 0.547717
5744 0.571243
5752 0.595033
5760 0.619062
5768 0.643306
5776 0.667742
5784 0.692346
5792 0.717093
5800 0.74196
5808 0.766922
5816 0.791956
5824 0.817037
5832 0.842143
5840 0.867248
5848 0.892329
5856 0.917361
5864 0.942322
5872 0.967186
5880 0.99193
5888 1.01653
5896 1.04096
5904 1.0652
5912 1.08923
5920 1.11301
5928 1.1391
5936 1.15976
5944 1.18271
5952 1.20536
5960 1.22772
5968 1.24979
5976 1.27157
5984 1.29306
5992 1.31425
6000 1.33516
6008 1.35577
6016 1.37608
6024 1.39611
6032 1.41584
6040 1.43528
6048 1.45442
6056 1.47327
6064 1.49183
6072 1.51009
6080 1.52806
6088 1.54574
6096 1.56312
6104 1.5802
6112 1.59699
6120 1.61348
6128 1.62968
6136 1.64559
6144 1.66119
6152 1.6765
6160 1.69152
6168 1.70623
6176 1.72065
6184 1.73478
6192 1.7486
6200 1.76213
6208 1.77536
6216 1.78829
6224 1.80093
6232 1.81326
6240 1.8253
6248 1.83704
6256 1.84848
6264 1.85962
6272 1.87046
6280 1.881
6288 1.89125
6296 1.90119
6304 1.91083
6312 1.92017
6320 1.92921
6328 1.93795
6336 1.94639
6344 1.95453
6352 1.96236
6360 1.9699
6368 1.97713
6376 1.98406
6384 1.99069
6392 1.99702
6400 2.00304
6408 2.00876
6416 2.01417
6424 2.01929
6432 2.0241
6440 2.0286
6448 2.0328
6456 2.0367
6464 2.04029
6472 2.04358
6480 2.04657
6488 2.04924
6496 2.05162
6504 2.05369
6512 2.05545
6520 2.0569
6528 2.05805
6536 2.0589
6544 2.05943
6552 2.05967
6560 2.05959
6568 2.0592
6576 2.05851
6584 2.05752
6592 2.05621
6600 2.0546
6608 2.05268
6616 2.05047
6624 2.04796
6632 2.04516
6640 2.04208
6648 2.03871
6656 2.03506
6664 2.03114
6672 2.02694
6680 2.02248
6688 2.01775
6696 2.01275
6704 2.00751
6712 2.002
6720 1.99625
6728 1.99026
6736 1.98402
6744 1.97754
6752 1.97083
6760 1.96388
6768 1.95671
6776 1.94931
6784 1.9417
6792 1.93387
6800 1.92583
6808 1.91757
6816 1.90912
6824 1.90046
6832 1.8916
6840 1.88255
6848 1.87331
6856 1.86389
6864 1.85428
6872 1.84449
6880 1.83453
6888 1.8244
6896 1.8141
6904 1.80364
6912 1.79301
6920 1.78223
6928 1.7713
6936 1.76022
6944 1.74899
6952 1.73762
6960 1.72611
6968 1.71448
6976 1.70271
6984 1.69081
6992 1.67879
7000 1.66665
7008 1.6544
7016 1.64204
7024 1.62956
7032 1.61699
7040 1.60431
7048 1.59154
7056 1.57867
7064 1.56572
7072 1.55268
7080 1.53956
7088 1.52636
7096 1.51309
7104 1.49974
7112 1.48633
7120 1.47286
7128 1.45933
7136 1.44574
7144 1.4321
7152 1.41842
7160 1.40469
7168 1.39091
7176 1.37711
7184 1.36327
7192 1.3494
7200 1.3355
7208 1.32158
7216 1.30765
7224 1.2937
7232 1.27974
7240 1.26577
