0 20.8544
8 20.151
16 19.4484
24 18.7473
32 18.0485
40 17.3527
48 16.6607
56 15.9734
64 15.2914
72 14.6155
80 13.9465
88 13.2852
96 12.6322
104 11.9884
112 11.3546
120 10.7315
128 10.1198
136 9.52042
144 8.93401
152 8.36135
160 7.80323
168 7.26039
176 6.73362
184 6.22367
192 5.7313
200 5.25729
208 4.80239
216 4.36737
224 3.953
232 3.56004
240 3.18926
248 2.84141
256 2.51727
264 2.2176
272 1.94283
280 1.69226
288 1.465
296 1.26011
304 1.07668
312 0.913792
320 0.77053
328 0.645976
336 0.539211
344 0.44932
352 0.375383
360 0.316484
368 0.271706
376 0.24013
384 0.220839
392 0.212917
400 0.215444
408 0.227505
416 0.248181
424 0.276555
432 0.31171
440 0.352728
448 0.398691
456 0.448682
464 0.501785
472 0.55708
480 0.613651
488 0.670581
496 0.726951
504 0.781845
512 0.834345
520 0.883533
528 0.928493
536 0.968588
544 1.00396
552 1.03489
560 1.06165
568 1.08452
576 1.10377
584 1.11969
592 1.13254
600 1.14262
608 1.15018
616 1.15552
624 1.1589
632 1.16061
640 1.16092
648 1.1601
656 1.15844
664 1.15622
672 1.1537
680 1.15116
688 1.14889
696 1.14716
704 1.14625
712 1.14642
720 1.14797
728 1.15117
736 1.15628
744 1.1636
752 1.1734
760 1.18595
768 1.20153
776 1.22042
784 1.2429
792 1.26924
800 1.29956
808 1.33365
816 1.37123
824 1.41202
832 1.45576
840 1.50217
848 1.55097
856 1.6019
864 1.65467
872 1.70902
880 1.76467
888 1.82135
896 1.87879
904 1.93671
912 1.99483
920 2.05289
928 2.11061
936 2.16772
944 2.22394
952 2.279
960 2.33262
968 2.38455
976 2.43449
984 2.48217
992 2.52733
1000 2.56969
1008 2.60898
1016 2.64491
1024 2.67723
1032 2.70565
1040 2.7299
1048 2.74971
1056 2.76481
1064 2.77505
1072 2.78056
1080 2.7815
1088 2.77801
1096 2.77025
1104 2.75838
1112 2.74254
1120 2.72289
1128 2.69959
1136 2.67278
1144 2.64262
1152 2.60927
1160 2.57287
1168 2.53358
1176 2.49156
1184 2.44695
1192 2.39992
1200 2.3506
1208 2.29917
1216 2.24576
1224 2.19054
1232 2.13365
1240 2.07526
1248 2.0155
1256 1.95455
1264 1.89254
1272 1.82964
1280 1.766
1288 1.70176
1296 1.63709
1304 1.57214
1312 1.50706
1320 1.442
1328 1.37715
1336 1.31277
1344 1.2491
1352 1.1864
1360 1.12493
1368 1.06493
1376 1.00667
1384 0.950395
1392 0.896359
1400 0.844817
1408 0.796022
1416 0.75023
1424 0.707694
1432 0.668668
1440 0.633406
1448 0.602162
1456 0.575191
1464 0.552745
1472 0.53508
1480 0.522448
1488 0.515105
1496 0.513304
1504 0.517299
1512 0.527344
1520 0.543693
1528 0.5666
1536 0.59632
1544 0.633105
1552 0.677211
1560 0.72889
1568 0.788398
1576 0.855988
1584 0.931906
1592 1.01606
1600 1.10788
1608 1.20677
1616 1.31212
1624 1.42332
1632 1.53977
1640 1.66087
1648 1.78601
1656 1.91458
1664 2.046
1672 2.17964
1680 2.31491
1688 2.4512
1696 2.5879
1704 2.72442
1712 2.86015
1720 2.99448
1728 3.12681
1736 3.25654
1744 3.38306
1752 3.50577
1760 3.62406
1768 3.73733
1776 3.84498
1784 3.94639
1792 4.04098
1800 4.12812
1808 4.20722
1816 4.27768
1824 4.33889
1832 4.39024
1840 4.43113
1848 4.46098
1856 4.47982
1864 4.48842
1872 4.48761
1880 4.4782
1888 4.461
1896 4.43684
1904 4.40652
1912 4.37088
1920 4.33072
1928 4.28686
1936 4.24013
1944 4.19133
1952 4.14128
1960 4.09081
1968 4.04073
1976 3.99185
1984 3.945
1992 3.90098
2000 3.86063
2008 3.82475
2016 3.79416
2024 3.76969
2032 3.75214
2040 3.74233
2048 3.74109
2056 3.74922
2064 3.76755
2072 3.7969
2080 3.83807
2088 3.89189
2096 3.95918
2104 4.04075
2112 4.13738
2120 4.24897
2128 4.37448
2136 4.51287
2144 4.66307
2152 4.82402
2160 4.99468
2168 5.17397
2176 5.36084
2184 5.55424
2192 5.7531
2200 5.95637
2208 6.16298
2216 6.37189
2224 6.58202
2232 6.79232
2240 7.00174
2248 7.20922
2256 7.41369
2264 7.61409
2272 7.80938
2280 7.99849
2288 8.18037
2296 8.35394
2304 8.51817
2312 8.67198
2320 8.81432
2328 8.94413
2336 9.06036
2344 9.16194
2352 9.24781
2360 9.31692
2368 9.36821
2376 9.40068
2384 9.41431
2392 9.40993
2400 9.3884
2408 9.35061
2416 9.2974
2424 9.22964
2432 9.14819
2440 9.05393
2448 8.9477
2456 8.83039
2464 8.70284
2472 8.56593
2480 8.42052
2488 8.26748
2496 8.10765
2504 7.94192
2512 7.77115
2520 7.59619
2528 7.41792
2536 7.23719
2544 7.05488
2552 6.87184
2560 6.68894
2568 6.50704
2576 6.32701
2584 6.14971
2592 5.976
2600 5.80675
2608 5.64283
2616 5.48509
2624 5.33441
2632 5.19163
2640 5.05759
2648 4.93244
2656 4.81583
2664 4.70742
2672 4.60687
2680 4.51382
2688 4.42794
2696 4.34887
2704 4.27627
2712 4.20979
2720 4.14908
2728 4.0938
2736 4.0436
2744 3.99814
2752 3.95706
2760 3.92002
2768 3.88668
2776 3.85668
2784 3.82968
2792 3.80534
2800 3.7833
2808 3.76322
2816 3.74476
2824 3.72756
2832 3.71128
2840 3.69558
2848 3.6801
2856 3.66449
2864 3.64843
2872 3.63154
2880 3.6135
2888 3.59395
2896 3.57255
2904 3.54896
2912 3.52315
2920 3.49523
2928 3.46531
2936 3.43352
2944 3.39996
2952 3.36477
2960 3.32806
2968 3.28995
2976 3.25055
2984 3.20999
2992 3.16839
3000 3.12585
3008 3.08251
3016 3.03848
3024 2.99387
3032 2.94881
3040 2.90342
3048 2.85781
3056 2.81211
3064 2.76642
3072 2.72088
3080 2.67559
3088 2.63068
3096 2.58626
3104 2.54246
3112 2.4994
3120 2.45718
3128 2.41593
3136 2.37577
3144 2.33682
3152 2.29919
3160 2.26301
3168 2.22838
3176 2.19532
3184 2.1638
3192 2.13379
3200 2.10526
3208 2.07817
3216 2.05251
3224 2.02823
3232 2.00531
3240 1.98372
3248 1.96342
3256 1.94438
3264 1.92658
3272 1.90999
3280 1.89457
3288 1.88029
3296 1.86713
3304 1.85504
3312 1.84401
3320 1.834
3328 1.82498
3336 1.81692
3344 1.80979
3352 1.80356
3360 1.7982
3368 1.79367
3376 1.78996
3384 1.78702
3392 1.78482
3400 1.78334
3408 1.78255
3416 1.78241
3424 1.7829
3432 1.78397
3440 1.78561
3448 1.78776
3456 1.79039
3464 1.79346
3472 1.79693
3480 1.80076
3488 1.80491
3496 1.80934
3504 1.81402
3512 1.8189
3520 1.82395
3528 1.82913
3536 1.83439
3544 1.8397
3552 1.84501
3560 1.8503
3568 1.85552
3576 1.86063
3584 1.8656
3592 1.87038
3600 1.87493
3608 1.87921
3616 1.8832
3624 1.88684
3632 1.8901
3640 1.89294
3648 1.89532
3656 1.8972
3664 1.89854
3672 1.8993
3680 1.89945
3688 1.89894
3696 1.89775
3704 1.8959
3712 1.89343
3720 1.8904
3728 1.88684
3736 1.8828
3744 1.87834
3752 1.87349
3760 1.8683
3768 1.86282
3776 1.85709
3784 1.85116
3792 1.84507
3800 1.83888
3808 1.83262
3816 1.82634
3824 1.82009
3832 1.81391
3840 1.80786
3848 1.80197
3856 1.79629
3864 1.79086
3872 1.78574
3880 1.78097
3888 1.7766
3896 1.77266
3904 1.76922
3912 1.7663
3920 1.76396
3928 1.76225
3936 1.76121
3944 1.76088
3952 1.76138
3960 1.76255
3968 1.76464
3976 1.76761
3984 1.77149
3992 1.77632
4000 1.78215
4008 1.789
4016 1.79691
4024 1.80592
4032 1.81607
4040 1.82738
4048 1.8399
4056 1.85366
4064 1.86871
4072 1.88506
4080 1.90277
4088 1.92187
4096 1.94239
4104 1.96436
4112 1.98784
4120 2.01285
4128 2.03942
4136 2.0676
4144 2.09742
4152 2.12892
4160 2.16213
4168 2.19708
4176 2.23383
4184 2.27239
4192 2.31282
4200 2.35514
4208 2.39938
4216 2.44614
4224 2.49377
4232 2.54375
4240 2.59531
4248 2.64826
4256 2.70237
4264 2.75746
4272 2.8133
4280 2.86969
4288 2.92642
4296 2.98328
4304 3.04006
4312 3.09657
4320 3.15258
4328 3.20789
4336 3.2623
4344 3.31559
4352 3.36755
4360 3.41799
4368 3.46668
4376 3.51343
4384 3.55802
4392 3.60025
4400 3.6399
4408 3.67678
4416 3.71067
4424 3.74136
4432 3.76864
4440 3.79232
4448 3.81217
4456 3.828
4464 3.83958
4472 3.84673
4480 3.84922
4488 3.84694
4496 3.84005
4504 3.82878
4512 3.81337
4520 3.79405
4528 3.77105
4536 3.7446
4544 3.71493
4552 3.68227
4560 3.64687
4568 3.60894
4576 3.56872
4584 3.52644
4592 3.48233
4600 3.43663
4608 3.38956
4616 3.34136
4624 3.29226
4632 3.24249
4640 3.19228
4648 3.14187
4656 3.09148
4664 3.04135
4672 2.99171
4680 2.94279
4688 2.89482
4696 2.84803
4704 2.80266
4712 2.75894
4720 2.7171
4728 2.67736
4736 2.63997
4744 2.60515
4752 2.57304
4760 2.54353
4768 2.51646
4776 2.49164
4784 2.46893
4792 2.44815
4800 2.42914
4808 2.41174
4816 2.39578
4824 2.38109
4832 2.36752
4840 2.35489
4848 2.34303
4856 2.3318
4864 2.32101
4872 2.31051
4880 2.30013
4888 2.28971
4896 2.27907
4904 2.26806
4912 2.25651
4920 2.24425
4928 2.23113
4936 2.21696
4944 2.2016
4952 2.18487
4960 2.16662
4968 2.14666
4976 2.12485
4984 2.10101
4992 2.07498
5000 2.0466
5008 2.01569
5016 1.98219
5024 1.94621
5032 1.90791
5040 1.86745
5048 1.82499
5056 1.78067
5064 1.73466
5072 1.68711
5080 1.63818
5088 1.58802
5096 1.53679
5104 1.48464
5112 1.43174
5120 1.37823
5128 1.32427
5136 1.27002
5144 1.21564
5152 1.16127
5160 1.10708
5168 1.05323
5176 0.999855
5184 0.947127
5192 0.895198
5200 0.844224
5208 0.794361
5216 0.745765
5224 0.698591
5232 0.652995
5240 0.609133
5248 0.567162
5256 0.527236
5264 0.489512
5272 0.454145
5280 0.421229
5288 0.390728
5296 0.362596
5304 0.336783
5312 0.31324
5320 0.291919
5328 0.27277
5336 0.255747
5344 0.240799
5352 0.227877
5360 0.216934
5368 0.207921
5376 0.200789
5384 0.195488
5392 0.191971
5400 0.190189
5408 0.190093
5416 0.191634
5424 0.194764
5432 0.199433
5440 0.205594
5448 0.213198
5456 0.222195
5464 0.232538
5472 0.244177
5480 0.257064
5488 0.27115
5496 0.286386
5504 0.302724
5512 0.320114
5520 0.338509
5528 0.35786
5536 0.378117
5544 0.399227
5552 0.421127
5560 0.443752
5568 0.467039
5576 0.490923
5584 0.51534
5592 0.540227
5600 0.565518
5608 0.591152
5616 0.617062
5624 0.643185
5632 0.669458
5640 0.695816
5648 0.722194
5656 0.74853
5664 0.774758
5672 0.800816
5680 0.826638
5688 0.852161
5696 0.877321
5704 0.902053
5712 0.926294
5720 0.94998
5728 0.973046
5736 0.995429
5744 1.01706
5752 1.03789
5760 1.05784
5768 1.07684
5776 1.09485
5784 1.11178
5792 1.12759
5800 1.1422
5808 1.1556
5816 1.16783
5824 1.17894
5832 1.189
5840 1.19804
5848 1.20612
5856 1.21329
5864 1.21961
5872 1.22513
5880 1.22989
5888 1.23395
5896 1.23737
5904 1.24018
5912 1.24245
5920 1.24423
5928 1.24557
5936 1.24651
5944 1.24712
5952 1.24745
5960 1.24753
5968 1.24744
5976 1.24722
5984 1.24691
5992 1.24658
6000 1.24627
6008 1.24604
6016 1.24594
6024 1.24602
6032 1.24633
6040 1.24692
6048 1.24785
6056 1.24916
6064 1.25092
6072 1.25313
6080 1.25578
6088 1.25884
6096 1.26231
6104 1.26615
6112 1.27035
6120 1.27489
6128 1.27974
6136 1.28488
6144 1.2903
6152 1.29597
6160 1.30187
6168 1.30798
6176 1.31428
6184 1.32075
6192 1.32738
6200 1.33412
6208 1.34098
6216 1.34792
6224 1.35493
6232 1.36198
6240 1.36906
6248 1.37614
6256 1.3832
6264 1.39023
6272 1.39719
6280 1.40408
6288 1.41086
6296 1.41753
6304 1.42405
6312 1.43041
6320 1.43659
6328 1.44256
6336 1.44837
6344 1.4541
6352 1.45983
6360 1.46566
6368 1.47169
6376 1.47799
6384 1.48466
6392 1.49179
6400 1.49947
6408 1.5078
6416 1.51685
6424 1.52672
6432 1.53751
6440 1.5493
6448 1.56217
6456 1.57623
6464 1.59156
6472 1.60826
6480 1.6264
6488 1.64609
6496 1.66741
6504 1.69045
6512 1.71531
6520 1.74206
6528 1.77082
6536 1.80165
6544 1.83466
6552 1.86993
6560 1.90756
6568 1.94763
6576 1.99024
6584 2.03547
6592 2.0834
6600 2.13394
6608 2.18681
6616 2.24175
6624 2.29849
6632 2.35675
6640 2.41626
6648 2.47675
6656 2.53795
6664 2.59959
6672 2.6614
6680 2.72311
6688 2.78443
6696 2.84512
6704 2.90488
6712 2.96346
6720 3.02058
6728 3.07597
6736 3.12935
6744 3.18046
6752 3.22903
6760 3.27478
6768 3.31744
6776 3.35675
6784 3.39243
6792 3.42421
6800 3.45181
6808 3.47497
6816 3.49342
6824 3.50688
6832 3.51509
6840 3.51777
6848 3.51465
6856 3.50548
6864 3.49031
6872 3.46943
6880 3.44311
6888 3.41165
6896 3.37532
6904 3.33442
6912 3.28923
6920 3.24004
6928 3.18713
6936 3.13078
6944 3.07129
6952 3.00893
6960 2.944
6968 2.87678
6976 2.80756
6984 2.73661
6992 2.66424
7000 2.59071
7008 2.51632
7016 2.44136
7024 2.36611
7032 2.29085
7040 2.21587
7048 2.14145
7056 2.06789
7064 1.99547
7072 1.92447
7080 1.85517
7088 1.78788
7096 1.72286
7104 1.6604
7112 1.6008
7120 1.54432
7128 1.49102
7136 1.44085
7144 1.39374
7152 1.34963
7160 1.30844
7168 1.27013
7176 1.23461
7184 1.20184
7192 1.17174
7200 1.14425
7208 1.11931
7216 1.09685
7224 1.07681
7232 1.05913
7240 1.04373
7248 1.03056
7256 1.01955
7264 1.01064
7272 1.00376
7280 0.998844
7288 0.995837
7296 0.99467
7304 0.995279
7312 0.997599
7320 1.00157
7328 1.00712
7336 1.01419
7344 1.02272
7352 1.03263
7360 1.04388
7368 1.05638
7376 1.07008
7384 1.08492
7392 1.10085
7400 1.11784
7408 1.13586
7416 1.15486
7424 1.17482
7432 1.1957
7440 1.21747
7448 1.24009
7456 1.26354
7464 1.28777
7472 1.31276
7480 1.33846
7488 1.36485
7496 1.39189
7504 1.41954
7512 1.44778
7520 1.47657
7528 1.50588
7536 1.53566
7544 1.5659
7552 1.59655
7560 1.62758
7568 1.65895
7576 1.69064
7584 1.7226
7592 1.75481
7600 1.78723
7608 1.81982
7616 1.85256
7624 1.88541
7632 1.91833
7640 1.9513
