0 20.8544
8 20.6959
16 20.5374
24 20.3789
32 20.2205
40 20.0621
48 19.9037
56 19.7454
64 19.5871
72 19.4289
80 19.2708
88 19.1128
96 18.9549
104 18.7971
112 18.6394
120 18.4818
128 18.3244
136 18.1671
144 18.0099
152 17.853
160 17.6962
168 17.5396
176 17.3831
184 17.2269
192 17.0709
200 16.9151
208 16.7595
216 16.6041
224 16.449
232 16.2942
240 16.1396
248 15.9853
256 15.8312
264 15.6775
272 15.524
280 15.3709
288 15.218
296 15.0655
304 14.9134
312 14.7615
320 14.61
328 14.4589
336 14.3082
344 14.1578
352 14.0078
360 13.8582
368 13.7091
376 13.5603
384 13.4119
392 13.264
400 13.1166
408 12.9696
416 12.823
424 12.6769
432 12.5313
440 12.3862
448 12.2416
456 12.0974
464 11.9538
472 11.8107
480 11.6682
488 11.5262
496 11.3847
504 11.2438
512 11.1035
520 10.9637
528 10.8246
536 10.686
544 10.548
552 10.4107
560 10.2739
568 10.1378
576 10.0023
584 9.86753
592 9.73338
600 9.59989
608 9.46708
616 9.33495
624 9.20351
632 9.07278
640 8.94277
648 8.81347
656 8.68491
664 8.55708
672 8.43
680 8.30368
688 8.17813
696 8.05335
704 7.92936
712 7.80616
720 7.68376
728 7.56217
736 7.44141
744 7.32147
752 7.20238
760 7.08413
768 6.96674
776 6.85021
784 6.73456
792 6.61979
800 6.50591
808 6.39294
816 6.28088
824 6.16973
832 6.05952
840 5.95024
848 5.84191
856 5.73454
864 5.62813
872 5.52269
880 5.41824
888 5.31478
896 5.21232
904 5.11087
912 5.01044
920 4.91104
928 4.81268
936 4.71536
944 4.61909
952 4.52389
960 4.42977
968 4.33672
976 4.24477
984 4.15392
992 4.06417
1000 3.97555
1008 3.88805
1016 3.80169
1024 3.71647
1032 3.63241
1040 3.54951
1048 3.46778
1056 3.38723
1064 3.30788
1072 3.22972
1080 3.15277
1088 3.07704
1096 3.00254
1104 2.92927
1112 2.85725
1120 2.78648
1128 2.71697
1136 2.64873
1144 2.58178
1152 2.51611
1160 2.45174
1168 2.38868
1176 2.32694
1184 2.26652
1192 2.20743
1200 2.14969
1208 2.09331
1216 2.03828
1224 1.98463
1232 1.93235
1240 1.88146
1248 1.83198
1256 1.78389
1264 1.73723
1272 1.69199
1280 1.64818
1288 1.60581
1296 1.5649
1304 1.52545
1312 1.48747
1320 1.45096
1328 1.41594
1336 1.38238
1344 1.35028
1352 1.31961
1360 1.29037
1368 1.26254
1376 1.2361
1384 1.21105
1392 1.18737
1400 1.16503
1408 1.14404
1416 1.12438
1424 1.10602
1432 1.08897
1440 1.07319
1448 1.05869
1456 1.04544
1464 1.03343
1472 1.02265
1480 1.01308
1488 1.00471
1496 0.997528
1504 0.991514
1512 0.986656
1520 0.982941
1528 0.980354
1536 0.978881
1544 0.978508
1552 0.979221
1560 0.981006
1568 0.983848
1576 0.987735
1584 0.99265
1592 0.998582
1600 1.00551
1608 1.01343
1616 1.02233
1624 1.03218
1632 1.04298
1640 1.0547
1648 1.06735
1656 1.08089
1664 1.09533
1672 1.11064
1680 1.12681
1688 1.14383
1696 1.16168
1704 1.18034
1712 1.19981
1720 1.22007
1728 1.24111
1736 1.26291
1744 1.28545
1752 1.30873
1760 1.33273
1768 1.35743
1776 1.38283
1784 1.4089
1792 1.43563
1800 1.46301
1808 1.49103
1816 1.51967
1824 1.54891
1832 1.57875
1840 1.60917
1848 1.64014
1856 1.67167
1864 1.70374
1872 1.73633
1880 1.76942
1888 1.80301
1896 1.83708
1904 1.87161
1912 1.9066
1920 1.94202
1928 1.97787
1936 2.01412
1944 2.05077
1952 2.0878
1960 2.1252
1968 2.16295
1976 2.20104
1984 2.23945
1992 2.27817
2000 2.31719
2008 2.35649
2016 2.39606
2024 2.43589
2032 2.47595
2040 2.51624
2048 2.55674
2056 2.59744
2064 2.63832
2072 2.67937
2080 2.72058
2088 2.76193
2096 2.8034
2104 2.84499
2112 2.88668
2120 2.92845
2128 2.97029
2136 3.01219
2144 3.05413
2152 3.0961
2160 3.13808
2168 3.18006
2176 3.22203
2184 3.26397
2192 3.30587
2200 3.34772
2208 3.38949
2216 3.43118
2224 3.47277
2232 3.51424
2240 3.55559
2248 3.5968
2256 3.63785
2264 3.67874
2272 3.71944
2280 3.75995
2288 3.80024
2296 3.84031
2304 3.88013
2312 3.91971
2320 3.95901
2328 3.99804
2336 4.03677
2344 4.07518
2352 4.11328
2360 4.15103
2368 4.18844
2376 4.22547
2384 4.26213
2392 4.29839
2400 4.33424
2408 4.36967
2416 4.40467
2424 4.43921
2432 4.47328
2440 4.50688
2448 4.53998
2456 4.57258
2464 4.60465
2472 4.63619
2480 4.66718
2488 4.6976
2496 4.72745
2504 4.75671
2512 4.78535
2520 4.81338
2528 4.84077
2536 4.86752
2544 4.8936
2552 4.91901
2560 4.94372
2568 4.96773
2576 4.99102
2584 5.01358
2592 5.03539
2600 5.05644
2608 5.07671
2616 5.09619
2624 5.11487
2632 5.13274
2640 5.14977
2648 5.16597
2656 5.18134
2664 5.19589
2672 5.20963
2680 5.22257
2688 5.2347
2696 5.24605
2704 5.25661
2712 5.26639
2720 5.27541
2728 5.28366
2736 5.29115
2744 5.29789
2752 5.30389
2760 5.30916
2768 5.31369
2776 5.3175
2784 5.3206
2792 5.32299
2800 5.32467
2808 5.32567
2816 5.32597
2824 5.3256
2832 5.32455
2840 5.32283
2848 5.32046
2856 5.31743
2864 5.31375
2872 5.30944
2880 5.30449
2888 5.29892
2896 5.29273
2904 5.28593
2912 5.27852
2920 5.27052
2928 5.26193
2936 5.25275
2944 5.243
2952 5.23267
2960 5.22179
2968 5.21034
2976 5.19835
2984 5.18582
2992 5.17275
3000 5.15915
3008 5.14503
3016 5.1304
3024 5.11526
3032 5.09962
3040 5.08348
3048 5.06686
3056 5.04976
3064 5.03218
3072 5.01414
3080 4.99564
3088 4.97669
3096 4.95729
3104 4.93746
3112 4.91719
3120 4.8965
3128 4.87539
3136 4.85387
3144 4.83195
3152 4.80963
3160 4.78692
3168 4.76383
3176 4.74036
3184 4.71653
3192 4.69233
3200 4.66777
3208 4.64287
3216 4.61763
3224 4.59205
3232 4.56614
3240 4.53992
3248 4.51338
3256 4.48653
3264 4.45939
3272 4.43195
3280 4.40422
3288 4.37622
3296 4.34794
3304 4.3194
3312 4.2906
3320 4.26155
3328 4.23226
3336 4.20272
3344 4.17296
3352 4.14298
3360 4.11277
3368 4.08236
3376 4.05174
3384 4.02093
3392 3.98993
3400 3.95875
3408 3.92739
3416 3.89587
3424 3.86418
3432 3.83234
3440 3.80035
3448 3.76822
3456 3.73596
3464 3.70357
3472 3.67106
3480 3.63844
3488 3.60571
3496 3.57288
3504 3.53996
3512 3.50696
3520 3.47388
3528 3.44072
3536 3.40751
3544 3.37423
3552 3.34091
3560 3.30754
3568 3.27413
3576 3.2407
3584 3.20724
3592 3.17376
3600 3.14028
3608 3.1068
3616 3.07332
3624 3.03985
3632 3.0064
3640 2.97298
3648 2.93959
3656 2.90623
3664 2.87293
3672 2.83968
3680 2.80649
3688 2.77336
3696 2.74031
3704 2.70735
3712 2.67447
3720 2.64168
3728 2.609
3736 2.57642
3744 2.54396
3752 2.51163
3760 2.47942
3768 2.44735
3776 2.41542
3784 2.38365
3792 2.35203
3800 2.32057
3808 2.28929
3816 2.25818
3824 2.22726
3832 2.19653
3840 2.166
3848 2.13568
3856 2.10557
3864 2.07568
3872 2.04601
3880 2.01658
3888 1.98739
3896 1.95845
3904 1.92976
3912 1.90133
3920 1.87317
3928 1.84528
3936 1.81768
3944 1.79036
3952 1.76138
3960 1.73663
3968 1.71021
3976 1.6841
3984 1.65828
3992 1.63276
4000 1.60754
4008 1.58262
4016 1.55799
4024 1.53365
4032 1.5096
4040 1.48584
4048 1.46238
4056 1.43919
4064 1.4163
4072 1.39369
4080 1.37136
4088 1.34932
4096 1.32755
4104 1.30607
4112 1.28486
4120 1.26393
4128 1.24328
4136 1.2229
4144 1.20279
4152 1.18295
4160 1.16339
4168 1.14409
4176 1.12506
4184 1.10629
4192 1.0878
4200 1.06956
4208 1.05159
4216 1.03387
4224 1.01642
4232 0.999224
4240 0.982285
4248 0.965602
4256 0.949173
4264 0.932996
4272 0.917072
4280 0.901397
4288 0.885971
4296 0.870793
4304 0.855861
4312 0.841173
4320 0.826729
4328 0.812527
4336 0.798567
4344 0.784845
4352 0.771362
4360 0.758115
4368 0.745104
4376 0.732328
4384 0.719784
4392 0.707471
4400 0.695389
4408 0.683536
4416 0.67191
4424 0.66051
4432 0.649336
4440 0.638384
4448 0.627655
4456 0.617147
4464 0.606859
4472 0.596788
4480 0.586935
4488 0.577297
4496 0.567873
4504 0.558663
4512 0.549663
4520 0.540875
4528 0.532294
4536 0.523922
4544 0.515756
4552 0.507795
4560 0.500037
4568 0.492482
4576 0.485127
4584 0.477972
4592 0.471016
4600 0.464256
4608 0.457692
4616 0.451322
4624 0.445145
4632 0.43916
4640 0.433365
4648 0.427759
4656 0.422341
4664 0.417109
4672 0.412062
4680 0.407199
4688 0.402518
4696 0.398018
4704 0.393697
4712 0.389555
4720 0.38559
4728 0.381801
4736 0.378186
4744 0.374744
4752 0.371474
4760 0.368374
4768 0.365443
4776 0.362679
4784 0.360083
4792 0.357651
4800 0.355382
4808 0.353277
4816 0.351332
4824 0.349547
4832 0.34792
4840 0.346451
4848 0.345137
4856 0.343977
4864 0.342971
4872 0.342116
4880 0.341412
4888 0.340856
4896 0.340449
4904 0.340188
4912 0.340072
4920 0.3401
4928 0.34027
4936 0.340581
4944 0.341032
4952 0.341622
4960 0.342348
4968 0.343211
4976 0.344208
4984 0.345338
4992 0.346599
5000 0.347992
5008 0.349513
5016 0.351162
5024 0.352938
5032 0.354838
5040 0.356863
5048 0.35901
5056 0.361278
5064 0.363666
5072 0.366172
5080 0.368796
5088 0.371536
5096 0.37439
5104 0.377357
5112 0.380436
5120 0.383625
5128 0.386924
5136 0.39033
5144 0.393844
5152 0.397462
5160 0.401184
5168 0.405009
5176 0.408934
5184 0.41296
5192 0.417084
5200 0.421306
5208 0.425623
5216 0.430035
5224 0.43454
5232 0.439137
5240 0.443825
5248 0.448602
5256 0.453467
5264 0.458418
5272 0.463455
5280 0.468575
5288 0.47378
5296 0.479067
5304 0.484437
5312 0.489889
5320 0.495423
5328 0.501038
5336 0.506733
5344 0.512508
5352 0.518363
5360 0.524296
5368 0.530309
5376 0.536399
5384 0.542566
5392 0.548811
5400 0.555132
5408 0.561529
5416 0.568001
5424 0.574549
5432 0.58117
5440 0.587866
5448 0.594635
5456 0.601477
5464 0.608391
5472 0.615377
5480 0.622434
5488 0.629562
5496 0.636761
5504 0.644029
5512 0.651366
5520 0.658772
5528 0.666247
5536 0.673789
5544 0.681399
5552 0.689075
5560 0.696817
5568 0.704625
5576 0.712499
5584 0.720437
5592 0.728439
5600 0.736505
5608 0.744633
5616 0.752825
5624 0.761079
5632 0.769394
5640 0.77777
5648 0.786207
5656 0.794704
5664 0.803261
5672 0.811876
5680 0.820551
5688 0.829283
5696 0.838073
5704 0.846919
5712 0.855822
5720 0.864782
5728 0.873796
5736 0.882866
5744 0.89199
5752 0.901168
5760 0.910399
5768 0.919684
5776 0.92902
5784 0.938409
5792 0.947849
5800 0.95734
5808 0.966881
5816 0.976472
5824 0.986113
5832 0.995802
5840 1.00554
5848 1.01532
5856 1.02516
5864 1.03504
5872 1.04496
5880 1.05493
5888 1.06495
5896 1.07501
5904 1.08512
5912 1.09527
5920 1.10546
5928 1.11569
5936 1.12597
5944 1.13629
5952 1.14665
5960 1.15705
5968 1.16749
5976 1.17797
5984 1.18849
5992 1.19905
6000 1.20965
6008 1.22028
6016 1.23095
6024 1.24166
6032 1.2524
6040 1.26318
6048 1.274
6056 1.28484
6064 1.29573
6072 1.30664
6080 1.31759
6088 1.32857
6096 1.33959
6104 1.35063
6112 1.36171
6120 1.37281
6128 1.38395
6136 1.39511
6144 1.40631
6152 1.41753
6160 1.42878
6168 1.44006
6176 1.45136
6184 1.4627
6192 1.47405
6200 1.48543
6208 1.49684
6216 1.50827
6224 1.51973
6232 1.53121
6240 1.54271
6248 1.55423
6256 1.56577
6264 1.57734
6272 1.58893
6280 1.60053
6288 1.61216
6296 1.62381
6304 1.63547
6312 1.64715
6320 1.65885
6328 1.67057
6336 1.6823
6344 1.69405
6352 1.70582
6360 1.7176
6368 1.7294
6376 1.7412
6384 1.75303
6392 1.76486
6400 1.77671
6408 1.78857
6416 1.80044
6424 1.81233
6432 1.82422
6440 1.83612
6448 1.84803
6456 1.85996
6464 1.87189
6472 1.88382
6480 1.89577
6488 1.90772
6496 1.91968
6504 1.93164
6512 1.94361
6520 1.95559
6528 1.96757
6536 1.97955
6544 1.99153
6552 2.00352
6560 2.01551
6568 2.02751
6576 2.0395
6584 2.0515
