0 213.059
8 212.421
16 211.783
24 211.144
32 210.506
40 209.868
48 209.23
56 208.592
64 207.954
72 207.316
80 206.678
88 206.04
96 205.402
104 204.765
112 204.127
120 203.49
128 202.852
136 202.215
144 201.578
152 200.941
160 200.305
168 199.668
176 199.032
184 198.396
192 197.759
200 197.124
208 196.488
216 195.853
224 195.217
232 194.582
240 193.948
248 193.313
256 192.679
264 192.045
272 191.411
280 190.778
288 190.145
296 189.512
304 188.879
312 188.247
320 187.615
328 186.983
336 186.352
344 185.721
352 185.09
360 184.46
368 183.83
376 183.201
384 182.571
392 181.943
400 181.314
408 180.686
416 180.059
424 179.432
432 178.805
440 178.179
448 177.553
456 176.927
464 176.302
472 175.678
480 175.054
488 174.43
496 173.807
504 173.185
512 172.563
520 171.941
528 171.321
536 170.7
544 170.08
552 169.461
560 168.842
568 168.224
576 167.606
584 166.989
592 166.373
600 165.757
608 165.141
616 164.527
624 163.913
632 163.299
640 162.687
648 162.074
656 161.463
664 160.852
672 160.242
680 159.633
688 159.024
696 158.416
704 157.808
712 157.202
720 156.596
728 155.99
736 155.386
744 154.782
752 154.179
760 153.577
768 152.975
776 152.375
784 151.775
792 151.176
800 150.577
808 149.98
816 149.383
824 148.787
832 148.192
840 147.598
848 147.004
856 146.412
864 145.82
872 145.229
880 144.639
888 144.05
896 143.462
904 142.875
912 142.289
920 141.703
928 141.119
936 140.535
944 139.953
952 139.371
960 138.79
968 138.211
976 137.632
984 137.054
992 136.477
1000 135.902
1008 135.327
1016 134.753
1024 134.18
1032 133.609
1040 133.038
1048 132.468
1056 131.9
1064 131.332
1072 130.766
1080 130.201
1088 129.636
1096 129.073
1104 128.511
1112 127.95
1120 127.39
1128 126.832
1136 126.274
1144 125.718
1152 125.163
1160 124.609
1168 124.056
1176 123.504
1184 122.953
1192 122.404
1200 121.856
1208 121.309
1216 120.763
1224 120.219
1232 119.675
1240 119.133
1248 118.593
1256 118.053
1264 117.515
1272 116.978
1280 116.442
1288 115.908
1296 115.375
1304 114.843
1312 114.312
1320 113.783
1328 113.255
1336 112.729
1344 112.204
1352 111.68
1360 111.157
1368 110.636
1376 110.117
1384 109.598
1392 109.081
1400 108.566
1408 108.052
1416 107.539
1424 107.028
1432 106.518
1440 106.01
1448 105.503
1456 104.997
1464 104.493
1472 103.991
1480 103.49
1488 102.99
1496 102.492
1504 101.996
1512 101.501
1520 101.007
1528 100.515
1536 100.025
1544 99.536
1552 99.0486
1560 98.5629
1568 98.0787
1576 97.5961
1584 97.1151
1592 96.6357
1600 96.1579
1608 95.6817
1616 95.2071
1624 94.7341
1632 94.2628
1640 93.7932
1648 93.3251
1656 92.8588
1664 92.3941
1672 91.9311
1680 91.4698
1688 91.0101
1696 90.5522
1704 90.096
1712 89.6415
1720 89.1887
1728 88.7377
1736 88.2884
1744 87.8408
1752 87.395
1760 86.951
1768 86.5087
1776 86.0683
1784 85.6296
1792 85.1927
1800 84.7576
1808 84.3243
1816 83.8929
1824 83.4633
1832 83.0355
1840 82.6096
1848 82.1855
1856 81.7633
1864 81.3429
1872 80.9245
1880 80.5079
1888 80.0932
1896 79.6804
1904 79.2696
1912 78.8606
1920 78.4536
1928 78.0485
1936 77.6454
1944 77.2442
1952 76.8449
1960 76.4477
1968 76.0524
1976 75.6591
1984 75.2677
1992 74.8784
2000 74.4911
2008 74.1058
2016 73.7225
2024 73.3413
2032 72.9621
2040 72.585
2048 72.2099
2056 71.8368
2064 71.4659
2072 71.097
2080 70.7302
2088 70.3655
2096 70.0029
2104 69.6424
2112 69.2841
2120 68.9278
2128 68.5738
2136 68.2218
2144 67.872
2152 67.5244
2160 67.1789
2168 66.8356
2176 66.4945
2184 66.1556
2192 65.8189
2200 65.4844
2208 65.1521
2216 64.822
2224 64.4942
2232 64.1686
2240 63.8453
2248 63.5242
2256 63.2054
2264 62.8889
2272 62.5746
2280 62.2626
2288 61.953
2296 61.6456
2304 61.3406
2312 61.0378
2320 60.7374
2328 60.4394
2336 60.1437
2344 59.8503
2352 59.5593
2360 59.2707
2368 58.9844
2376 58.7006
2384 58.4191
2392 58.14
2400 57.8634
2408 57.5892
2416 57.3173
2424 57.048
2432 56.781
2440 56.5166
2448 56.2545
2456 55.995
2464 55.7379
2472 55.4833
2480 55.2312
2488 54.9816
2496 54.7345
2504 54.4899
2512 54.2479
2520 54.0084
2528 53.7714
2536 53.5369
2544 53.305
2552 53.0757
2560 52.849
2568 52.6248
2576 52.4032
2584 52.1843
2592 51.9679
2600 51.7541
2608 51.543
2616 51.3344
2624 51.1286
2632 50.9253
2640 50.7247
2648 50.5268
2656 50.3316
2664 50.139
2672 49.9491
2680 49.7619
2688 49.5774
2696 49.3956
2704 49.2165
2712 49.0402
2720 48.8666
2728 48.6957
2736 48.5276
2744 48.3622
2752 48.1996
2760 48.0398
2768 47.8827
2776 47.7285
2784 47.577
2792 47.4283
2800 47.2825
2808 47.1395
2816 46.9993
2824 46.8619
2832 46.7274
2840 46.5958
2848 46.467
2856 46.3411
2864 46.218
2872 46.0979
2880 45.9806
2888 45.8663
2896 45.7548
2904 45.6463
2912 45.5407
2920 45.438
2928 45.3383
2936 45.2415
2944 45.1388
2952 45.0569
2960 44.969
2968 44.884
2976 44.802
2984 44.7229
2992 44.6467
3000 44.5734
3008 44.5029
3016 44.4354
3024 44.3706
3032 44.3087
3040 44.2496
3048 44.1934
3056 44.1399
3064 44.0892
3072 44.0412
3080 43.996
3088 43.9536
3096 43.9139
3104 43.8769
3112 43.8426
3120 43.8109
3128 43.782
3136 43.7557
3144 43.732
3152 43.711
3160 43.6926
3168 43.6768
3176 43.6636
3184 43.653
3192 43.6449
3200 43.6394
3208 43.6364
3216 43.6359
3224 43.6379
3232 43.6425
3240 43.6495
3248 43.659
3256 43.6709
3264 43.6853
3272 43.7021
3280 43.7214
3288 43.743
3296 43.767
3304 43.7934
3312 43.8221
3320 43.8532
3328 43.8867
3336 43.9224
3344 43.9605
3352 44.0008
3360 44.0434
3368 44.0883
3376 44.1354
3384 44.1848
3392 44.2364
3400 44.2902
3408 44.3462
3416 44.4044
3424 44.4648
3432 44.5273
3440 44.592
3448 44.6588
3456 44.7277
3464 44.7987
3472 44.8718
3480 44.947
3488 45.0242
3496 45.1035
3504 45.1848
3512 45.2682
3520 45.3535
3528 45.4408
3536 45.5302
3544 45.6215
3552 45.7147
3560 45.8099
3568 45.907
3576 46.006
3584 46.107
3592 46.2098
3600 46.3145
3608 46.421
3616 46.5294
3624 46.6396
3632 46.7516
3640 46.8655
3648 46.9811
3656 47.0985
3664 47.2177
3672 47.3386
3680 47.4613
3688 47.5857
3696 47.7118
3704 47.8396
3712 47.9691
3720 48.1002
3728 48.233
3736 48.3675
3744 48.5035
3752 48.6412
3760 48.7805
3768 48.9214
3776 49.0638
3784 49.2079
3792 49.3534
3800 49.5005
3808 49.6491
3816 49.7992
3824 49.9509
3832 50.104
3840 50.2585
3848 50.4145
3856 50.572
3864 50.7309
3872 50.8912
3880 51.0529
3888 51.2159
3896 51.3804
3904 51.5462
3912 51.7133
3920 51.8818
3928 52.0516
3936 52.2227
3944 52.3951
3952 52.5688
3960 52.7437
3968 52.9199
3976 53.0973
3984 53.2759
3992 53.4558
4000 53.6368
4008 53.8191
4016 54.0025
4024 54.187
4032 54.3727
4040 54.5595
4048 54.7475
4056 54.9365
4064 55.1266
4072 55.3178
4080 55.5101
4088 55.7034
4096 55.8977
4104 56.0931
4112 56.2894
4120 56.4868
4128 56.6851
4136 56.8844
4144 57.0846
4152 57.2858
4160 57.4879
4168 57.691
4176 57.8949
4184 58.0997
4192 58.3054
4200 58.5119
4208 58.7193
4216 58.9275
4224 59.1365
4232 59.3463
4240 59.557
4248 59.7683
4256 59.9805
4264 60.1934
4272 60.407
4280 60.6214
4288 60.8365
4296 61.0522
4304 61.2687
4312 61.4858
4320 61.7035
4328 61.9219
4336 62.141
4344 62.3606
4352 62.5809
4360 62.8017
4368 63.0231
4376 63.2451
4384 63.4676
4392 63.6906
4400 63.9142
4408 64.1382
4416 64.3628
4424 64.5878
4432 64.8133
4440 65.0393
4448 65.2657
4456 65.4925
4464 65.7197
4472 65.9473
4480 66.1753
4488 66.4037
4496 66.6324
4504 66.8615
4512 67.0909
4520 67.3206
4528 67.5506
4536 67.7809
4544 68.0115
4552 68.2423
4560 68.4734
4568 68.7047
4576 68.9363
4584 69.168
4592 69.4
4600 69.6321
4608 69.8644
4616 70.0968
4624 70.3294
4632 70.5621
4640 70.795
4648 71.0279
4656 71.2609
4664 71.494
4672 71.7271
4680 71.9603
4688 72.1935
4696 72.4267
4704 72.66
4712 72.8932
4720 73.1264
4728 73.3595
4736 73.5927
4744 73.8257
4752 74.0587
4760 74.2916
4768 74.5244
4776 74.757
4784 74.9895
4792 75.2219
4800 75.4542
4808 75.6862
4816 75.9181
4824 76.1498
4832 76.3812
4840 76.6124
4848 76.8434
4856 77.0742
4864 77.3047
4872 77.5348
4880 77.7647
4888 77.9943
4896 78.2236
4904 78.4525
4912 78.6811
4920 78.9094
4928 79.1372
4936 79.3647
4944 79.5917
4952 79.8184
4960 80.0446
4968 80.2704
4976 80.4957
4984 80.7206
4992 80.9449
5000 81.1688
5008 81.3922
5016 81.615
5024 81.8373
5032 82.059
5040 82.2802
5048 82.5008
5056 82.7208
5064 82.9402
5072 83.159
5080 83.3772
5088 83.5947
5096 83.8115
5104 84.0277
5112 84.2432
5120 84.458
5128 84.6721
5136 84.8854
5144 85.0981
5152 85.3099
5160 85.521
5168 85.7313
5176 85.9408
5184 86.1495
5192 86.3574
5200 86.5645
5208 86.7707
5216 86.976
5224 87.1805
5232 87.384
5240 87.5867
5248 87.7885
5256 87.9893
5264 88.1892
5272 88.3881
5280 88.586
5288 88.783
5296 88.979
5304 89.1739
5312 89.3679
5320 89.5608
5328 89.7526
5336 89.9434
5344 90.1331
5352 90.3217
5360 90.5092
5368 90.6956
5376 90.8808
5384 91.0649
5392 91.2479
5400 91.4297
5408 91.6102
5416 91.7896
5424 91.9678
5432 92.1447
5440 92.3204
5448 92.4949
5456 92.668
5464 92.8399
5472 93.0105
5480 93.1798
5488 93.3478
5496 93.5144
5504 93.6797
5512 93.8436
5520 94.0061
5528 94.1673
5536 94.327
5544 94.4853
5552 94.6422
5560 94.7977
5568 94.9517
5576 95.1042
5584 95.2552
5592 95.4048
5600 95.5528
5608 95.6993
5616 95.8443
5624 95.9877
5632 96.1295
5640 96.2698
5648 96.4084
5656 96.5455
5664 96.6809
5672 96.8147
5680 96.9469
5688 97.0774
5696 97.2062
5704 97.3334
5712 97.4588
5720 97.5825
5728 97.7045
5736 97.8247
5744 97.9432
5752 98.06
5760 98.1749
5768 98.288
5776 98.3994
5784 98.5089
5792 98.6165
5800 98.7224
5808 98.8263
5816 98.9284
5824 99.0286
5832 99.1269
5840 99.2232
5848 99.3177
5856 99.4102
5864 99.5007
5872 99.5892
5880 99.6758
5888 99.7604
5896 99.8429
5904 99.9235
5912 100.002
5920 100.079
5928 100.153
5936 100.226
5944 100.297
5952 100.365
5960 100.432
5968 100.497
5976 100.561
5984 100.622
5992 100.681
6000 100.739
6008 100.794
6016 100.848
6024 100.9
6032 100.951
6040 100.999
6048 101.046
6056 101.091
6064 101.135
6072 101.176
6080 101.216
6088 101.254
6096 101.291
6104 101.326
6112 101.359
6120 101.39
6128 101.42
6136 101.449
6144 101.475
6152 101.5
6160 101.524
6168 101.546
6176 101.567
6184 101.585
6192 101.603
6200 101.619
6208 101.633
6216 101.646
6224 101.658
6232 101.668
6240 101.676
6248 101.684
6256 101.689
6264 101.694
6272 101.697
6280 101.699
6288 101.699
6296 101.698
6304 101.695
6312 101.692
6320 101.687
6328 101.681
6336 101.673
6344 101.664
6352 101.654
6360 101.643
6368 101.63
6376 101.617
6384 101.602
6392 101.586
6400 101.569
6408 101.55
6416 101.531
6424 101.51
6432 101.489
6440 101.466
6448 101.442
6456 101.417
6464 101.391
6472 101.364
6480 101.336
6488 101.307
6496 101.277
6504 101.245
6512 101.213
6520 101.18
6528 101.146
6536 101.112
6544 101.076
6552 101.039
6560 101.001
6568 100.963
6576 100.924
6584 100.883
6592 100.842
6600 100.801
6608 100.758
6616 100.714
6624 100.67
6632 100.625
6640 100.579
6648 100.533
6656 100.486
6664 100.438
6672 100.389
6680 100.34
6688 100.29
6696 100.239
6704 100.188
6712 100.136
6720 100.083
6728 100.03
6736 99.9765
6744 99.9222
6752 99.8673
6760 99.8118
6768 99.7559
6776 99.6994
6784 99.6423
6792 99.5848
6800 99.5268
6808 99.4684
6816 99.4094
6824 99.3501
6832 99.2903
6840 99.2301
6848 99.1695
6856 99.1085
6864 99.0471
6872 98.9854
6880 98.9233
6888 98.8609
6896 98.7982
6904 98.7351
6912 98.6718
6920 98.6082
6928 98.5443
6936 98.4802
6944 98.4158
6952 98.3512
6960 98.2864
6968 98.2214
6976 98.1563
6984 98.0909
6992 98.0254
7000 97.9597
7008 97.894
7016 97.8281
7024 97.7621
7032 97.696
7040 97.6298
7048 97.5636
7056 97.4973
7064 97.431
7072 97.3647
7080 97.2983
7088 97.232
7096 97.1657
7104 97.0994
7112 97.0332
7120 96.967
7128 96.9009
7136 96.8349
7144 96.769
7152 96.7032
7160 96.6375
7168 96.572
7176 96.5066
7184 96.4414
7192 96.3764
7200 96.3116
7208 96.247
7216 96.1826
7224 96.1185
7232 96.0546
7240 95.9909
7248 95.9276
7256 95.8645
7264 95.8018
7272 95.7393
7280 95.6772
7288 95.6155
7296 95.5541
7304 95.493
7312 95.4324
7320 95.3722
7328 95.3123
7336 95.2529
7344 95.194
7352 95.1355
7360 95.0774
7368 95.0199
7376 94.9628
7384 94.9063
7392 94.8502
7400 94.7948
7408 94.7398
7416 94.6854
7424 94.6316
7432 94.5784
7440 94.5258
7448 94.4738
7456 94.4225
7464 94.3718
7472 94.3217
7480 94.2723
7488 94.2236
7496 94.1756
7504 94.1283
7512 94.0818
7520 94.036
7528 93.9909
7536 93.9466
7544 93.9031
7552 93.8604
7560 93.8185
7568 93.7774
7576 93.7371
7584 93.6977
7592 93.6592
7600 93.6215
7608 93.5847
7616 93.5488
7624 93.5139
7632 93.4798
7640 93.4467
7648 93.4146
7656 93.3835
7664 93.3533
7672 93.3241
7680 93.2959
7688 93.2688
7696 93.2427
7704 93.2176
7712 93.1937
7720 93.1708
7728 93.149
7736 93.1283
7744 93.1087
7752 93.0902
7760 93.0729
7768 93.0568
7776 93.0418
7784 93.028
7792 93.0155
7800 93.0041
7808 92.994
7816 92.9851
7824 92.9775
7832 92.9711
7840 92.966
7848 92.9622
7856 92.9598
7864 92.9586
7872 92.9588
7880 92.9604
7888 92.9633
7896 92.9676
7904 92.9732
7912 92.9803
7920 92.9888
7928 92.9988
7936 93.0102
7944 93.023
7952 93.0373
7960 93.0531
7968 93.0704
7976 93.0893
7984 93.1096
7992 93.1315
8000 93.1549
8008 93.18
8016 93.2065
8024 93.2347
8032 93.2645
8040 93.296
8048 93.329
8056 93.3637
8064 93.4001
8072 93.4382
8080 93.4779
8088 93.5194
8096 93.5625
8104 93.6074
8112 93.6541
8120 93.7025
8128 93.7527
8136 93.8046
8144 93.8584
8152 93.914
8160 93.9714
8168 94.0306
8176 94.0917
8184 94.1547
8192 94.2195
8200 94.2863
8208 94.3549
8216 94.4255
8224 94.498
8232 94.5725
8240 94.6489
8248 94.7273
8256 94.8077
8264 94.8901
8272 94.9745
8280 95.0609
8288 95.1494
8296 95.2399
8304 95.3326
8312 95.4272
8320 95.524
8328 95.623
8336 95.724
8344 95.8272
8352 95.9325
8360 96.04
8368 96.1497
8376 96.2615
8384 96.3756
8392 96.4919
8400 96.6104
8408 96.7312
8416 96.8543
8424 96.9796
8432 97.1072
8440 97.2371
8448 97.3693
8456 97.5039
8464 97.6408
8472 97.78
8480 97.9216
8488 98.0657
8496 98.2121
8504 98.3609
8512 98.5121
8520 98.6658
8528 98.8219
8536 98.9805
8544 99.1416
8552 99.3052
8560 99.4713
8568 99.6399
8576 99.811
8584 99.9847
8592 100.161
8600 100.34
8608 100.521
8616 100.705
8624 100.892
8632 101.081
8640 101.273
8648 101.467
8656 101.665
8664 101.865
8672 102.067
8680 102.272
8688 102.48
8696 102.691
8704 102.905
8712 103.121
8720 103.34
8728 103.562
8736 103.787
8744 104.014
8752 104.244
8760 104.478
8768 104.714
8776 104.952
8784 105.194
8792 105.439
8800 105.686
8808 105.937
8816 106.19
8824 106.447
8832 106.706
8840 106.969
8848 107.234
8856 107.502
8864 107.773
8872 108.048
8880 108.325
8888 108.604
8896 108.887
8904 109.173
8912 109.461
8920 109.752
8928 110.046
8936 110.343
8944 110.642
8952 110.945
8960 111.249
8968 111.557
8976 111.867
8984 112.18
8992 112.495
9000 112.813
9008 113.134
9016 113.457
9024 113.783
9032 114.111
9040 114.442
9048 114.775
9056 115.111
9064 115.449
9072 115.789
9080 116.132
9088 116.477
9096 116.825
9104 117.175
9112 117.527
9120 117.882
9128 118.239
9136 118.598
9144 118.959
9152 119.323
9160 119.689
9168 120.057
9176 120.427
9184 120.799
9192 121.173
9200 121.55
9208 121.928
9216 122.309
9224 122.692
9232 123.076
9240 123.463
9248 123.852
9256 124.242
9264 124.635
9272 125.03
9280 125.426
9288 125.824
9296 126.224
9304 126.626
9312 127.03
9320 127.436
9328 127.843
9336 128.252
9344 128.663
9352 129.076
9360 129.49
9368 129.906
9376 130.324
9384 130.743
9392 131.164
9400 131.587
9408 132.011
9416 132.437
9424 132.864
9432 133.293
9440 133.723
9448 134.155
9456 134.588
9464 135.023
9472 135.459
9480 135.896
9488 136.335
9496 136.775
9504 137.217
9512 137.66
9520 138.104
9528 138.55
9536 138.997
9544 139.445
9552 139.894
9560 140.344
9568 140.796
9576 141.249
9584 141.703
9592 142.158
9600 142.614
9608 143.072
9616 143.53
9624 143.99
9632 144.45
9640 144.912
9648 145.374
9656 145.838
9664 146.302
9672 146.767
9680 147.234
9688 147.701
9696 148.169
9704 148.638
9712 149.107
9720 149.578
9728 150.049
9736 150.521
9744 150.994
9752 151.468
9760 151.942
9768 152.417
9776 152.893
9784 153.369
9792 153.846
9800 154.324
9808 154.802
9816 155.28
9824 155.76
9832 156.24
9840 156.72
9848 157.201
9856 157.682
9864 158.164
9872 158.646
9880 159.129
9888 159.612
9896 160.095
9904 160.579
9912 161.063
9920 161.547
9928 162.032
9936 162.517
9944 163.002
9952 163.488
9960 163.974
9968 164.459
9976 164.946
9984 165.432
9992 165.918
10000 166.405
10008 166.891
10016 167.378
10024 167.865
10032 168.352
10040 168.838
10048 169.325
10056 169.812
10064 170.299
10072 170.785
10080 171.272
10088 171.759
10096 172.245
10104 172.731
10112 173.217
10120 173.703
10128 174.189
10136 174.674
10144 175.16
10152 175.645
10160 176.129
10168 176.614
10176 177.098
10184 177.582
10192 178.065
10200 178.548
10208 179.031
10216 179.513
10224 179.995
10232 180.476
10240 180.957
10248 181.438
10256 181.918
10264 182.397
10272 182.876
10280 183.354
10288 183.832
10296 184.309
10304 184.785
10312 185.261
10320 185.736
10328 186.21
10336 186.684
10344 187.157
10352 187.629
10360 188.1
10368 188.571
10376 189.041
10384 189.51
10392 189.978
10400 190.445
10408 190.912
10416 191.377
10424 191.841
10432 192.305
10440 192.768
10448 193.229
10456 193.69
10464 194.149
10472 194.608
10480 195.065
10488 195.522
10496 195.977
10504 196.431
10512 196.884
10520 197.336
10528 197.787
10536 198.236
10544 198.684
10552 199.131
10560 199.577
10568 200.021
10576 200.464
10584 200.906
10592 201.347
10600 201.786
10608 202.223
10616 202.659
10624 203.094
10632 203.528
10640 203.96
10648 204.39
10656 204.819
10664 205.246
10672 205.672
10680 206.097
10688 206.519
10696 206.94
10704 207.36
10712 207.778
10720 208.194
10728 208.609
10736 209.021
10744 209.432
10752 209.842
10760 210.249
10768 210.655
10776 211.059
10784 211.461
10792 211.862
10800 212.26
10808 212.657
10816 213.051
10824 213.444
10832 213.835
10840 214.224
10848 214.611
10856 214.996
10864 215.379
10872 215.759
10880 216.138
10888 216.515
10896 216.89
10904 217.262
10912 217.632
10920 218.001
10928 218.367
10936 218.73
10944 219.092
10952 219.451
10960 219.808
10968 220.163
10976 220.516
10984 220.866
10992 221.214
11000 221.559
11008 221.903
11016 222.243
11024 222.582
11032 222.918
11040 223.251
11048 223.582
11056 223.91
11064 224.236
11072 224.56
11080 224.881
11088 225.199
11096 225.515
11104 225.828
11112 226.138
11120 226.446
11128 226.751
11136 227.054
11144 227.353
11152 227.65
11160 227.945
11168 228.236
11176 228.525
11184 228.811
11192 229.094
11200 229.374
11208 229.651
11216 229.926
11224 230.197
11232 230.466
11240 230.731
11248 230.994
11256 231.254
11264 231.51
11272 231.764
11280 232.015
11288 232.262
11296 232.507
11304 232.748
11312 232.986
11320 233.221
11328 233.453
11336 233.682
11344 233.907
11352 234.13
11360 234.349
11368 234.564
11376 234.777
11384 234.986
11392 235.192
11400 235.394
11408 235.593
11416 235.789
11424 235.981
11432 236.17
11440 236.356
11448 236.538
11456 236.716
11464 236.891
11472 237.063
11480 237.231
11488 237.395
11496 237.556
11504 237.713
11512 237.867
11520 238.017
11528 238.163
11536 238.305
11544 238.444
11552 238.579
11560 238.711
11568 238.838
11576 238.962
11584 239.082
11592 239.199
11600 239.311
11608 239.42
11616 239.524
11624 239.625
11632 239.722
11640 239.815
11648 239.904
11656 239.989
11664 240.07
11672 240.146
11680 240.219
11688 240.288
11696 240.353
11704 240.414
11712 240.47
11720 240.523
11728 240.571
11736 240.615
11744 240.655
11752 240.69
11760 240.722
11768 240.749
11776 240.772
11784 240.79
11792 240.805
11800 240.815
11808 240.82
11816 240.822
11824 240.819
11832 240.812
11840 240.801
11848 240.786
11856 240.767
11864 240.743
11872 240.715
11880 240.684
11888 240.648
11896 240.608
11904 240.564
11912 240.516
11920 240.464
11928 240.408
11936 240.348
11944 240.284
11952 240.217
11960 240.145
11968 240.069
11976 239.99
11984 239.907
11992 239.819
12000 239.728
12008 239.634
12016 239.535
12024 239.433
12032 239.326
12040 239.217
12048 239.103
12056 238.986
12064 238.865
12072 238.74
12080 238.612
12088 238.48
12096 238.345
12104 238.205
12112 238.063
12120 237.917
12128 237.767
12136 237.614
12144 237.457
12152 237.297
12160 237.133
12168 236.966
12176 236.795
12184 236.621
12192 236.444
12200 236.263
12208 236.079
12216 235.891
12224 235.701
12232 235.507
12240 235.309
12248 235.109
12256 234.905
12264 234.698
12272 234.487
12280 234.274
12288 234.057
12296 233.837
12304 233.614
12312 233.388
12320 233.159
12328 232.927
12336 232.691
12344 232.453
12352 232.211
12360 231.967
12368 231.72
12376 231.469
12384 231.216
12392 230.959
12400 230.7
12408 230.438
12416 230.173
12424 229.905
12432 229.634
12440 229.361
12448 229.084
12456 228.805
12464 228.523
12472 228.238
12480 227.951
12488 227.661
12496 227.368
12504 227.072
12512 226.774
12520 226.473
12528 226.169
12536 225.863
12544 225.554
12552 225.243
12560 224.929
12568 224.613
12576 224.294
12584 223.972
12592 223.648
12600 223.322
12608 222.993
12616 222.661
12624 222.328
12632 221.991
12640 221.653
12648 221.312
12656 220.969
12664 220.623
12672 220.275
12680 219.925
12688 219.573
12696 219.218
12704 218.861
12712 218.502
12720 218.14
12728 217.777
12736 217.411
12744 217.043
12752 216.673
12760 216.301
12768 215.927
12776 215.55
12784 215.172
12792 214.792
12800 214.409
12808 214.025
12816 213.638
12824 213.25
12832 212.86
12840 212.467
12848 212.073
12856 211.677
12864 211.279
12872 210.88
12880 210.478
12888 210.074
12896 209.669
12904 209.262
12912 208.853
12920 208.443
12928 208.03
12936 207.616
12944 207.201
12952 206.783
12960 206.364
12968 205.943
12976 205.521
12984 205.097
12992 204.672
13000 204.245
13008 203.816
13016 203.386
13024 202.954
13032 202.521
13040 202.086
13048 201.65
13056 201.212
13064 200.773
13072 200.333
13080 199.891
13088 199.448
13096 199.003
13104 198.557
13112 198.11
13120 197.662
13128 197.212
13136 196.761
13144 196.309
13152 195.855
13160 195.4
13168 194.944
13176 194.487
13184 194.029
13192 193.57
13200 193.109
13208 192.648
13216 192.185
13224 191.721
13232 191.256
13240 190.79
13248 190.324
13256 189.856
13264 189.387
13272 188.917
13280 188.446
13288 187.975
13296 187.502
13304 187.029
13312 186.554
13320 186.079
13328 185.603
13336 185.126
13344 184.649
13352 184.171
13360 183.691
13368 183.211
13376 182.731
13384 182.25
13392 181.768
13400 181.285
13408 180.802
13416 180.318
13424 179.833
13432 179.348
13440 178.862
13448 178.376
13456 177.889
13464 177.402
13472 176.914
13480 176.425
13488 175.937
13496 175.447
13504 174.958
13512 174.467
13520 173.977
13528 173.486
13536 172.995
13544 172.503
13552 172.011
13560 171.519
13568 171.026
13576 170.533
13584 170.04
13592 169.547
13600 169.053
13608 168.56
13616 168.066
13624 167.572
13632 167.077
13640 166.583
13648 166.089
13656 165.594
13664 165.099
13672 164.605
13680 164.11
13688 163.615
13696 163.12
13704 162.626
13712 162.131
13720 161.636
13728 161.142
13736 160.647
13744 160.153
13752 159.659
13760 159.164
13768 158.67
13776 158.177
13784 157.683
13792 157.19
13800 156.697
13808 156.204
13816 155.711
13824 155.219
13832 154.727
13840 154.235
13848 153.743
13856 153.252
13864 152.762
13872 152.272
13880 151.782
13888 151.292
13896 150.803
13904 150.315
13912 149.827
13920 149.339
13928 148.852
13936 148.366
13944 147.88
13952 147.395
13960 146.91
13968 146.426
13976 145.942
13984 145.459
13992 144.977
14000 144.496
14008 144.015
14016 143.535
14024 143.056
14032 142.577
14040 142.099
14048 141.622
14056 141.146
14064 140.671
14072 140.196
14080 139.722
14088 139.249
14096 138.778
14104 138.307
14112 137.837
14120 137.367
14128 136.899
14136 136.432
14144 135.966
14152 135.501
14160 135.037
14168 134.574
14176 134.112
14184 133.651
14192 133.191
14200 132.733
14208 132.275
14216 131.819
14224 131.364
14232 130.91
14240 130.458
14248 130.006
14256 129.556
14264 129.107
14272 128.66
14280 128.213
14288 127.769
14296 127.325
14304 126.883
14312 126.442
14320 126.003
14328 125.565
14336 125.128
14344 124.693
14352 124.259
14360 123.827
14368 123.397
14376 122.967
14384 122.54
14392 122.114
14400 121.69
14408 121.267
14416 120.846
14424 120.426
14432 120.008
14440 119.592
14448 119.178
14456 118.765
14464 118.354
14472 117.944
14480 117.537
14488 117.131
14496 116.727
14504 116.325
14512 115.925
14520 115.526
14528 115.13
14536 114.735
14544 114.342
14552 113.951
14560 113.562
14568 113.175
14576 112.79
14584 112.407
14592 112.026
14600 111.648
14608 111.271
14616 110.896
14624 110.523
14632 110.153
14640 109.784
14648 109.418
14656 109.054
14664 108.692
14672 108.332
14680 107.974
14688 107.619
14696 107.266
14704 106.915
14712 106.566
14720 106.22
14728 105.876
14736 105.535
14744 105.195
14752 104.858
14760 104.524
14768 104.192
14776 103.862
14784 103.534
14792 103.209
14800 102.886
14808 102.566
14816 102.248
14824 101.932
14832 101.618
14840 101.307
14848 100.999
14856 100.692
14864 100.388
14872 100.087
14880 99.7875
14888 99.4906
14896 99.1962
14904 98.9041
14912 98.6144
14920 98.327
14928 98.0421
14936 97.7595
14944 97.4793
14952 97.2015
14960 96.9262
14968 96.6532
14976 96.3826
14984 96.1144
14992 95.8486
15000 95.5852
15008 95.3242
15016 95.0656
15024 94.8094
15032 94.5557
15040 94.3043
15048 94.0554
15056 93.8089
15064 93.5648
15072 93.3231
15080 93.0839
15088 92.8471
15096 92.6127
15104 92.3807
15112 92.1512
15120 91.9241
15128 91.6995
15136 91.4773
15144 91.2575
15152 91.0402
15160 90.8253
15168 90.6129
15176 90.4029
15184 90.1954
15192 89.9903
15200 89.7877
15208 89.5875
15216 89.3898
15224 89.1946
15232 89.0019
15240 88.8116
15248 88.6237
15256 88.4384
15264 88.2555
15272 88.0751
15280 87.8972
15288 87.7217
15296 87.5488
15304 87.3783
15312 87.2103
15320 87.0448
15328 86.8818
15336 86.7213
15344 86.5633
15352 86.4077
15360 86.2547
15368 86.1042
15376 85.9562
15384 85.8107
15392 85.6676
15400 85.5272
15408 85.3892
15416 85.2537
15424 85.1208
15432 84.9903
15440 84.8624
15448 84.737
15456 84.6142
15464 84.4938
15472 84.376
15480 84.2608
15488 84.148
15496 84.0378
15504 83.9302
15512 83.825
15520 83.7225
15528 83.6224
15536 83.5249
15544 83.43
15552 83.3376
15560 83.2478
15568 83.1605
15576 83.0758
15584 82.9936
15592 82.914
15600 82.837
15608 82.7625
15616 82.6906
15624 82.6213
15632 82.5545
15640 82.4903
15648 82.4287
15656 82.3697
15664 82.3132
15672 82.2594
15680 82.2081
15688 82.1594
15696 82.1133
15704 82.0698
15712 82.0289
15720 81.9905
15728 81.9548
15736 81.9217
15744 81.8912
15752 81.8632
15760 81.8379
15768 81.8152
15776 81.7951
15784 81.7777
15792 81.7628
15800 81.7505
15808 81.7409
15816 81.7339
15824 81.7295
15832 81.7278
15840 81.7287
15848 81.7322
15856 81.7383
15864 81.7471
15872 81.7585
15880 81.7725
15888 81.7892
15896 81.8085
15904 81.8305
15912 81.8551
15920 81.8824
15928 81.9123
15936 81.9449
15944 81.9801
15952 82.018
15960 82.0586
15968 82.1018
15976 82.1476
15984 82.1962
15992 82.2474
16000 82.3013
16008 82.3578
16016 82.4171
16024 82.479
16032 82.5435
16040 82.6108
16048 82.6808
16056 82.7534
16064 82.8287
16072 82.9067
16080 82.9874
16088 83.0708
16096 83.1569
16104 83.2457
16112 83.3372
16120 83.4314
16128 83.5283
16136 83.6279
16144 83.7303
16152 83.8353
16160 83.943
16168 84.0535
16176 84.1667
16184 84.2826
16192 84.4012
16200 84.5225
16208 84.6466
16216 84.7734
16224 84.9029
16232 85.0352
16240 85.1702
16248 85.3079
16256 85.4484
16264 85.5916
16272 85.7376
16280 85.8863
16288 86.0377
16296 86.1919
16304 86.3489
16312 86.5086
16320 86.6711
16328 86.8363
16336 87.0043
16344 87.175
16352 87.3485
16360 87.5248
16368 87.7039
16376 87.8857
16384 88.0703
16392 88.2576
16400 88.4478
16408 88.6407
16416 88.8364
16424 89.0349
16432 89.2362
16440 89.4402
16448 89.6471
16456 89.8567
16464 90.0692
16472 90.2844
16480 90.5025
16488 90.7233
16496 90.9469
16504 91.1734
16512 91.4026
16520 91.6347
16528 91.8696
16536 92.1073
16544 92.3478
16552 92.5911
16560 92.8372
16568 93.0862
16576 93.338
16584 93.5926
16592 93.8501
16600 94.1104
16608 94.3735
16616 94.6394
16624 94.9082
16632 95.1798
16640 95.4543
16648 95.7316
16656 96.0118
16664 96.2948
16672 96.5806
16680 96.8693
16688 97.1609
16696 97.4553
16704 97.7526
16712 98.0527
16720 98.3557
16728 98.6616
16736 98.9703
16744 99.2819
16752 99.5964
16760 99.9138
16768 100.234
16776 100.557
16784 100.883
16792 101.212
16800 101.544
16808 101.878
16816 102.216
16824 102.556
16832 102.9
16840 103.246
16848 103.595
16856 103.947
16864 104.302
16872 104.66
16880 105.02
16888 105.384
16896 105.75
16904 106.12
16912 106.492
16920 106.868
16928 107.246
16936 107.627
16944 108.011
16952 108.398
16960 108.788
16968 109.181
16976 109.576
16984 109.975
16992 110.377
17000 110.781
17008 111.189
17016 111.599
17024 112.013
17032 112.429
17040 112.848
17048 113.27
17056 113.696
17064 114.124
17072 114.555
17080 114.989
17088 115.426
17096 115.866
17104 116.309
17112 116.755
17120 117.204
17128 117.655
17136 118.11
17144 118.568
17152 119.029
17160 119.493
17168 119.959
17176 120.429
17184 120.902
17192 121.378
17200 121.856
17208 122.338
17216 122.823
17224 123.31
17232 123.801
17240 124.295
17248 124.791
17256 125.291
17264 125.794
17272 126.3
17280 126.808
17288 127.32
17296 127.835
17304 128.353
17312 128.873
17320 129.397
17328 129.924
17336 130.454
17344 130.987
17352 131.523
17360 132.062
17368 132.604
17376 133.149
17384 133.697
17392 134.248
17400 134.802
17408 135.359
17416 135.92
17424 136.483
17432 137.049
17440 137.619
17448 138.191
17456 138.767
17464 139.346
17472 139.927
17480 140.512
17488 141.1
17496 141.691
17504 142.285
17512 142.882
17520 143.482
17528 144.085
17536 144.691
17544 145.301
17552 145.913
17560 146.529
17568 147.147
17576 147.769
17584 148.394
17592 149.022
17600 149.653
17608 150.287
17616 150.924
17624 151.564
17632 152.208
17640 152.854
17648 153.504
17656 154.156
17664 154.812
17672 155.471
17680 156.133
17688 156.799
17696 157.467
17704 158.138
17712 158.812
17720 159.49
17728 160.17
17736 160.853
17744 161.539
17752 162.228
17760 162.92
17768 163.614
17776 164.312
17784 165.012
17792 165.715
17800 166.421
17808 167.129
17816 167.84
17824 168.554
17832 169.27
17840 169.989
17848 170.711
17856 171.435
17864 172.162
17872 172.891
17880 173.623
17888 174.357
17896 175.094
17904 175.833
17912 176.574
17920 177.318
17928 178.064
17936 178.812
17944 179.563
17952 180.316
17960 181.071
17968 181.828
17976 182.588
17984 183.35
17992 184.114
18000 184.88
18008 185.648
18016 186.418
18024 187.19
18032 187.964
18040 188.74
18048 189.519
18056 190.299
18064 191.081
18072 191.865
18080 192.65
18088 193.438
18096 194.227
18104 195.018
18112 195.811
18120 196.606
18128 197.402
18136 198.201
18144 199
18152 199.802
18160 200.605
18168 201.409
18176 202.215
18184 203.023
18192 203.832
18200 204.643
18208 205.455
18216 206.269
18224 207.084
18232 207.9
18240 208.718
18248 209.537
18256 210.358
18264 211.179
18272 212.002
18280 212.827
18288 213.652
18296 214.479
18304 215.306
18312 216.135
18320 216.965
18328 217.797
18336 218.629
18344 219.462
18352 220.296
18360 221.132
18368 221.968
18376 222.805
18384 223.643
18392 224.482
18400 225.322
18408 226.163
18416 227.004
18424 227.846
18432 228.689
18440 229.533
18448 230.378
18456 231.223
18464 232.069
18472 232.915
18480 233.762
18488 234.61
18496 235.458
18504 236.307
18512 237.157
18520 238.007
18528 238.857
18536 239.708
18544 240.559
18552 241.41
18560 242.262
18568 243.115
18576 243.967
18584 244.82
18592 245.673
18600 246.527
18608 247.38
18616 248.234
18624 249.088
18632 249.942
18640 250.797
18648 251.651
18656 252.505
18664 253.36
18672 254.214
18680 255.069
18688 255.923
18696 256.778
18704 257.632
18712 258.486
18720 259.34
18728 260.194
18736 261.048
18744 261.902
18752 262.755
18760 263.608
18768 264.461
18776 265.313
18784 266.165
18792 267.017
18800 267.869
18808 268.72
18816 269.57
18824 270.42
18832 271.27
18840 272.119
18848 272.968
18856 273.816
18864 274.663
18872 275.51
18880 276.357
18888 277.202
18896 278.047
18904 278.891
18912 279.735
18920 280.578
18928 281.42
18936 282.261
18944 283.101
18952 283.941
18960 284.779
18968 285.617
18976 286.454
18984 287.29
18992 288.125
19000 288.958
19008 289.791
19016 290.623
19024 291.454
19032 292.283
19040 293.112
19048 293.939
19056 294.765
19064 295.59
19072 296.414
19080 297.237
19088 298.058
19096 298.878
19104 299.696
19112 300.514
19120 301.329
19128 302.144
19136 302.957
19144 303.768
19152 304.579
19160 305.387
19168 306.194
19176 307
19184 307.804
19192 308.606
19200 309.407
19208 310.206
19216 311.003
19224 311.799
19232 312.593
19240 313.385
19248 314.176
19256 314.965
19264 315.751
19272 316.536
19280 317.32
19288 318.101
19296 318.88
19304 319.658
19312 320.433
19320 321.206
19328 321.978
19336 322.747
19344 323.514
19352 324.279
19360 325.043
19368 325.803
19376 326.562
19384 327.319
19392 328.073
19400 328.825
19408 329.575
19416 330.322
19424 331.067
19432 331.81
19440 332.551
19448 333.289
19456 334.024
19464 334.758
19472 335.488
19480 336.217
19488 336.942
19496 337.665
19504 338.386
19512 339.104
19520 339.819
19528 340.532
19536 341.242
19544 341.95
19552 342.654
19560 343.356
19568 344.055
19576 344.752
19584 345.445
19592 346.136
19600 346.824
19608 347.508
19616 348.19
19624 348.869
19632 349.546
19640 350.219
19648 350.889
19656 351.556
19664 352.22
19672 352.881
19680 353.538
19688 354.193
19696 354.844
19704 355.493
19712 356.138
19720 356.779
19728 357.418
19736 358.053
19744 358.685
19752 359.314
19760 359.939
19768 360.561
19776 361.179
19784 361.794
19792 362.405
19800 363.013
19808 363.618
19816 364.219
19824 364.816
19832 365.41
19840 366
19848 366.586
19856 367.169
19864 367.748
19872 368.324
19880 368.896
19888 369.464
19896 370.028
19904 370.588
19912 371.144
19920 371.697
19928 372.246
19936 372.791
19944 373.331
19952 373.868
19960 374.401
19968 374.93
19976 375.455
19984 375.976
19992 376.493
20000 377.005
20008 377.514
20016 378.018
20024 378.518
20032 379.014
20040 379.506
20048 379.993
20056 380.476
20064 380.955
20072 381.429
20080 381.899
20088 382.365
20096 382.826
20104 383.283
20112 383.736
20120 384.183
20128 384.627
20136 385.066
20144 385.5
20152 385.93
20160 386.355
20168 386.775
20176 387.191
20184 387.602
20192 388.008
20200 388.41
20208 388.807
20216 389.199
20224 389.586
20232 389.969
20240 390.346
20248 390.719
20256 391.087
20264 391.45
20272 391.807
20280 392.16
20288 392.508
20296 392.851
20304 393.189
20312 393.522
20320 393.849
20328 394.172
20336 394.489
20344 394.801
20352 395.108
20360 395.41
20368 395.706
20376 395.997
20384 396.283
20392 396.564
20400 396.839
20408 397.108
20416 397.373
20424 397.632
20432 397.885
20440 398.133
20448 398.375
20456 398.612
20464 398.844
20472 399.069
20480 399.29
20488 399.504
20496 399.713
20504 399.916
20512 400.114
20520 400.305
20528 400.491
20536 400.672
20544 400.846
20552 401.015
20560 401.177
20568 401.334
20576 401.485
20584 401.63
20592 401.769
20600 401.902
20608 402.029
20616 402.15
20624 402.265
20632 402.374
20640 402.477
20648 402.574
20656 402.665
20664 402.75
20672 402.83
20680 402.903
20688 402.971
20696 403.033
20704 403.09
20712 403.14
20720 403.186
20728 403.225
20736 403.259
20744 403.287
20752 403.31
20760 403.327
20768 403.339
20776 403.346
20784 403.347
20792 403.343
20800 403.333
20808 403.319
20816 403.299
20824 403.273
20832 403.243
20840 403.207
20848 403.167
20856 403.121
20864 403.07
20872 403.014
20880 402.953
20888 402.888
20896 402.817
20904 402.741
20912 402.661
20920 402.576
20928 402.486
20936 402.391
20944 402.292
20952 402.188
20960 402.079
20968 401.965
20976 401.847
20984 401.725
20992 401.598
21000 401.466
21008 401.33
21016 401.19
21024 401.045
21032 400.896
21040 400.742
21048 400.585
21056 400.423
21064 400.256
21072 400.086
21080 399.912
21088 399.733
21096 399.55
21104 399.363
21112 399.172
21120 398.978
21128 398.779
21136 398.576
21144 398.37
21152 398.159
21160 397.945
21168 397.727
21176 397.505
21184 397.279
21192 397.05
21200 396.817
21208 396.581
21216 396.341
21224 396.097
21232 395.85
21240 395.599
21248 395.345
21256 395.087
21264 394.826
21272 394.562
21280 394.294
21288 394.023
21296 393.749
21304 393.472
21312 393.191
21320 392.907
21328 392.62
21336 392.33
21344 392.037
21352 391.741
21360 391.442
21368 391.14
21376 390.835
21384 390.527
21392 390.217
21400 389.903
21408 389.587
21416 389.267
21424 388.946
21432 388.621
21440 388.294
21448 387.964
21456 387.631
21464 387.296
21472 386.959
21480 386.619
21488 386.276
21496 385.931
21504 385.584
21512 385.234
21520 384.882
21528 384.528
21536 384.171
21544 383.812
21552 383.451
21560 383.088
21568 382.722
21576 382.355
21584 381.985
21592 381.614
21600 381.24
21608 380.865
21616 380.487
21624 380.108
21632 379.726
21640 379.343
21648 378.958
21656 378.571
21664 378.183
21672 377.793
21680 377.401
21688 377.008
21696 376.613
21704 376.216
21712 375.818
21720 375.418
21728 375.017
21736 374.614
21744 374.21
21752 373.805
21760 373.398
21768 372.99
21776 372.581
21784 372.17
21792 371.758
21800 371.345
21808 370.931
21816 370.516
21824 370.1
21832 369.682
21840 369.264
21848 368.845
21856 368.424
21864 368.003
21872 367.581
21880 367.158
21888 366.734
21896 366.31
21904 365.885
21912 365.459
21920 365.032
21928 364.605
21936 364.177
21944 363.748
21952 363.319
21960 362.89
21968 362.46
21976 362.029
21984 361.598
21992 361.167
22000 360.735
22008 360.303
22016 359.871
22024 359.439
22032 359.006
22040 358.573
22048 358.14
22056 357.707
22064 357.273
22072 356.84
22080 356.407
22088 355.973
22096 355.54
22104 355.107
22112 354.674
22120 354.241
22128 353.808
22136 353.376
22144 352.943
22152 352.511
22160 352.079
22168 351.648
22176 351.217
22184 350.786
22192 350.356
22200 349.927
22208 349.497
22216 349.069
22224 348.641
22232 348.213
22240 347.787
22248 347.36
22256 346.935
22264 346.51
22272 346.086
22280 345.663
22288 345.241
22296 344.82
22304 344.399
22312 343.98
22320 343.561
22328 343.143
22336 342.727
22344 342.311
22352 341.897
22360 341.484
22368 341.072
22376 340.661
22384 340.251
22392 339.843
22400 339.436
22408 339.03
22416 338.626
22424 338.223
22432 337.822
22440 337.422
22448 337.023
22456 336.626
22464 336.231
22472 335.837
22480 335.445
22488 335.054
22496 334.665
22504 334.278
22512 333.893
22520 333.509
22528 333.128
22536 332.748
22544 332.37
22552 331.994
22560 331.62
22568 331.248
22576 330.878
22584 330.51
22592 330.144
22600 329.78
22608 329.419
22616 329.059
22624 328.702
22632 328.347
22640 327.995
22648 327.644
22656 327.297
22664 326.951
22672 326.608
22680 326.267
22688 325.929
22696 325.594
22704 325.261
22712 324.93
22720 324.602
22728 324.277
22736 323.955
22744 323.635
22752 323.318
22760 323.004
22768 322.692
22776 322.384
22784 322.078
22792 321.776
22800 321.476
22808 321.179
22816 320.885
22824 320.595
22832 320.307
22840 320.023
22848 319.741
22856 319.463
22864 319.188
22872 318.916
22880 318.648
22888 318.383
22896 318.121
22904 317.863
22912 317.608
22920 317.357
22928 317.109
22936 316.864
22944 316.623
22952 316.386
22960 316.152
22968 315.922
22976 315.696
22984 315.473
22992 315.254
23000 315.039
23008 314.828
23016 314.621
23024 314.417
23032 314.217
23040 314.022
23048 313.83
23056 313.642
23064 313.459
23072 313.279
23080 313.104
23088 312.932
23096 312.765
23104 312.602
23112 312.444
23120 312.289
23128 312.139
23136 311.993
23144 311.852
23152 311.715
23160 311.582
23168 311.454
23176 311.331
23184 311.212
23192 311.098
23200 310.988
23208 310.883
23216 310.782
23224 310.686
23232 310.595
23240 310.509
23248 310.428
23256 310.351
23264 310.279
23272 310.212
23280 310.151
23288 310.094
23296 310.042
23304 309.995
23312 309.953
23320 309.916
23328 309.885
23336 309.858
23344 309.837
23352 309.821
23360 309.811
23368 309.805
23376 309.805
23384 309.811
23392 309.821
23400 309.837
23408 309.859
23416 309.886
23424 309.919
23432 309.957
23440 310.001
23448 310.05
23456 310.106
23464 310.167
23472 310.233
23480 310.305
23488 310.384
23496 310.468
23504 310.557
23512 310.653
23520 310.755
23528 310.863
23536 310.976
23544 311.096
23552 311.222
23560 311.353
23568 311.491
23576 311.635
23584 311.785
23592 311.941
23600 312.103
23608 312.271
23616 312.445
23624 312.625
23632 312.81
23640 313.001
23648 313.198
23656 313.401
23664 313.609
23672 313.823
23680 314.042
23688 314.267
23696 314.498
23704 314.734
23712 314.975
23720 315.222
23728 315.474
23736 315.731
23744 315.993
23752 316.261
23760 316.534
23768 316.812
23776 317.095
23784 317.383
23792 317.676
23800 317.974
23808 318.278
23816 318.585
23824 318.898
23832 319.216
23840 319.538
23848 319.866
23856 320.197
23864 320.534
23872 320.875
23880 321.221
23888 321.571
23896 321.926
23904 322.285
23912 322.649
23920 323.017
23928 323.389
23936 323.766
23944 324.147
23952 324.532
23960 324.921
23968 325.315
23976 325.712
23984 326.114
23992 326.519
24000 326.929
24008 327.343
24016 327.76
24024 328.182
24032 328.607
24040 329.036
24048 329.469
24056 329.905
24064 330.346
24072 330.789
24080 331.237
24088 331.688
24096 332.142
24104 332.6
24112 333.062
24120 333.527
24128 333.995
24136 334.466
24144 334.941
24152 335.419
24160 335.9
24168 336.385
24176 336.872
24184 337.363
24192 337.856
24200 338.353
24208 338.853
24216 339.355
24224 339.861
24232 340.369
24240 340.88
24248 341.394
24256 341.911
24264 342.43
24272 342.952
24280 343.476
24288 344.004
24296 344.533
24304 345.065
24312 345.6
24320 346.137
24328 346.676
24336 347.218
24344 347.762
24352 348.309
24360 348.857
24368 349.408
24376 349.961
24384 350.516
24392 351.073
24400 351.632
24408 352.193
24416 352.756
24424 353.321
24432 353.887
24440 354.456
24448 355.026
24456 355.598
24464 356.172
24472 356.748
24480 357.325
24488 357.904
24496 358.484
24504 359.066
24512 359.649
24520 360.234
24528 360.82
24536 361.407
24544 361.996
24552 362.586
24560 363.177
24568 363.77
24576 364.363
24584 364.958
24592 365.554
24600 366.151
24608 366.749
24616 367.347
24624 367.947
24632 368.548
24640 369.149
24648 369.752
24656 370.355
24664 370.958
24672 371.563
24680 372.168
24688 372.774
24696 373.38
24704 373.987
24712 374.594
24720 375.202
24728 375.81
24736 376.418
24744 377.027
24752 377.637
24760 378.246
24768 378.856
24776 379.465
24784 380.075
24792 380.685
24800 381.295
24808 381.906
24816 382.516
24824 383.126
24832 383.736
24840 384.345
24848 384.955
24856 385.564
24864 386.174
24872 386.782
24880 387.391
24888 387.999
24896 388.607
24904 389.214
24912 389.821
24920 390.427
24928 391.033
24936 391.638
24944 392.242
24952 392.846
24960 393.449
24968 394.051
24976 394.652
24984 395.253
24992 395.853
25000 396.451
25008 397.049
25016 397.646
25024 398.242
25032 398.836
25040 399.43
25048 400.022
25056 400.613
25064 401.203
25072 401.792
25080 402.379
25088 402.965
25096 403.55
25104 404.133
25112 404.715
25120 405.295
25128 405.873
25136 406.45
25144 407.026
25152 407.599
25160 408.171
25168 408.742
25176 409.31
25184 409.877
25192 410.441
25200 411.004
25208 411.565
25216 412.124
25224 412.681
25232 413.236
25240 413.788
25248 414.339
25256 414.887
25264 415.433
25272 415.977
25280 416.519
25288 417.058
25296 417.595
25304 418.129
25312 418.661
25320 419.191
25328 419.718
25336 420.242
25344 420.764
25352 421.283
25360 421.799
25368 422.313
25376 422.824
25384 423.332
25392 423.837
25400 424.339
25408 424.839
25416 425.335
25424 425.828
25432 426.319
25440 426.806
25448 427.29
25456 427.771
25464 428.249
25472 428.723
25480 429.195
25488 429.663
25496 430.127
25504 430.588
25512 431.046
25520 431.5
25528 431.951
25536 432.398
25544 432.841
25552 433.281
25560 433.718
25568 434.15
25576 434.579
25584 435.004
25592 435.425
25600 435.842
25608 436.255
25616 436.665
25624 437.07
25632 437.471
25640 437.869
25648 438.262
25656 438.651
25664 439.036
25672 439.416
25680 439.793
25688 440.165
25696 440.532
25704 440.896
25712 441.254
25720 441.609
25728 441.959
25736 442.304
25744 442.645
25752 442.981
25760 443.312
25768 443.639
25776 443.961
25784 444.278
25792 444.591
25800 444.898
25808 445.201
25816 445.499
25824 445.791
25832 446.079
25840 446.362
25848 446.639
25856 446.912
25864 447.179
25872 447.441
25880 447.698
25888 447.95
25896 448.196
25904 448.437
25912 448.672
25920 448.902
25928 449.126
25936 449.345
25944 449.559
25952 449.767
25960 449.969
25968 450.165
25976 450.356
25984 450.541
25992 450.72
26000 450.893
26008 451.061
26016 451.222
26024 451.378
26032 451.527
26040 451.671
26048 451.808
26056 451.94
26064 452.065
26072 452.184
26080 452.296
26088 452.403
26096 452.503
26104 452.597
26112 452.684
26120 452.765
26128 452.84
26136 452.908
26144 452.969
26152 453.024
26160 453.072
26168 453.114
26176 453.149
26184 453.177
26192 453.198
26200 453.213
26208 453.22
26216 453.221
26224 453.215
26232 453.202
26240 453.181
26248 453.154
26256 453.12
26264 453.078
26272 453.029
26280 452.973
26288 452.91
26296 452.84
26304 452.762
26312 452.677
26320 452.584
26328 452.484
26336 452.377
26344 452.262
26352 452.139
26360 452.009
26368 451.871
26376 451.725
26384 451.572
26392 451.411
26400 451.242
26408 451.065
26416 450.88
26424 450.688
26432 450.487
26440 450.279
26448 450.062
26456 449.837
26464 449.605
26472 449.364
26480 449.115
26488 448.857
26496 448.591
26504 448.317
26512 448.035
26520 447.744
26528 447.446
26536 447.138
26544 446.823
26552 446.5
26560 446.168
26568 445.828
26576 445.481
26584 445.125
26592 444.761
26600 444.39
26608 444.01
26616 443.623
26624 443.228
26632 442.825
26640 442.414
26648 441.996
26656 441.57
26664 441.136
26672 440.695
26680 440.247
26688 439.79
26696 439.327
26704 438.856
26712 438.377
26720 437.892
26728 437.399
26736 436.898
26744 436.391
26752 435.876
26760 435.355
26768 434.826
26776 434.29
26784 433.747
26792 433.197
26800 432.64
26808 432.076
26816 431.505
26824 430.928
26832 430.343
26840 429.752
26848 429.155
26856 428.55
26864 427.939
26872 427.322
26880 426.697
26888 426.067
26896 425.429
26904 424.786
26912 424.136
26920 423.479
26928 422.817
26936 422.147
26944 421.472
26952 420.791
26960 420.103
26968 419.409
26976 418.71
26984 418.004
26992 417.292
27000 416.574
27008 415.85
27016 415.12
27024 414.385
27032 413.644
27040 412.896
27048 412.144
27056 411.385
27064 410.621
27072 409.851
27080 409.076
27088 408.295
27096 407.508
27104 406.716
27112 405.919
27120 405.116
27128 404.308
27136 403.495
27144 402.676
27152 401.852
27160 401.023
27168 400.189
27176 399.349
27184 398.505
27192 397.656
27200 396.801
27208 395.942
27216 395.077
27224 394.208
27232 393.334
27240 392.455
27248 391.572
27256 390.684
27264 389.791
27272 388.893
27280 387.991
27288 387.084
27296 386.172
27304 385.257
27312 384.336
27320 383.412
27328 382.483
27336 381.549
27344 380.612
27352 379.67
27360 378.723
27368 377.773
27376 376.819
27384 375.86
27392 374.897
27400 373.931
27408 372.96
27416 371.986
27424 371.007
27432 370.025
27440 369.039
27448 368.049
27456 367.055
27464 366.058
27472 365.056
27480 364.052
27488 363.043
27496 362.032
27504 361.016
27512 359.997
27520 358.975
27528 357.949
27536 356.92
27544 355.888
27552 354.852
27560 353.814
27568 352.771
27576 351.726
27584 350.678
27592 349.626
27600 348.572
27608 347.514
27616 346.454
27624 345.391
27632 344.324
27640 343.255
27648 342.183
27656 341.109
27664 340.031
27672 338.951
27680 337.868
27688 336.783
27696 335.695
27704 334.604
27712 333.511
27720 332.416
27728 331.318
27736 330.217
27744 329.115
27752 328.01
27760 326.903
27768 325.793
27776 324.682
27784 323.568
27792 322.452
27800 321.334
27808 320.214
27816 319.092
27824 317.968
27832 316.842
27840 315.714
27848 314.585
27856 313.454
27864 312.32
27872 311.186
27880 310.049
27888 308.911
27896 307.771
27904 306.63
27912 305.487
27920 304.343
27928 303.197
27936 302.05
27944 300.901
27952 299.751
27960 298.6
27968 297.448
27976 296.294
27984 295.139
27992 293.983
28000 292.826
28008 291.668
28016 290.509
28024 289.349
28032 288.188
28040 287.026
28048 285.863
28056 284.699
28064 283.535
28072 282.37
28080 281.204
28088 280.037
28096 278.87
28104 277.702
28112 276.534
28120 275.365
28128 274.196
28136 273.026
28144 271.856
28152 270.686
28160 269.515
28168 268.344
28176 267.172
28184 266.001
28192 264.829
28200 263.658
28208 262.486
28216 261.314
28224 260.142
28232 258.97
28240 257.798
28248 256.626
28256 255.455
28264 254.284
28272 253.112
28280 251.942
28288 250.771
28296 249.601
28304 248.431
28312 247.262
28320 246.093
28328 244.924
28336 243.756
28344 242.589
28352 241.422
28360 240.256
28368 239.091
28376 237.926
28384 236.763
28392 235.6
28400 234.438
28408 233.276
28416 232.116
28424 230.957
28432 229.798
28440 228.641
28448 227.485
28456 226.33
28464 225.176
28472 224.023
28480 222.872
28488 221.721
28496 220.573
28504 219.425
28512 218.279
28520 217.134
28528 215.991
28536 214.849
28544 213.709
28552 212.571
28560 211.434
28568 210.299
28576 209.165
28584 208.033
28592 206.903
28600 205.775
28608 204.649
28616 203.525
28624 202.402
28632 201.282
28640 200.163
28648 199.047
28656 197.933
28664 196.821
28672 195.711
28680 194.603
28688 193.498
28696 192.395
28704 191.294
28712 190.195
28720 189.099
28728 188.006
28736 186.915
28744 185.826
28752 184.74
28760 183.657
28768 182.576
28776 181.498
28784 180.423
28792 179.35
28800 178.28
28808 177.213
28816 176.149
28824 175.088
28832 174.03
28840 172.975
28848 171.923
28856 170.874
28864 169.828
28872 168.785
28880 167.745
28888 166.709
28896 165.676
28904 164.646
28912 163.62
28920 162.597
28928 161.577
28936 160.561
28944 159.548
28952 158.539
28960 157.534
28968 156.532
28976 155.534
28984 154.539
28992 153.548
29000 152.561
29008 151.578
29016 150.599
29024 149.623
29032 148.652
29040 147.684
29048 146.721
29056 145.761
29064 144.806
29072 143.855
29080 142.908
29088 141.965
29096 141.026
29104 140.092
29112 139.162
29120 138.236
29128 137.315
29136 136.398
29144 135.486
29152 134.578
29160 133.675
29168 132.776
29176 131.882
29184 130.993
29192 130.108
29200 129.228
29208 128.353
29216 127.483
29224 126.617
29232 125.757
29240 124.901
29248 124.051
29256 123.205
29264 122.365
29272 121.529
29280 120.699
29288 119.874
29296 119.054
29304 118.24
29312 117.431
29320 116.627
29328 115.828
29336 115.035
29344 114.247
29352 113.465
29360 112.689
29368 111.917
29376 111.152
29384 110.392
29392 109.638
29400 108.89
29408 108.147
29416 107.41
29424 106.679
29432 105.954
29440 105.235
29448 104.522
29456 103.815
29464 103.113
29472 102.418
29480 101.729
29488 101.045
29496 100.368
29504 99.6962
29512 99.0306
29520 98.3707
29528 97.7168
29536 97.0686
29544 96.4263
29552 95.7898
29560 95.1591
29568 94.5341
29576 93.9149
29584 93.3015
29592 92.6937
29600 92.0917
29608 91.4953
29616 90.9047
29624 90.3196
29632 89.7403
29640 89.1665
29648 88.5984
29656 88.0358
29664 87.4788
29672 86.9274
29680 86.3815
29688 85.8412
29696 85.3063
29704 84.777
29712 84.2531
29720 83.7347
29728 83.2217
29736 82.7142
29744 82.2121
29752 81.7153
29760 81.224
29768 80.738
29776 80.2573
29784 79.782
29792 79.312
29800 78.8473
29808 78.3879
29816 77.9337
29824 77.4848
29832 77.0412
29840 76.6027
29848 76.1694
29856 75.7414
29864 75.3185
29872 74.9007
29880 74.4881
29888 74.0806
29896 73.6782
29904 73.2809
29912 72.8886
29920 72.5014
29928 72.1193
29936 71.7421
29944 71.37
29952 71.0029
29960 70.6407
29968 70.2835
29976 69.9312
29984 69.5838
29992 69.2414
30000 68.9038
30008 68.5712
30016 68.2433
30024 67.9204
30032 67.6022
30040 67.2889
30048 66.9803
30056 66.6765
30064 66.3775
30072 66.0832
30080 65.7937
30088 65.5088
30096 65.2287
30104 64.9532
30112 64.6824
30120 64.4163
30128 64.1547
30136 63.8978
30144 63.6455
30152 63.3978
30160 63.1546
30168 62.916
30176 62.6819
30184 62.4523
30192 62.2272
30200 62.0066
30208 61.7905
30216 61.5788
30224 61.3716
30232 61.1688
30240 60.9703
30248 60.7763
30256 60.5866
30264 60.4013
30272 60.2203
30280 60.0437
30288 59.8713
30296 59.7032
30304 59.5394
30312 59.3799
30320 59.2246
30328 59.0735
30336 58.9266
30344 58.7839
30352 58.6454
30360 58.5111
30368 58.3808
30376 58.2548
30384 58.1328
30392 58.0149
30400 57.9011
30408 57.7913
30416 57.6856
30424 57.5839
30432 57.4862
30440 57.3925
30448 57.3028
30456 57.2171
30464 57.1353
30472 57.0574
30480 56.9834
30488 56.9134
30496 56.8472
30504 56.7849
30512 56.7264
30520 56.6717
30528 56.6209
30536 56.5739
30544 56.5306
30552 56.4911
30560 56.4554
30568 56.4234
30576 56.3951
30584 56.3705
30592 56.3497
30600 56.3324
30608 56.3188
30616 56.3089
30624 56.3026
30632 56.2999
30640 56.3007
30648 56.3052
30656 56.3131
30664 56.3247
30672 56.3397
30680 56.3583
30688 56.3803
30696 56.4058
30704 56.4348
30712 56.4672
30720 56.503
30728 56.5423
30736 56.5849
30744 56.6309
30752 56.6803
30760 56.733
30768 56.789
30776 56.8484
30784 56.911
30792 56.9769
30800 57.0461
30808 57.1185
30816 57.1942
30824 57.273
30832 57.3551
30840 57.4403
30848 57.5287
30856 57.6202
30864 57.7149
30872 57.8127
30880 57.9136
30888 58.0175
30896 58.1246
30904 58.2346
30912 58.3478
30920 58.4639
30928 58.583
30936 58.7051
30944 58.8302
30952 58.9582
30960 59.0892
30968 59.2231
30976 59.3598
30984 59.4995
30992 59.6421
31000 59.7874
31008 59.9357
31016 60.0867
31024 60.2406
31032 60.3972
31040 60.5566
31048 60.7188
31056 60.8837
31064 61.0513
31072 61.2217
31080 61.3947
31088 61.5704
31096 61.7487
31104 61.9297
31112 62.1134
31120 62.2996
31128 62.4884
31136 62.6798
31144 62.8738
31152 63.0703
31160 63.2693
31168 63.4708
31176 63.6749
31184 63.8814
31192 64.0904
31200 64.3018
31208 64.5156
31216 64.7319
31224 64.9506
31232 65.1716
31240 65.395
31248 65.6208
31256 65.8489
31264 66.0793
31272 66.312
31280 66.5469
31288 66.7842
31296 67.0237
31304 67.2654
31312 67.5094
31320 67.7555
31328 68.0038
31336 68.2544
31344 68.507
31352 68.7618
31360 69.0187
31368 69.2777
31376 69.5388
31384 69.802
31392 70.0672
31400 70.3345
31408 70.6038
31416 70.8751
31424 71.1484
31432 71.4236
31440 71.7008
31448 71.98
31456 72.2611
31464 72.5441
31472 72.8289
31480 73.1157
31488 73.4043
31496 73.6947
31504 73.987
31512 74.2811
31520 74.577
31528 74.8747
31536 75.1741
31544 75.4753
31552 75.7782
31560 76.0828
31568 76.3891
31576 76.6971
31584 77.0067
31592 77.318
31600 77.6309
31608 77.9455
31616 78.2616
31624 78.5793
31632 78.8986
31640 79.2194
31648 79.5418
31656 79.8657
31664 80.1911
31672 80.5179
31680 80.8463
31688 81.1761
31696 81.5073
31704 81.8399
31712 82.174
31720 82.5094
31728 82.8462
31736 83.1844
31744 83.5239
31752 83.8647
31760 84.2068
31768 84.5502
31776 84.8949
31784 85.2408
31792 85.588
31800 85.9364
31808 86.286
31816 86.6368
31824 86.9888
31832 87.3419
31840 87.6962
31848 88.0516
31856 88.4081
31864 88.7657
31872 89.1243
31880 89.4841
31888 89.8449
31896 90.2067
31904 90.5695
31912 90.9333
31920 91.2981
31928 91.6639
31936 92.0306
31944 92.3982
31952 92.7667
31960 93.1362
31968 93.5065
31976 93.8777
31984 94.2497
31992 94.6226
32000 94.9963
32008 95.3708
32016 95.746
32024 96.1221
32032 96.4989
32040 96.8764
32048 97.2546
32056 97.6336
32064 98.0132
32072 98.3935
32080 98.7744
32088 99.156
32096 99.5382
32104 99.921
32112 100.304
32120 100.688
32128 101.073
32136 101.458
32144 101.844
32152 102.23
32160 102.616
32168 103.003
32176 103.391
32184 103.779
32192 104.167
32200 104.556
32208 104.945
32216 105.335
32224 105.725
32232 106.115
32240 106.505
32248 106.896
32256 107.288
32264 107.679
32272 108.071
32280 108.463
32288 108.855
32296 109.247
32304 109.64
32312 110.033
32320 110.426
32328 110.819
32336 111.212
32344 111.605
32352 111.999
32360 112.392
32368 112.786
32376 113.18
32384 113.573
32392 113.992
