0 213.059
8 213.353
16 213.646
24 213.94
32 214.234
40 214.528
48 214.821
56 215.115
64 215.408
72 215.702
80 215.995
88 216.289
96 216.582
104 216.875
112 217.168
120 217.461
128 217.754
136 218.047
144 218.34
152 218.632
160 218.925
168 219.217
176 219.509
184 219.801
192 220.093
200 220.384
208 220.676
216 220.967
224 221.258
232 221.549
240 221.84
248 222.131
256 222.421
264 222.711
272 223.001
280 223.291
288 223.58
296 223.869
304 224.158
312 224.447
320 224.735
328 225.024
336 225.312
344 225.599
352 225.886
360 226.173
368 226.46
376 226.746
384 227.032
392 227.318
400 227.604
408 227.889
416 228.173
424 228.458
432 228.742
440 229.025
448 229.308
456 229.591
464 229.874
472 230.156
480 230.438
488 230.719
496 231
504 231.28
512 231.56
520 231.84
528 232.119
536 232.397
544 232.676
552 232.953
560 233.231
568 233.507
576 233.784
584 234.06
592 234.335
600 234.61
608 234.884
616 235.158
624 235.431
632 235.704
640 235.976
648 236.248
656 236.519
664 236.789
672 237.059
680 237.329
688 237.598
696 237.866
704 238.134
712 238.401
720 238.667
728 238.933
736 239.198
744 239.463
752 239.727
760 239.99
768 240.253
776 240.515
784 240.776
792 241.037
800 241.297
808 241.556
816 241.815
824 242.073
832 242.33
840 242.586
848 242.842
856 243.097
864 243.352
872 243.605
880 243.858
888 244.11
896 244.362
904 244.612
912 244.862
920 245.111
928 245.36
936 245.607
944 245.854
952 246.1
960 246.345
968 246.589
976 246.833
984 247.075
992 247.317
1000 247.558
1008 247.798
1016 248.037
1024 248.276
1032 248.513
1040 248.75
1048 248.986
1056 249.22
1064 249.454
1072 249.687
1080 249.92
1088 250.151
1096 250.381
1104 250.61
1112 250.839
1120 251.066
1128 251.293
1136 251.518
1144 251.743
1152 251.967
1160 252.189
1168 252.411
1176 252.631
1184 252.851
1192 253.07
1200 253.287
1208 253.504
1216 253.72
1224 253.934
1232 254.148
1240 254.36
1248 254.571
1256 254.782
1264 254.991
1272 255.199
1280 255.406
1288 255.612
1296 255.817
1304 256.021
1312 256.224
1320 256.425
1328 256.626
1336 256.825
1344 257.023
1352 257.22
1360 257.416
1368 257.611
1376 257.805
1384 257.997
1392 258.188
1400 258.378
1408 258.567
1416 258.755
1424 258.941
1432 259.126
1440 259.31
1448 259.493
1456 259.675
1464 259.855
1472 260.034
1480 260.212
1488 260.388
1496 260.564
1504 260.738
1512 260.911
1520 261.082
1528 261.252
1536 261.421
1544 261.589
1552 261.755
1560 261.92
1568 262.083
1576 262.245
1584 262.406
1592 262.566
1600 262.724
1608 262.881
1616 263.036
1624 263.191
1632 263.343
1640 263.495
1648 263.645
1656 263.793
1664 263.94
1672 264.086
1680 264.23
1688 264.373
1696 264.514
1704 264.654
1712 264.793
1720 264.93
1728 265.066
1736 265.2
1744 265.332
1752 265.463
1760 265.593
1768 265.721
1776 265.848
1784 265.973
1792 266.097
1800 266.219
1808 266.339
1816 266.458
1824 266.576
1832 266.692
1840 266.806
1848 266.919
1856 267.03
1864 267.14
1872 267.248
1880 267.354
1888 267.459
1896 267.563
1904 267.664
1912 267.764
1920 267.863
1928 267.96
1936 268.055
1944 268.148
1952 268.24
1960 268.33
1968 268.419
1976 268.505
1984 268.591
1992 268.674
2000 268.756
2008 268.836
2016 268.914
2024 268.991
2032 269.066
2040 269.139
2048 269.21
2056 269.28
2064 269.348
2072 269.414
2080 269.479
2088 269.541
2096 269.602
2104 269.661
2112 269.719
2120 269.774
2128 269.828
2136 269.88
2144 269.93
2152 269.978
2160 270.024
2168 270.069
2176 270.112
2184 270.153
2192 270.192
2200 270.229
2208 270.264
2216 270.297
2224 270.329
2232 270.358
2240 270.386
2248 270.412
2256 270.436
2264 270.458
2272 270.478
2280 270.496
2288 270.512
2296 270.526
2304 270.539
2312 270.549
2320 270.557
2328 270.564
2336 270.568
2344 270.571
2352 270.571
2360 270.569
2368 270.566
2376 270.56
2384 270.552
2392 270.543
2400 270.531
2408 270.517
2416 270.501
2424 270.484
2432 270.464
2440 270.442
2448 270.418
2456 270.391
2464 270.363
2472 270.333
2480 270.3
2488 270.266
2496 270.229
2504 270.19
2512 270.149
2520 270.106
2528 270.061
2536 270.014
2544 269.964
2552 269.913
2560 269.859
2568 269.803
2576 269.744
2584 269.684
2592 269.621
2600 269.556
2608 269.489
2616 269.42
2624 269.349
2632 269.275
2640 269.199
2648 269.121
2656 269.04
2664 268.958
2672 268.873
2680 268.785
2688 268.696
2696 268.604
2704 268.51
2712 268.413
2720 268.315
2728 268.213
2736 268.11
2744 268.004
2752 267.896
2760 267.786
2768 267.673
2776 267.558
2784 267.441
2792 267.321
2800 267.199
2808 267.074
2816 266.947
2824 266.818
2832 266.686
2840 266.552
2848 266.415
2856 266.276
2864 266.134
2872 265.991
2880 265.844
2888 265.695
2896 265.544
2904 265.39
2912 265.234
2920 265.076
2928 264.914
2936 264.751
2944 264.585
2952 264.416
2960 264.245
2968 264.071
2976 263.895
2984 263.716
2992 263.535
3000 263.351
3008 263.165
3016 262.976
3024 262.784
3032 262.59
3040 262.393
3048 262.194
3056 261.992
3064 261.788
3072 261.581
3080 261.371
3088 261.159
3096 260.944
3104 260.726
3112 260.506
3120 260.283
3128 260.057
3136 259.829
3144 259.598
3152 259.365
3160 259.129
3168 258.89
3176 258.648
3184 258.404
3192 258.157
3200 257.907
3208 257.655
3216 257.399
3224 257.142
3232 256.881
3240 256.617
3248 256.351
3256 256.082
3264 255.811
3272 255.536
3280 255.259
3288 254.979
3296 254.696
3304 254.41
3312 254.122
3320 253.83
3328 253.536
3336 253.239
3344 252.94
3352 252.637
3360 252.331
3368 252.023
3376 251.712
3384 251.398
3392 251.081
3400 250.761
3408 250.438
3416 250.112
3424 249.784
3432 249.452
3440 249.118
3448 248.78
3456 248.44
3464 248.097
3472 247.751
3480 247.402
3488 247.05
3496 246.694
3504 246.336
3512 245.975
3520 245.611
3528 245.244
3536 244.874
3544 244.501
3552 244.125
3560 243.746
3568 243.365
3576 242.98
3584 242.592
3592 242.201
3600 241.808
3608 241.411
3616 241.012
3624 240.61
3632 240.205
3640 239.797
3648 239.386
3656 238.973
3664 238.557
3672 238.138
3680 237.717
3688 237.293
3696 236.866
3704 236.436
3712 236.004
3720 235.569
3728 235.131
3736 234.691
3744 234.248
3752 233.803
3760 233.355
3768 232.905
3776 232.452
3784 231.997
3792 231.539
3800 231.078
3808 230.616
3816 230.15
3824 229.683
3832 229.213
3840 228.74
3848 228.265
3856 227.788
3864 227.308
3872 226.827
3880 226.342
3888 225.856
3896 225.367
3904 224.876
3912 224.383
3920 223.887
3928 223.39
3936 222.89
3944 222.388
3952 221.884
3960 221.377
3968 220.869
3976 220.358
3984 219.846
3992 219.331
4000 218.814
4008 218.295
4016 217.774
4024 217.251
4032 216.727
4040 216.2
4048 215.671
4056 215.14
4064 214.607
4072 214.073
4080 213.536
4088 212.998
4096 212.458
4104 211.916
4112 211.372
4120 210.826
4128 210.279
4136 209.73
4144 209.178
4152 208.626
4160 208.071
4168 207.515
4176 206.957
4184 206.398
4192 205.836
4200 205.273
4208 204.709
4216 204.143
4224 203.575
4232 203.006
4240 202.435
4248 201.863
4256 201.289
4264 200.713
4272 200.136
4280 199.558
4288 198.978
4296 198.397
4304 197.814
4312 197.23
4320 196.644
4328 196.057
4336 195.469
4344 194.88
4352 194.289
4360 193.696
4368 193.103
4376 192.508
4384 191.912
4392 191.314
4400 190.716
4408 190.116
4416 189.515
4424 188.913
4432 188.31
4440 187.705
4448 187.099
4456 186.493
4464 185.885
4472 185.276
4480 184.666
4488 184.055
4496 183.443
4504 182.83
4512 182.216
4520 181.601
4528 180.985
4536 180.368
4544 179.75
4552 179.131
4560 178.512
4568 177.891
4576 177.27
4584 176.647
4592 176.024
4600 175.4
4608 174.776
4616 174.15
4624 173.524
4632 172.897
4640 172.269
4648 171.641
4656 171.011
4664 170.382
4672 169.751
4680 169.12
4688 168.488
4696 167.856
4704 167.223
4712 166.589
4720 165.955
4728 165.32
4736 164.685
4744 164.049
4752 163.413
4760 162.776
4768 162.139
4776 161.501
4784 160.863
4792 160.225
4800 159.586
4808 158.946
4816 158.307
4824 157.667
4832 157.026
4840 156.386
4848 155.745
4856 155.104
4864 154.462
4872 153.82
4880 153.178
4888 152.536
4896 151.894
4904 151.251
4912 150.608
4920 149.965
4928 149.322
4936 148.679
4944 148.036
4952 147.392
4960 146.749
4968 146.106
4976 145.462
4984 144.818
4992 144.175
5000 143.531
5008 142.888
5016 142.244
5024 141.601
5032 140.958
5040 140.315
5048 139.671
5056 139.028
5064 138.386
5072 137.743
5080 137.101
5088 136.458
5096 135.816
5104 135.174
5112 134.533
5120 133.891
5128 133.25
5136 132.61
5144 131.969
5152 131.329
5160 130.689
5168 130.05
5176 129.411
5184 128.772
5192 128.134
5200 127.496
5208 126.859
5216 126.222
5224 125.586
5232 124.95
5240 124.314
5248 123.679
5256 123.045
5264 122.411
5272 121.778
5280 121.146
5288 120.514
5296 119.882
5304 119.252
5312 118.622
5320 117.992
5328 117.363
5336 116.736
5344 116.108
5352 115.482
5360 114.856
5368 114.231
5376 113.607
5384 112.984
5392 112.361
5400 111.739
5408 111.119
5416 110.499
5424 109.88
5432 109.261
5440 108.644
5448 108.028
5456 107.413
5464 106.798
5472 106.185
5480 105.573
5488 104.961
5496 104.351
5504 103.742
5512 103.134
5520 102.527
5528 101.921
5536 101.316
5544 100.712
5552 100.11
5560 99.5084
5568 98.9083
5576 98.3093
5584 97.7116
5592 97.1151
5600 96.5199
5608 95.926
5616 95.3334
5624 94.742
5632 94.152
5640 93.5633
5648 92.976
5656 92.3901
5664 91.8055
5672 91.2224
5680 90.6406
5688 90.0604
5696 89.4815
5704 88.9042
5712 88.3283
5720 87.754
5728 87.1811
5736 86.6098
5744 86.0401
5752 85.4719
5760 84.9054
5768 84.3404
5776 83.777
5784 83.2153
5792 82.6553
5800 82.0969
5808 81.5402
5816 80.9852
5824 80.432
5832 79.8804
5840 79.3307
5848 78.7827
5856 78.2365
5864 77.6921
5872 77.1495
5880 76.6087
5888 76.0698
5896 75.5328
5904 74.9977
5912 74.4645
5920 73.9332
5928 73.4038
5936 72.8764
5944 72.3509
5952 71.8275
5960 71.306
5968 70.7866
5976 70.2692
5984 69.7538
5992 69.2406
6000 68.7294
6008 68.2203
6016 67.7134
6024 67.2085
6032 66.7059
6040 66.2054
6048 65.707
6056 65.2109
6064 64.717
6072 64.2254
6080 63.736
6088 63.2488
6096 62.764
6104 62.2814
6112 61.8012
6120 61.3233
6128 60.8478
6136 60.3746
6144 59.9038
6152 59.4354
6160 58.9694
6168 58.5059
6176 58.0448
6184 57.5862
6192 57.1301
6200 56.6765
6208 56.2254
6216 55.7768
6224 55.3308
6232 54.8873
6240 54.4464
6248 54.0082
6256 53.5725
6264 53.1395
6272 52.7091
6280 52.2814
6288 51.8564
6296 51.4341
6304 51.0145
6312 50.5976
6320 50.1835
6328 49.7721
6336 49.3636
6344 48.9578
6352 48.5548
6360 48.1547
6368 47.7575
6376 47.3631
6384 46.9715
6392 46.5829
6400 46.1972
6408 45.8144
6416 45.4346
6424 45.0577
6432 44.6839
6440 44.313
6448 43.9451
6456 43.5803
6464 43.2185
6472 42.8598
6480 42.5042
6488 42.1516
6496 41.8022
6504 41.4559
6512 41.1128
6520 40.7728
6528 40.436
6536 40.1024
6544 39.772
6552 39.4448
6560 39.1209
6568 38.8003
6576 38.4829
6584 38.1688
6592 37.8581
6600 37.5507
6608 37.2466
6616 36.9459
6624 36.6485
6632 36.3546
6640 36.0641
6648 35.777
6656 35.4933
6664 35.2132
6672 34.9365
6680 34.6632
6688 34.3936
6696 34.1274
6704 33.8648
6712 33.6057
6720 33.3502
6728 33.0983
6736 32.8501
6744 32.6054
6752 32.3644
6760 32.1271
6768 31.8934
6776 31.6635
6784 31.4372
6792 31.2147
6800 30.9959
6808 30.7809
6816 30.5697
6824 30.3622
6832 30.1586
6840 29.9588
6848 29.7628
6856 29.5707
6864 29.3825
6872 29.1982
6880 29.0178
6888 28.8413
6896 28.6687
6904 28.5002
6912 28.3356
6920 28.1749
6928 28.0183
6936 27.8658
6944 27.7172
6952 27.5727
6960 27.4323
6968 27.296
6976 27.1638
6984 27.0358
6992 26.9118
7000 26.7921
7008 26.6765
7016 26.5651
7024 26.4579
7032 26.3549
7040 26.2562
7048 26.1618
7056 26.0716
7064 25.9857
7072 25.9041
7080 25.8268
7088 25.7538
7096 25.6851
7104 25.6206
7112 25.5604
7120 25.5045
7128 25.4527
7136 25.4052
7144 25.3618
7152 25.3226
7160 25.2876
7168 25.2567
7176 25.2299
7184 25.2072
7192 25.1887
7200 25.1742
7208 25.1638
7216 25.1574
7224 25.1551
7232 25.1568
7240 25.1625
7248 25.1722
7256 25.1859
7264 25.2035
7272 25.2251
7280 25.2506
7288 25.28
7296 25.3133
7304 25.3505
7312 25.3916
7320 25.4366
7328 25.4853
7336 25.5379
7344 25.5944
7352 25.6546
7360 25.7186
7368 25.7863
7376 25.8578
7384 25.9331
7392 26.012
7400 26.0947
7408 26.1811
7416 26.2711
7424 26.3648
7432 26.4621
7440 26.5631
7448 26.6677
7456 26.7759
7464 26.8876
7472 27.003
7480 27.1219
7488 27.2443
7496 27.3703
7504 27.4997
7512 27.6327
7520 27.7691
7528 27.909
7536 28.0524
7544 28.1992
7552 28.3494
7560 28.503
7568 28.66
7576 28.8204
7584 28.9841
7592 29.1512
7600 29.3216
7608 29.4953
7616 29.6724
7624 29.8527
7632 30.0363
7640 30.2231
7648 30.4132
7656 30.6065
7664 30.803
7672 31.0027
7680 31.2055
7688 31.4116
7696 31.6208
7704 31.8331
7712 32.0485
7720 32.2671
7728 32.4887
7736 32.7134
7744 32.9412
7752 33.172
7760 33.4058
7768 33.6427
7776 33.8825
7784 34.1253
7792 34.3711
7800 34.6199
7808 34.8716
7816 35.1262
7824 35.3837
7832 35.6441
7840 35.9074
7848 36.1736
7856 36.4426
7864 36.7144
7872 36.9891
7880 37.2665
7888 37.5468
7896 37.8298
7904 38.1156
7912 38.4041
7920 38.6953
7928 38.9893
7936 39.2859
7944 39.5853
7952 39.8873
7960 40.1919
7968 40.4992
7976 40.8091
7984 41.1216
7992 41.4367
8000 41.7544
8008 42.0747
8016 42.3975
8024 42.7228
8032 43.0507
8040 43.381
8048 43.7138
8056 44.0491
8064 44.3869
8072 44.7271
8080 45.0697
8088 45.4148
8096 45.7622
8104 46.112
8112 46.4642
8120 46.8188
8128 47.1756
8136 47.5348
8144 47.8963
8152 48.2601
8160 48.6262
8168 48.9945
8176 49.3651
8184 49.7379
8192 50.1129
8200 50.4901
8208 50.8695
8216 51.2511
8224 51.6348
8232 52.0207
8240 52.4087
8248 52.7988
8256 53.191
8264 53.5853
8272 53.9817
8280 54.3801
8288 54.7805
8296 55.183
8304 55.5874
8312 55.9939
8320 56.4023
8328 56.8127
8336 57.225
8344 57.6393
8352 58.0555
8360 58.4735
8368 58.8935
8376 59.3153
8384 59.739
8392 60.1645
8400 60.5919
8408 61.0211
8416 61.452
8424 61.8847
8432 62.3192
8440 62.7555
8448 63.1935
8456 63.6332
8464 64.0746
8472 64.5177
8480 64.9624
8488 65.4089
8496 65.857
8504 66.3067
8512 66.758
8520 67.2109
8528 67.6654
8536 68.1214
8544 68.5791
8552 69.0382
8560 69.4989
8568 69.9611
8576 70.4248
8584 70.89
8592 71.3566
8600 71.8247
8608 72.2942
8616 72.7651
8624 73.2374
8632 73.7111
8640 74.1862
8648 74.6627
8656 75.1405
8664 75.6196
8672 76.1
8680 76.5818
8688 77.0648
8696 77.5491
8704 78.0346
8712 78.5214
8720 79.0094
8728 79.4986
8736 79.989
8744 80.4806
8752 80.9733
8760 81.4672
8768 81.9622
8776 82.4583
8784 82.9556
8792 83.4539
8800 83.9533
8808 84.4538
8816 84.9553
8824 85.4578
8832 85.9613
8840 86.4659
8848 86.9714
8856 87.4779
8864 87.9853
8872 88.4937
8880 89.003
8888 89.5132
8896 90.0242
8904 90.5362
8912 91.049
8920 91.5627
8928 92.0772
8936 92.5926
8944 93.1087
8952 93.6256
8960 94.1433
8968 94.6617
8976 95.1809
8984 95.7008
8992 96.2214
9000 96.7428
9008 97.2648
9016 97.7874
9024 98.3107
9032 98.8347
9040 99.3593
9048 99.8844
9056 100.41
9064 100.937
9072 101.463
9080 101.991
9088 102.519
9096 103.047
9104 103.576
9112 104.106
9120 104.636
9128 105.166
9136 105.697
9144 106.228
9152 106.76
9160 107.292
9168 107.825
9176 108.357
9184 108.891
9192 109.424
9200 109.958
9208 110.492
9216 111.026
9224 111.561
9232 112.096
9240 112.631
9248 113.167
9256 113.702
9264 114.238
9272 114.774
9280 115.311
9288 115.847
9296 116.383
9304 116.92
9312 117.457
9320 117.994
9328 118.53
9336 119.067
9344 119.604
9352 120.142
9360 120.679
9368 121.216
9376 121.753
9384 122.29
9392 122.827
9400 123.364
9408 123.901
9416 124.437
9424 124.974
9432 125.511
9440 126.047
9448 126.583
9456 127.119
9464 127.655
9472 128.191
9480 128.727
9488 129.262
9496 129.797
9504 130.332
9512 130.867
9520 131.401
9528 131.935
9536 132.469
9544 133.002
9552 133.535
9560 134.068
9568 134.6
9576 135.132
9584 135.663
9592 136.194
9600 136.725
9608 137.255
9616 137.785
9624 138.314
9632 138.843
9640 139.371
9648 139.899
9656 140.426
9664 140.953
9672 141.479
9680 142.004
9688 142.529
9696 143.054
9704 143.577
9712 144.1
9720 144.623
9728 145.144
9736 145.665
9744 146.186
9752 146.705
9760 147.224
9768 147.742
9776 148.26
9784 148.776
9792 149.292
9800 149.807
9808 150.321
9816 150.834
9824 151.347
9832 151.858
9840 152.369
9848 152.879
9856 153.388
9864 153.895
9872 154.402
9880 154.909
9888 155.414
9896 155.918
9904 156.421
9912 156.923
9920 157.424
9928 157.924
9936 158.423
9944 158.921
9952 159.417
9960 159.913
9968 160.407
9976 160.901
9984 161.393
9992 161.884
10000 162.374
10008 162.863
10016 163.35
10024 163.836
10032 164.321
10040 164.805
10048 165.287
10056 165.768
10064 166.248
10072 166.727
10080 167.204
10088 167.68
10096 168.154
10104 168.627
10112 169.099
10120 169.569
10128 170.038
10136 170.506
10144 170.972
10152 171.436
10160 171.899
10168 172.361
10176 172.821
10184 173.279
10192 173.736
10200 174.191
10208 174.645
10216 175.097
10224 175.548
10232 175.997
10240 176.444
10248 176.89
10256 177.334
10264 177.776
10272 178.217
10280 178.656
10288 179.093
10296 179.528
10304 179.962
10312 180.394
10320 180.824
10328 181.252
10336 181.679
10344 182.104
10352 182.526
10360 182.947
10368 183.366
10376 183.784
10384 184.199
10392 184.612
10400 185.024
10408 185.433
10416 185.841
10424 186.246
10432 186.65
10440 187.051
10448 187.451
10456 187.848
10464 188.244
10472 188.637
10480 189.028
10488 189.418
10496 189.805
10504 190.189
10512 190.572
10520 190.953
10528 191.331
10536 191.707
10544 192.081
10552 192.453
10560 192.823
10568 193.19
10576 193.555
10584 193.918
10592 194.278
10600 194.636
10608 194.992
10616 195.346
10624 195.697
10632 196.046
10640 196.392
10648 196.736
10656 197.078
10664 197.418
10672 197.755
10680 198.09
10688 198.423
10696 198.754
10704 199.082
10712 199.408
10720 199.731
10728 200.053
10736 200.372
10744 200.689
10752 201.003
10760 201.316
10768 201.626
10776 201.934
10784 202.239
10792 202.543
10800 202.844
10808 203.143
10816 203.44
10824 203.734
10832 204.027
10840 204.317
10848 204.605
10856 204.891
10864 205.174
10872 205.456
10880 205.735
10888 206.012
10896 206.287
10904 206.56
10912 206.831
10920 207.099
10928 207.365
10936 207.629
10944 207.891
10952 208.151
10960 208.409
10968 208.665
10976 208.918
10984 209.17
10992 209.419
11000 209.666
11008 209.911
11016 210.154
11024 210.395
11032 210.634
11040 210.87
11048 211.105
11056 211.338
11064 211.568
11072 211.796
11080 212.023
11088 212.247
11096 212.469
11104 212.689
11112 212.907
11120 213.124
11128 213.338
11136 213.55
11144 213.76
11152 213.968
11160 214.174
11168 214.377
11176 214.579
11184 214.779
11192 214.977
11200 215.173
11208 215.367
11216 215.559
11224 215.749
11232 215.937
11240 216.123
11248 216.307
11256 216.489
11264 216.669
11272 216.848
11280 217.024
11288 217.198
11296 217.371
11304 217.541
11312 217.709
11320 217.876
11328 218.041
11336 218.203
11344 218.364
11352 218.523
11360 218.68
11368 218.835
11376 218.988
11384 219.14
11392 219.289
11400 219.437
11408 219.582
11416 219.726
11424 219.868
11432 220.008
11440 220.146
11448 220.283
11456 220.417
11464 220.55
11472 220.681
11480 220.81
11488 220.937
11496 221.062
11504 221.186
11512 221.308
11520 221.427
11528 221.546
11536 221.662
11544 221.776
11552 221.889
11560 222
11568 222.109
11576 222.216
11584 222.322
11592 222.426
11600 222.528
11608 222.628
11616 222.726
11624 222.823
11632 222.918
11640 223.011
11648 223.103
11656 223.193
11664 223.281
11672 223.367
11680 223.452
11688 223.534
11696 223.616
11704 223.695
11712 223.773
11720 223.849
11728 223.923
11736 223.996
11744 224.067
11752 224.136
11760 224.204
11768 224.27
11776 224.334
11784 224.397
11792 224.458
11800 224.517
11808 224.575
11816 224.631
11824 224.685
11832 224.738
11840 224.789
11848 224.838
11856 224.886
11864 224.932
11872 224.977
11880 225.02
11888 225.062
11896 225.101
11904 225.14
11912 225.176
11920 225.211
11928 225.245
11936 225.277
11944 225.307
11952 225.336
11960 225.363
11968 225.389
11976 225.413
11984 225.435
11992 225.456
12000 225.476
12008 225.494
12016 225.51
12024 225.525
12032 225.538
12040 225.55
12048 225.56
12056 225.569
12064 225.576
12072 225.582
12080 225.587
12088 225.589
12096 225.591
12104 225.591
12112 225.589
12120 225.586
12128 225.581
12136 225.575
12144 225.568
12152 225.559
12160 225.548
12168 225.537
12176 225.523
12184 225.509
12192 225.492
12200 225.475
12208 225.456
12216 225.436
12224 225.414
12232 225.39
12240 225.366
12248 225.34
12256 225.312
12264 225.284
12272 225.253
12280 225.222
12288 225.189
12296 225.155
12304 225.119
12312 225.082
12320 225.043
12328 225.004
12336 224.963
12344 224.92
12352 224.876
12360 224.831
12368 224.785
12376 224.737
12384 224.688
12392 224.637
12400 224.586
12408 224.533
12416 224.478
12424 224.423
12432 224.366
12440 224.307
12448 224.248
12456 224.187
12464 224.125
12472 224.062
12480 223.997
12488 223.931
12496 223.864
12504 223.796
12512 223.726
12520 223.655
12528 223.583
12536 223.51
12544 223.435
12552 223.359
12560 223.282
12568 223.204
12576 223.125
12584 223.044
12592 222.962
12600 222.879
12608 222.795
12616 222.709
12624 222.623
12632 222.535
12640 222.446
12648 222.356
12656 222.264
12664 222.172
12672 222.078
12680 221.983
12688 221.888
12696 221.79
12704 221.692
12712 221.593
12720 221.492
12728 221.391
12736 221.288
12744 221.184
12752 221.079
12760 220.973
12768 220.866
12776 220.758
12784 220.648
12792 220.538
12800 220.426
12808 220.313
12816 220.2
12824 220.085
12832 219.969
12840 219.852
12848 219.734
12856 219.615
12864 219.495
12872 219.374
12880 219.252
12888 219.129
12896 219.004
12904 218.879
12912 218.753
12920 218.626
12928 218.497
12936 218.368
12944 218.238
12952 218.106
12960 217.974
12968 217.841
12976 217.707
12984 217.571
12992 217.435
13000 217.298
13008 217.16
13016 217.021
13024 216.88
13032 216.739
13040 216.597
13048 216.454
13056 216.311
13064 216.166
13072 216.02
13080 215.873
13088 215.726
13096 215.577
13104 215.428
13112 215.277
13120 215.126
13128 214.974
13136 214.821
13144 214.667
13152 214.512
13160 214.357
13168 214.2
13176 214.043
13184 213.884
13192 213.725
13200 213.565
13208 213.404
13216 213.243
13224 213.08
13232 212.917
13240 212.753
13248 212.587
13256 212.422
13264 212.255
13272 212.087
13280 211.919
13288 211.75
13296 211.58
13304 211.409
13312 211.238
13320 211.065
13328 210.892
13336 210.718
13344 210.544
13352 210.368
13360 210.192
13368 210.015
13376 209.837
13384 209.659
13392 209.479
13400 209.3
13408 209.119
13416 208.937
13424 208.755
13432 208.572
13440 208.389
13448 208.204
13456 208.019
13464 207.833
13472 207.647
13480 207.46
13488 207.272
13496 207.083
13504 206.894
13512 206.704
13520 206.514
13528 206.322
13536 206.13
13544 205.938
13552 205.745
13560 205.551
13568 205.356
13576 205.161
13584 204.965
13592 204.769
13600 204.572
13608 204.374
13616 204.176
13624 203.977
13632 203.777
13640 203.577
13648 203.376
13656 203.175
13664 202.973
13672 202.77
13680 202.567
13688 202.363
13696 202.159
13704 201.954
13712 201.749
13720 201.543
13728 201.336
13736 201.129
13744 200.921
13752 200.713
13760 200.504
13768 200.295
13776 200.085
13784 199.875
13792 199.664
13800 199.453
13808 199.241
13816 199.028
13824 198.815
13832 198.602
13840 198.388
13848 198.174
13856 197.959
13864 197.743
13872 197.528
13880 197.311
13888 197.095
13896 196.877
13904 196.66
13912 196.442
13920 196.223
13928 196.004
13936 195.784
13944 195.565
13952 195.344
13960 195.123
13968 194.902
13976 194.681
13984 194.459
13992 194.236
14000 194.013
14008 193.79
14016 193.567
14024 193.343
14032 193.118
14040 192.893
14048 192.668
14056 192.443
14064 192.217
14072 191.991
14080 191.764
14088 191.537
14096 191.31
14104 191.082
14112 190.854
14120 190.626
14128 190.397
14136 190.168
14144 189.939
14152 189.709
14160 189.479
14168 189.249
14176 189.019
14184 188.788
14192 188.557
14200 188.325
14208 188.094
14216 187.862
14224 187.63
14232 187.397
14240 187.165
14248 186.932
14256 186.699
14264 186.466
14272 186.232
14280 185.998
14288 185.765
14296 185.53
14304 185.296
14312 185.062
14320 184.827
14328 184.592
14336 184.357
14344 184.122
14352 183.887
14360 183.652
14368 183.416
14376 183.18
14384 182.945
14392 182.709
14400 182.473
14408 182.237
14416 182.001
14424 181.764
14432 181.528
14440 181.292
14448 181.055
14456 180.819
14464 180.582
14472 180.345
14480 180.109
14488 179.872
14496 179.635
14504 179.399
14512 179.162
14520 178.925
14528 178.689
14536 178.452
14544 178.215
14552 177.979
14560 177.742
14568 177.505
14576 177.269
14584 177.032
14592 176.796
14600 176.56
14608 176.323
14616 176.087
14624 175.851
14632 175.615
14640 175.379
14648 175.143
14656 174.908
14664 174.672
14672 174.437
14680 174.201
14688 173.966
14696 173.731
14704 173.496
14712 173.261
14720 173.027
14728 172.793
14736 172.558
14744 172.324
14752 172.091
14760 171.857
14768 171.624
14776 171.39
14784 171.157
14792 170.925
14800 170.692
14808 170.46
14816 170.228
14824 169.996
14832 169.765
14840 169.534
14848 169.303
14856 169.072
14864 168.842
14872 168.612
14880 168.382
14888 168.152
14896 167.923
14904 167.694
14912 167.466
14920 167.238
14928 167.01
14936 166.783
14944 166.556
14952 166.329
14960 166.103
14968 165.877
14976 165.651
14984 165.426
14992 165.201
15000 164.977
15008 164.753
15016 164.529
15024 164.306
15032 164.083
15040 163.861
15048 163.639
15056 163.418
15064 163.197
15072 162.977
15080 162.757
15088 162.537
15096 162.318
15104 162.1
15112 161.882
15120 161.664
15128 161.447
15136 161.231
15144 161.015
15152 160.8
15160 160.585
15168 160.371
15176 160.157
15184 159.944
15192 159.731
15200 159.519
15208 159.308
15216 159.097
15224 158.887
15232 158.677
15240 158.468
15248 158.26
15256 158.052
15264 157.845
15272 157.638
15280 157.432
15288 157.227
15296 157.022
15304 156.818
15312 156.615
15320 156.413
15328 156.211
15336 156.01
15344 155.809
15352 155.609
15360 155.41
15368 155.212
15376 155.014
15384 154.817
15392 154.621
15400 154.426
15408 154.231
15416 154.037
15424 153.844
15432 153.652
15440 153.46
15448 153.269
15456 153.079
15464 152.89
15472 152.702
15480 152.514
15488 152.327
15496 152.142
15504 151.956
15512 151.772
15520 151.589
15528 151.406
15536 151.225
15544 151.044
15552 150.864
15560 150.685
15568 150.506
15576 150.329
15584 150.153
15592 149.977
15600 149.803
15608 149.629
15616 149.456
15624 149.285
15632 149.114
15640 148.944
15648 148.775
15656 148.607
15664 148.44
15672 148.274
15680 148.109
15688 147.945
15696 147.782
15704 147.62
15712 147.459
15720 147.299
15728 147.14
15736 146.982
15744 146.825
15752 146.669
15760 146.514
15768 146.361
15776 146.208
15784 146.056
15792 145.906
15800 145.756
15808 145.608
15816 145.461
15824 145.314
15832 145.169
15840 145.025
15848 144.883
15856 144.741
15864 144.6
15872 144.461
15880 144.323
15888 144.186
15896 144.05
15904 143.915
15912 143.781
15920 143.649
15928 143.518
15936 143.388
15944 143.259
15952 143.132
15960 143.005
15968 142.88
15976 142.756
15984 142.634
15992 142.512
16000 142.392
16008 142.273
16016 142.156
16024 142.039
16032 141.924
16040 141.811
16048 141.698
16056 141.587
16064 141.477
16072 141.369
16080 141.262
16088 141.156
16096 141.051
16104 140.948
16112 140.846
16120 140.746
16128 140.646
16136 140.549
16144 140.452
16152 140.357
16160 140.264
16168 140.172
16176 140.081
16184 139.991
16192 139.903
16200 139.817
16208 139.732
16216 139.648
16224 139.566
16232 139.485
16240 139.406
16248 139.328
16256 139.252
16264 139.177
16272 139.103
16280 139.031
16288 138.961
16296 138.892
16304 138.825
16312 138.759
16320 138.695
16328 138.632
16336 138.57
16344 138.511
16352 138.453
16360 138.396
16368 138.341
16376 138.287
16384 138.236
16392 138.185
16400 138.137
16408 138.089
16416 138.044
16424 138
16432 137.958
16440 137.917
16448 137.878
16456 137.841
16464 137.805
16472 137.771
16480 137.739
16488 137.708
16496 137.679
16504 137.652
16512 137.626
16520 137.602
16528 137.58
16536 137.559
16544 137.54
16552 137.523
16560 137.508
16568 137.494
16576 137.482
16584 137.472
16592 137.464
16600 137.457
16608 137.452
16616 137.449
16624 137.448
16632 137.449
16640 137.451
16648 137.455
16656 137.461
16664 137.469
16672 137.478
16680 137.49
16688 137.503
16696 137.518
16704 137.535
16712 137.554
16720 137.574
16728 137.597
16736 137.621
16744 137.648
16752 137.676
16760 137.706
16768 137.738
16776 137.772
16784 137.808
16792 137.845
16800 137.885
16808 137.927
16816 137.97
16824 138.016
16832 138.063
16840 138.113
16848 138.164
16856 138.218
16864 138.273
16872 138.331
16880 138.39
16888 138.451
16896 138.515
16904 138.58
16912 138.648
16920 138.717
16928 138.789
16936 138.863
16944 138.938
16952 139.016
16960 139.096
16968 139.178
16976 139.262
16984 139.348
16992 139.436
17000 139.526
17008 139.619
17016 139.713
17024 139.81
17032 139.908
17040 140.009
17048 140.112
17056 140.218
17064 140.325
17072 140.434
17080 140.546
17088 140.66
17096 140.776
17104 140.894
17112 141.015
17120 141.137
17128 141.262
17136 141.389
17144 141.519
17152 141.65
17160 141.784
17168 141.92
17176 142.058
17184 142.199
17192 142.342
17200 142.487
17208 142.634
17216 142.784
17224 142.936
17232 143.09
17240 143.247
17248 143.405
17256 143.567
17264 143.73
17272 143.896
17280 144.064
17288 144.235
17296 144.408
17304 144.583
17312 144.761
17320 144.941
17328 145.123
17336 145.308
17344 145.495
17352 145.685
17360 145.877
17368 146.071
17376 146.268
17384 146.467
17392 146.669
17400 146.873
17408 147.08
17416 147.289
17424 147.5
17432 147.714
17440 147.931
17448 148.15
17456 148.371
17464 148.595
17472 148.821
17480 149.05
17488 149.282
17496 149.516
17504 149.752
17512 149.992
17520 150.233
17528 150.477
17536 150.724
17544 150.973
17552 151.225
17560 151.48
17568 151.737
17576 151.996
17584 152.259
17592 152.523
17600 152.791
17608 153.061
17616 153.334
17624 153.609
17632 153.887
17640 154.168
17648 154.451
17656 154.737
17664 155.026
17672 155.317
17680 155.611
17688 155.907
17696 156.207
17704 156.509
17712 156.813
17720 157.12
17728 157.43
17736 157.742
17744 158.057
17752 158.374
17760 158.694
17768 159.016
17776 159.341
17784 159.669
17792 159.998
17800 160.331
17808 160.665
17816 161.002
17824 161.342
17832 161.684
17840 162.028
17848 162.374
17856 162.723
17864 163.075
17872 163.428
17880 163.784
17888 164.142
17896 164.502
17904 164.865
17912 165.23
17920 165.597
17928 165.966
17936 166.338
17944 166.711
17952 167.087
17960 167.465
17968 167.845
17976 168.227
17984 168.611
17992 168.998
18000 169.386
18008 169.777
18016 170.169
18024 170.564
18032 170.96
18040 171.358
18048 171.759
18056 172.161
18064 172.566
18072 172.972
18080 173.38
18088 173.79
18096 174.202
18104 174.616
18112 175.032
18120 175.449
18128 175.869
18136 176.29
18144 176.713
18152 177.138
18160 177.564
18168 177.992
18176 178.422
18184 178.854
18192 179.287
18200 179.722
18208 180.159
18216 180.597
18224 181.037
18232 181.479
18240 181.922
18248 182.367
18256 182.814
18264 183.262
18272 183.711
18280 184.162
18288 184.615
18296 185.069
18304 185.524
18312 185.981
18320 186.44
18328 186.9
18336 187.361
18344 187.824
18352 188.288
18360 188.754
18368 189.221
18376 189.689
18384 190.158
18392 190.629
18400 191.102
18408 191.575
18416 192.05
18424 192.526
18432 193.003
18440 193.482
18448 193.961
18456 194.442
18464 194.924
18472 195.408
18480 195.892
18488 196.378
18496 196.864
18504 197.352
18512 197.841
18520 198.331
18528 198.822
18536 199.314
18544 199.807
18552 200.301
18560 200.796
18568 201.292
18576 201.789
18584 202.287
18592 202.786
18600 203.286
18608 203.787
18616 204.289
18624 204.791
18632 205.295
18640 205.799
18648 206.304
18656 206.81
18664 207.317
18672 207.824
18680 208.332
18688 208.841
18696 209.351
18704 209.862
18712 210.373
18720 210.885
18728 211.397
18736 211.911
18744 212.424
18752 212.939
18760 213.454
18768 213.97
18776 214.486
18784 215.003
18792 215.521
18800 216.039
18808 216.557
18816 217.076
18824 217.596
18832 218.116
18840 218.636
18848 219.157
18856 219.679
18864 220.2
18872 220.723
18880 221.245
18888 221.768
18896 222.292
18904 222.815
18912 223.339
18920 223.864
18928 224.388
18936 224.913
18944 225.439
18952 225.964
18960 226.49
18968 227.016
18976 227.542
18984 228.068
18992 228.595
19000 229.121
19008 229.648
19016 230.175
19024 230.702
19032 231.229
19040 231.756
19048 232.284
19056 232.811
19064 233.339
19072 233.866
19080 234.393
19088 234.921
19096 235.448
19104 235.976
19112 236.503
19120 237.03
19128 237.558
19136 238.085
19144 238.612
19152 239.139
19160 239.665
19168 240.192
19176 240.718
19184 241.245
19192 241.771
19200 242.296
19208 242.822
19216 243.347
19224 243.872
19232 244.397
19240 244.922
19248 245.446
19256 245.97
19264 246.493
19272 247.016
19280 247.539
19288 248.062
19296 248.584
19304 249.105
19312 249.626
19320 250.147
19328 250.667
19336 251.187
19344 251.706
19352 252.225
19360 252.744
19368 253.261
19376 253.778
19384 254.295
19392 254.811
19400 255.327
19408 255.841
19416 256.356
19424 256.869
19432 257.382
19440 257.894
19448 258.406
19456 258.917
19464 259.427
19472 259.936
19480 260.445
19488 260.953
19496 261.46
19504 261.966
19512 262.472
19520 262.976
19528 263.48
19536 263.983
19544 264.485
19552 264.986
19560 265.487
19568 265.986
19576 266.484
19584 266.982
19592 267.478
19600 267.974
19608 268.469
19616 268.962
19624 269.455
19632 269.946
19640 270.437
19648 270.926
19656 271.414
19664 271.902
19672 272.388
19680 272.873
19688 273.357
19696 273.839
19704 274.321
19712 274.801
19720 275.28
19728 275.758
19736 276.235
19744 276.71
19752 277.184
19760 277.657
19768 278.128
19776 278.599
19784 279.068
19792 279.535
19800 280.001
19808 280.466
19816 280.93
19824 281.392
19832 281.852
19840 282.311
19848 282.769
19856 283.225
19864 283.68
19872 284.133
19880 284.585
19888 285.036
19896 285.484
19904 285.931
19912 286.377
19920 286.821
19928 287.263
19936 287.704
19944 288.143
19952 288.581
19960 289.017
19968 289.451
19976 289.883
19984 290.314
19992 290.743
20000 291.171
20008 291.596
20016 292.02
20024 292.442
20032 292.862
20040 293.281
20048 293.697
20056 294.112
20064 294.525
20072 294.936
20080 295.345
20088 295.752
20096 296.157
20104 296.561
20112 296.962
20120 297.362
20128 297.759
20136 298.155
20144 298.548
20152 298.939
20160 299.329
20168 299.716
20176 300.101
20184 300.484
20192 300.866
20200 301.244
20208 301.621
20216 301.996
20224 302.368
20232 302.739
20240 303.107
20248 303.473
20256 303.836
20264 304.198
20272 304.557
20280 304.914
20288 305.269
20296 305.621
20304 305.971
20312 306.319
20320 306.664
20328 307.007
20336 307.348
20344 307.686
20352 308.022
20360 308.355
20368 308.686
20376 309.015
20384 309.341
20392 309.664
20400 309.985
20408 310.304
20416 310.62
20424 310.933
20432 311.244
20440 311.552
20448 311.858
20456 312.161
20464 312.462
20472 312.76
20480 313.055
20488 313.348
20496 313.637
20504 313.925
20512 314.209
20520 314.491
20528 314.77
20536 315.046
20544 315.32
20552 315.59
20560 315.858
20568 316.123
20576 316.386
20584 316.645
20592 316.902
20600 317.155
20608 317.406
20616 317.654
20624 317.899
20632 318.141
20640 318.38
20648 318.616
20656 318.849
20664 319.079
20672 319.306
20680 319.53
20688 319.751
20696 319.969
20704 320.184
20712 320.396
20720 320.604
20728 320.81
20736 321.012
20744 321.212
20752 321.408
20760 321.601
20768 321.79
20776 321.977
20784 322.16
20792 322.34
20800 322.517
20808 322.69
20816 322.861
20824 323.027
20832 323.191
20840 323.351
20848 323.508
20856 323.662
20864 323.812
20872 323.959
20880 324.102
20888 324.242
20896 324.378
20904 324.511
20912 324.641
20920 324.767
20928 324.89
20936 325.009
20944 325.124
20952 325.236
20960 325.345
20968 325.449
20976 325.551
20984 325.648
20992 325.742
21000 325.833
21008 325.919
21016 326.002
21024 326.082
21032 326.157
21040 326.229
21048 326.298
21056 326.362
21064 326.423
21072 326.48
21080 326.533
21088 326.582
21096 326.628
21104 326.669
21112 326.707
21120 326.741
21128 326.771
21136 326.797
21144 326.82
21152 326.838
21160 326.852
21168 326.863
21176 326.869
21184 326.872
21192 326.87
21200 326.865
21208 326.855
21216 326.842
21224 326.824
21232 326.802
21240 326.777
21248 326.747
21256 326.714
21264 326.676
21272 326.635
21280 326.589
21288 326.54
21296 326.487
21304 326.43
21312 326.369
21320 326.305
21328 326.236
21336 326.164
21344 326.088
21352 326.008
21360 325.924
21368 325.837
21376 325.745
21384 325.651
21392 325.552
21400 325.45
21408 325.344
21416 325.234
21424 325.121
21432 325.004
21440 324.883
21448 324.759
21456 324.631
21464 324.499
21472 324.364
21480 324.226
21488 324.084
21496 323.938
21504 323.789
21512 323.636
21520 323.48
21528 323.32
21536 323.157
21544 322.991
21552 322.821
21560 322.648
21568 322.471
21576 322.291
21584 322.107
21592 321.92
21600 321.73
21608 321.536
21616 321.339
21624 321.139
21632 320.936
21640 320.729
21648 320.519
21656 320.306
21664 320.089
21672 319.869
21680 319.646
21688 319.42
21696 319.191
21704 318.959
21712 318.723
21720 318.484
21728 318.242
21736 317.997
21744 317.749
21752 317.498
21760 317.244
21768 316.987
21776 316.726
21784 316.463
21792 316.197
21800 315.928
21808 315.655
21816 315.38
21824 315.102
21832 314.821
21840 314.537
21848 314.25
21856 313.96
21864 313.667
21872 313.372
21880 313.073
21888 312.772
21896 312.468
21904 312.161
21912 311.851
21920 311.539
21928 311.224
21936 310.906
21944 310.585
21952 310.262
21960 309.935
21968 309.607
21976 309.275
21984 308.941
21992 308.604
22000 308.265
22008 307.923
22016 307.578
22024 307.231
22032 306.881
22040 306.528
22048 306.173
22056 305.816
22064 305.456
22072 305.093
22080 304.728
22088 304.361
22096 303.991
22104 303.618
22112 303.244
22120 302.866
22128 302.487
22136 302.105
22144 301.72
22152 301.333
22160 300.944
22168 300.553
22176 300.159
22184 299.763
22192 299.364
22200 298.963
22208 298.56
22216 298.155
22224 297.748
22232 297.338
22240 296.926
22248 296.512
22256 296.096
22264 295.677
22272 295.257
22280 294.834
22288 294.409
22296 293.982
22304 293.553
22312 293.122
22320 292.688
22328 292.253
22336 291.816
22344 291.376
22352 290.935
22360 290.492
22368 290.046
22376 289.599
22384 289.15
22392 288.699
22400 288.246
22408 287.79
22416 287.334
22424 286.875
22432 286.414
22440 285.951
22448 285.487
22456 285.021
22464 284.553
22472 284.083
22480 283.611
22488 283.138
22496 282.663
22504 282.186
22512 281.708
22520 281.227
22528 280.745
22536 280.262
22544 279.776
22552 279.289
22560 278.801
22568 278.31
22576 277.818
22584 277.325
22592 276.83
22600 276.333
22608 275.835
22616 275.335
22624 274.834
22632 274.331
22640 273.827
22648 273.321
22656 272.814
22664 272.305
22672 271.795
22680 271.284
22688 270.771
22696 270.256
22704 269.74
22712 269.223
22720 268.705
22728 268.185
22736 267.664
22744 267.141
22752 266.618
22760 266.092
22768 265.566
22776 265.039
22784 264.51
22792 263.98
22800 263.448
22808 262.916
22816 262.382
22824 261.847
22832 261.311
22840 260.774
22848 260.236
22856 259.697
22864 259.156
22872 258.615
22880 258.072
22888 257.528
22896 256.983
22904 256.438
22912 255.891
22920 255.343
22928 254.794
22936 254.245
22944 253.694
22952 253.142
22960 252.59
22968 252.036
22976 251.482
22984 250.926
22992 250.37
23000 249.813
23008 249.255
23016 248.697
23024 248.137
23032 247.577
23040 247.016
23048 246.454
23056 245.891
23064 245.328
23072 244.764
23080 244.199
23088 243.633
23096 243.067
23104 242.5
23112 241.932
23120 241.364
23128 240.795
23136 240.226
23144 239.656
23152 239.085
23160 238.514
23168 237.942
23176 237.37
23184 236.797
23192 236.223
23200 235.65
23208 235.075
23216 234.5
23224 233.925
23232 233.349
23240 232.773
23248 232.196
23256 231.619
23264 231.042
23272 230.464
23280 229.886
23288 229.307
23296 228.729
23304 228.149
23312 227.57
23320 226.99
23328 226.41
23336 225.83
23344 225.249
23352 224.668
23360 224.087
23368 223.506
23376 222.925
23384 222.343
23392 221.761
23400 221.18
23408 220.598
23416 220.015
23424 219.433
23432 218.851
23440 218.268
23448 217.686
23456 217.103
23464 216.521
23472 215.938
23480 215.356
23488 214.773
23496 214.19
23504 213.608
23512 213.025
23520 212.443
23528 211.861
23536 211.278
23544 210.696
23552 210.114
23560 209.532
23568 208.95
23576 208.369
23584 207.787
23592 207.206
23600 206.625
23608 206.044
23616 205.464
23624 204.884
23632 204.304
23640 203.724
23648 203.144
23656 202.565
23664 201.986
23672 201.408
23680 200.83
23688 200.252
23696 199.674
23704 199.097
23712 198.521
23720 197.945
23728 197.369
23736 196.793
23744 196.219
23752 195.644
23760 195.07
23768 194.497
23776 193.924
23784 193.352
23792 192.78
23800 192.209
23808 191.638
23816 191.068
23824 190.498
23832 189.93
23840 189.361
23848 188.794
23856 188.227
23864 187.661
23872 187.095
23880 186.53
23888 185.966
23896 185.403
23904 184.84
23912 184.278
23920 183.717
23928 183.157
23936 182.597
23944 182.039
23952 181.481
23960 180.924
23968 180.367
23976 179.812
23984 179.258
23992 178.704
24000 178.152
24008 177.6
24016 177.049
24024 176.5
24032 175.951
24040 175.403
24048 174.856
24056 174.31
24064 173.766
24072 173.222
24080 172.679
24088 172.138
24096 171.597
24104 171.058
24112 170.52
24120 169.983
24128 169.447
24136 168.912
24144 168.378
24152 167.846
24160 167.314
24168 166.784
24176 166.255
24184 165.728
24192 165.201
24200 164.676
24208 164.153
24216 163.63
24224 163.109
24232 162.589
24240 162.071
24248 161.554
24256 161.038
24264 160.523
24272 160.011
24280 159.499
24288 158.989
24296 158.48
24304 157.973
24312 157.467
24320 156.963
24328 156.46
24336 155.959
24344 155.459
24352 154.961
24360 154.464
24368 153.969
24376 153.476
24384 152.984
24392 152.494
24400 152.005
24408 151.518
24416 151.033
24424 150.549
24432 150.067
24440 149.587
24448 149.108
24456 148.631
24464 148.156
24472 147.683
24480 147.211
24488 146.741
24496 146.273
24504 145.807
24512 145.343
24520 144.88
24528 144.42
24536 143.961
24544 143.504
24552 143.049
24560 142.596
24568 142.145
24576 141.695
24584 141.248
24592 140.803
24600 140.359
24608 139.918
24616 139.479
24624 139.041
24632 138.606
24640 138.173
24648 137.742
24656 137.313
24664 136.886
24672 136.461
24680 136.038
24688 135.617
24696 135.199
24704 134.783
24712 134.369
24720 133.957
24728 133.547
24736 133.135
24744 132.734
24752 132.331
24760 131.93
24768 131.532
24776 131.136
24784 130.741
24792 130.349
24800 129.96
24808 129.572
24816 129.187
24824 128.804
24832 128.423
24840 128.044
24848 127.667
24856 127.293
24864 126.92
24872 126.55
24880 126.182
24888 125.816
24896 125.453
24904 125.091
24912 124.732
24920 124.374
24928 124.019
24936 123.666
24944 123.315
24952 122.966
24960 122.619
24968 122.274
24976 121.931
24984 121.591
24992 121.252
25000 120.916
25008 120.581
25016 120.249
25024 119.919
25032 119.59
25040 119.264
25048 118.94
25056 118.618
25064 118.298
25072 117.979
25080 117.663
25088 117.349
25096 117.037
25104 116.727
25112 116.419
25120 116.113
25128 115.808
25136 115.506
25144 115.206
25152 114.908
25160 114.611
25168 114.317
25176 114.025
25184 113.734
25192 113.445
25200 113.159
25208 112.874
25216 112.591
25224 112.31
25232 112.031
25240 111.754
25248 111.479
25256 111.206
25264 110.935
25272 110.665
25280 110.397
25288 110.132
25296 109.868
25304 109.606
25312 109.345
25320 109.087
25328 108.831
25336 108.576
25344 108.323
25352 108.072
25360 107.823
25368 107.575
25376 107.33
25384 107.086
25392 106.844
25400 106.604
25408 106.366
25416 106.129
25424 105.894
25432 105.661
25440 105.43
25448 105.2
25456 104.972
25464 104.746
25472 104.522
25480 104.3
25488 104.079
25496 103.86
25504 103.642
25512 103.427
25520 103.213
25528 103
25536 102.79
25544 102.581
25552 102.374
25560 102.168
25568 101.965
25576 101.763
25584 101.562
25592 101.363
25600 101.166
25608 100.971
25616 100.777
25624 100.585
25632 100.394
25640 100.205
25648 100.018
25656 99.8323
25664 99.6483
25672 99.4658
25680 99.285
25688 99.1057
25696 98.9281
25704 98.752
25712 98.5775
25720 98.4046
25728 98.2332
25736 98.0635
25744 97.8952
25752 97.7286
25760 97.5635
25768 97.3999
25776 97.2379
25784 97.0773
25792 96.9184
25800 96.7609
25808 96.605
25816 96.4505
25824 96.2976
25832 96.1462
25840 95.9963
25848 95.8478
25856 95.7009
25864 95.5554
25872 95.4114
25880 95.2688
25888 95.1278
25896 94.9881
25904 94.85
25912 94.7132
25920 94.578
25928 94.4441
25936 94.3117
25944 94.1807
25952 94.0511
25960 93.9229
25968 93.7962
25976 93.6708
25984 93.5469
25992 93.4243
26000 93.3031
26008 93.1833
26016 93.0649
26024 92.9478
26032 92.8321
26040 92.7178
26048 92.6048
26056 92.4932
26064 92.3829
26072 92.2739
26080 92.1663
26088 92.06
26096 91.955
26104 91.8513
26112 91.749
26120 91.6479
26128 91.5482
26136 91.4497
26144 91.3525
26152 91.2567
26160 91.162
26168 91.0687
26176 90.9766
26184 90.8858
26192 90.7963
26200 90.708
26208 90.6209
26216 90.5351
26224 90.4505
26232 90.3671
26240 90.285
26248 90.2041
26256 90.1244
26264 90.0459
26272 89.9685
26280 89.8924
26288 89.8175
26296 89.7438
26304 89.6712
26312 89.5999
26320 89.5297
26328 89.4606
26336 89.3927
26344 89.326
26352 89.2604
26360 89.1959
26368 89.1326
26376 89.0704
26384 89.0094
26392 88.9495
26400 88.8906
26408 88.8329
26416 88.7763
26424 88.7208
26432 88.6664
26440 88.613
26448 88.5608
26456 88.5096
26464 88.4595
26472 88.4105
26480 88.3625
26488 88.3156
26496 88.2697
26504 88.2248
26512 88.181
26520 88.1383
26528 88.0965
26536 88.0558
26544 88.0161
26552 87.9775
26560 87.9398
26568 87.9031
26576 87.8674
26584 87.8327
26592 87.799
26600 87.7663
26608 87.7345
26616 87.7037
26624 87.6739
26632 87.645
26640 87.6171
26648 87.5901
26656 87.5641
26664 87.539
26672 87.5148
26680 87.4915
26688 87.4692
26696 87.4478
26704 87.4273
26712 87.4077
26720 87.389
26728 87.3711
26736 87.3542
26744 87.3382
26752 87.323
26760 87.3087
26768 87.2952
26776 87.2827
26784 87.2709
26792 87.26
26800 87.25
26808 87.2408
26816 87.2324
26824 87.2249
26832 87.2182
26840 87.2123
26848 87.2072
26856 87.2029
26864 87.1994
26872 87.1967
26880 87.1948
26888 87.1936
26896 87.1933
26904 87.1937
26912 87.1949
26920 87.1968
26928 87.1995
26936 87.203
26944 87.2072
26952 87.2121
26960 87.2178
26968 87.2242
26976 87.2313
26984 87.2392
26992 87.2477
27000 87.257
27008 87.267
27016 87.2776
27024 87.289
27032 87.301
27040 87.3137
27048 87.3271
27056 87.3412
27064 87.3559
27072 87.3713
27080 87.3873
27088 87.404
27096 87.4213
27104 87.4393
27112 87.4579
27120 87.4771
27128 87.4969
27136 87.5174
27144 87.5384
27152 87.5601
27160 87.5823
27168 87.6052
27176 87.6286
27184 87.6526
27192 87.6772
27200 87.7024
27208 87.7281
27216 87.7544
27224 87.7813
27232 87.8087
27240 87.8366
27248 87.8651
27256 87.8941
27264 87.9237
27272 87.9537
27280 87.9843
27288 88.0154
27296 88.047
27304 88.0791
27312 88.1117
27320 88.1448
27328 88.1784
27336 88.2124
27344 88.2469
27352 88.2819
27360 88.3174
27368 88.3533
27376 88.3896
27384 88.4264
27392 88.4637
27400 88.5014
27408 88.5395
27416 88.578
27424 88.617
27432 88.6564
27440 88.6961
27448 88.7363
27456 88.7769
27464 88.8179
27472 88.8592
27480 88.901
27488 88.9431
27496 88.9855
27504 89.0284
27512 89.0716
27520 89.1152
27528 89.1591
27536 89.2033
27544 89.2479
27552 89.2928
27560 89.3381
27568 89.3837
27576 89.4295
27584 89.4757
27592 89.5222
27600 89.569
27608 89.6161
27616 89.6635
27624 89.7112
27632 89.7591
27640 89.8074
27648 89.8558
27656 89.9046
27664 89.9536
27672 90.0028
27680 90.0523
27688 90.1021
27696 90.1521
27704 90.2023
27712 90.2527
27720 90.3033
27728 90.3542
27736 90.4053
27744 90.4565
27752 90.508
27760 90.5596
27768 90.6115
27776 90.6635
27784 90.7157
27792 90.768
27800 90.8206
27808 90.8733
27816 90.9261
27824 90.9791
27832 91.0322
27840 91.0855
27848 91.1389
27856 91.1924
27864 91.246
27872 91.2998
27880 91.3537
27888 91.4076
27896 91.4617
27904 91.5159
27912 91.5701
27920 91.6244
27928 91.6788
27936 91.7333
27944 91.7879
27952 91.8425
27960 91.8971
27968 91.9519
27976 92.0066
27984 92.0614
27992 92.1162
28000 92.1711
28008 92.226
28016 92.2809
28024 92.3358
28032 92.3907
28040 92.4456
28048 92.5005
28056 92.5554
28064 92.6103
28072 92.6652
28080 92.72
28088 92.7748
28096 92.8296
28104 92.8843
28112 92.939
28120 92.9936
28128 93.0482
28136 93.1027
28144 93.1571
28152 93.2115
28160 93.2658
28168 93.32
28176 93.3741
28184 93.4281
28192 93.482
28200 93.5358
28208 93.5895
28216 93.643
28224 93.6965
28232 93.7498
28240 93.8029
28248 93.856
28256 93.9089
28264 93.9616
28272 94.0142
28280 94.0666
28288 94.1189
28296 94.171
28304 94.2229
28312 94.2747
28320 94.3263
28328 94.3778
28336 94.4291
28344 94.4802
28352 94.5312
28360 94.5821
28368 94.6328
28376 94.6833
28384 94.7336
28392 94.7839
28400 94.8339
28408 94.8838
28416 94.9336
28424 94.9832
28432 95.0326
28440 95.0819
28448 95.131
28456 95.18
28464 95.2288
28472 95.2775
28480 95.3261
28488 95.3744
28496 95.4227
28504 95.4707
28512 95.5187
28520 95.5664
28528 95.6141
28536 95.6615
28544 95.7089
28552 95.7561
28560 95.8031
28568 95.85
28576 95.8967
28584 95.9433
28592 95.9898
28600 96.0361
28608 96.0822
28616 96.1282
28624 96.1741
28632 96.2198
28640 96.2654
28648 96.3108
28656 96.3561
28664 96.4013
28672 96.4463
28680 96.4911
28688 96.5359
28696 96.5805
28704 96.6249
28712 96.6692
28720 96.7133
28728 96.7574
28736 96.8012
28744 96.845
28752 96.8886
28760 96.932
28768 96.9754
28776 97.0185
28784 97.0616
28792 97.1045
28800 97.1473
28808 97.1899
28816 97.2324
28824 97.2748
28832 97.317
28840 97.3591
28848 97.4011
28856 97.4429
28864 97.4846
28872 97.5261
28880 97.5676
28888 97.6089
28896 97.65
28904 97.691
28912 97.7319
28920 97.7727
28928 97.8133
28936 97.8538
28944 97.8942
28952 97.9345
28960 97.9746
28968 98.0146
28976 98.0544
28984 98.0941
28992 98.1337
29000 98.1732
29008 98.2126
29016 98.2518
29024 98.2909
29032 98.3298
29040 98.3687
29048 98.4074
29056 98.446
29064 98.4844
29072 98.5228
29080 98.561
29088 98.5991
29096 98.637
29104 98.6749
29112 98.7126
29120 98.7502
29128 98.7877
29136 98.825
29144 98.8623
29152 98.8994
29160 98.9364
29168 98.9733
29176 99.01
29184 99.0466
29192 99.0832
29200 99.1196
29208 99.1558
29216 99.192
29224 99.228
29232 99.264
29240 99.2998
29248 99.3355
29256 99.371
29264 99.4065
29272 99.4418
29280 99.4771
29288 99.5122
29296 99.5472
29304 99.5821
29312 99.6169
29320 99.6515
29328 99.6861
29336 99.7205
29344 99.7548
29352 99.789
29360 99.8231
29368 99.8571
29376 99.891
29384 99.9248
29392 99.9584
29400 99.992
29408 100.025
29416 100.059
29424 100.092
29432 100.125
29440 100.158
29448 100.191
29456 100.224
29464 100.256
29472 100.289
29480 100.322
29488 100.354
29496 100.386
29504 100.418
29512 100.45
29520 100.482
29528 100.514
29536 100.546
29544 100.578
29552 100.609
29560 100.641
29568 100.672
29576 100.703
29584 100.734
29592 100.765
29600 100.796
29608 100.827
29616 100.858
29624 100.888
29632 100.919
29640 100.949
29648 100.98
29656 101.01
29664 101.04
29672 101.07
29680 101.1
29688 101.13
29696 101.16
29704 101.189
29712 101.219
29720 101.248
29728 101.278
29736 101.307
29744 101.336
29752 101.365
29760 101.394
29768 101.423
29776 101.452
29784 101.481
29792 101.509
29800 101.538
29808 101.566
29816 101.595
29824 101.623
29832 101.651
29840 101.679
29848 101.707
29856 101.735
29864 101.763
29872 101.791
29880 101.818
29888 101.846
29896 101.873
29904 101.901
29912 101.928
29920 101.955
29928 101.982
29936 102.009
29944 102.036
29952 102.063
29960 102.09
29968 102.117
29976 102.143
29984 102.17
29992 102.196
30000 102.223
30008 102.249
30016 102.275
30024 102.301
30032 102.327
30040 102.353
30048 102.379
30056 102.405
30064 102.431
30072 102.456
30080 102.482
30088 102.507
30096 102.533
30104 102.558
30112 102.583
30120 102.608
30128 102.634
30136 102.659
30144 102.684
30152 102.708
30160 102.733
30168 102.758
30176 102.783
30184 102.807
30192 102.832
30200 102.856
30208 102.88
30216 102.905
30224 102.929
30232 102.953
30240 102.977
30248 103.001
30256 103.025
30264 103.049
30272 103.073
30280 103.096
30288 103.12
30296 103.144
30304 103.167
30312 103.191
30320 103.214
30328 103.237
30336 103.261
30344 103.284
30352 103.307
30360 103.33
30368 103.353
30376 103.376
30384 103.399
30392 103.421
30400 103.444
30408 103.467
30416 103.489
30424 103.512
30432 103.534
30440 103.557
30448 103.579
30456 103.601
30464 103.624
30472 103.646
30480 103.668
30488 103.69
30496 103.712
30504 103.734
30512 103.756
30520 103.777
30528 103.799
30536 103.821
30544 103.842
30552 103.864
30560 103.886
30568 103.907
30576 103.928
30584 103.95
30592 103.971
30600 103.992
30608 104.013
30616 104.035
30624 104.056
30632 104.077
30640 104.098
30648 104.119
30656 104.139
30664 104.16
30672 104.181
30680 104.202
30688 104.222
30696 104.243
30704 104.263
30712 104.284
30720 104.304
30728 104.325
30736 104.345
30744 104.365
30752 104.386
30760 104.406
30768 104.426
30776 104.446
30784 104.466
30792 104.486
30800 104.506
30808 104.526
30816 104.546
30824 104.566
30832 104.586
30840 104.605
30848 104.625
30856 104.645
30864 104.664
30872 104.684
30880 104.704
30888 104.723
30896 104.743
30904 104.762
30912 104.781
30920 104.801
30928 104.82
30936 104.839
30944 104.858
30952 104.878
30960 104.897
30968 104.916
30976 104.935
30984 104.954
30992 104.973
31000 104.992
31008 105.011
31016 105.03
31024 105.048
31032 105.067
31040 105.086
31048 105.105
31056 105.123
31064 105.142
31072 105.161
31080 105.179
31088 105.198
31096 105.216
31104 105.235
31112 105.253
31120 105.272
31128 105.29
31136 105.309
31144 105.327
31152 105.345
31160 105.364
31168 105.382
31176 105.4
31184 105.418
31192 105.436
31200 105.455
31208 105.473
31216 105.491
31224 105.509
31232 105.527
31240 105.545
31248 105.563
31256 105.581
31264 105.599
31272 105.617
31280 105.634
31288 105.652
31296 105.67
31304 105.688
31312 105.706
31320 105.724
31328 105.741
31336 105.759
31344 105.777
31352 105.794
31360 105.812
31368 105.83
31376 105.847
31384 105.865
31392 105.883
31400 105.9
31408 105.918
31416 105.935
31424 105.953
31432 105.97
31440 105.988
31448 106.005
31456 106.023
31464 106.04
31472 106.057
31480 106.075
31488 106.092
31496 106.11
31504 106.127
31512 106.144
31520 106.162
31528 106.179
31536 106.196
31544 106.213
31552 106.231
31560 106.248
31568 106.265
31576 106.283
31584 106.3
31592 106.317
31600 106.334
31608 106.351
31616 106.369
31624 106.386
31632 106.403
31640 106.42
31648 106.437
31656 106.454
31664 106.472
31672 106.489
31680 106.506
31688 106.523
31696 106.54
31704 106.557
31712 106.574
31720 106.592
31728 106.609
31736 106.626
31744 106.643
31752 106.66
31760 106.677
31768 106.694
31776 106.711
31784 106.728
31792 106.745
31800 106.763
