0 213.059
8 212.782
16 212.505
24 212.228
32 211.95
40 211.673
48 211.396
56 211.119
64 210.842
72 210.565
80 210.288
88 210.011
96 209.734
104 209.457
112 209.179
120 208.902
128 208.625
136 208.348
144 208.072
152 207.795
160 207.518
168 207.241
176 206.964
184 206.687
192 206.41
200 206.134
208 205.857
216 205.58
224 205.304
232 205.027
240 204.75
248 204.474
256 204.197
264 203.921
272 203.645
280 203.368
288 203.092
296 202.816
304 202.54
312 202.263
320 201.987
328 201.711
336 201.435
344 201.159
352 200.884
360 200.608
368 200.332
376 200.056
384 199.781
392 199.505
400 199.23
408 198.954
416 198.679
424 198.404
432 198.128
440 197.853
448 197.578
456 197.303
464 197.028
472 196.753
480 196.479
488 196.204
496 195.93
504 195.655
512 195.381
520 195.106
528 194.832
536 194.558
544 194.284
552 194.01
560 193.736
568 193.462
576 193.189
584 192.915
592 192.642
600 192.368
608 192.095
616 191.822
624 191.549
632 191.276
640 191.003
648 190.73
656 190.458
664 190.185
672 189.913
680 189.64
688 189.368
696 189.096
704 188.824
712 188.552
720 188.281
728 188.009
736 187.738
744 187.466
752 187.195
760 186.924
768 186.653
776 186.382
784 186.112
792 185.841
800 185.571
808 185.301
816 185.03
824 184.76
832 184.491
840 184.221
848 183.951
856 183.682
864 183.413
872 183.143
880 182.875
888 182.606
896 182.337
904 182.068
912 181.8
920 181.532
928 181.264
936 180.996
944 180.728
952 180.461
960 180.193
968 179.926
976 179.659
984 179.392
992 179.125
1000 178.859
1008 178.592
1016 178.326
1024 178.06
1032 177.794
1040 177.528
1048 177.263
1056 176.997
1064 176.732
1072 176.467
1080 176.202
1088 175.938
1096 175.673
1104 175.409
1112 175.145
1120 174.881
1128 174.618
1136 174.354
1144 174.091
1152 173.828
1160 173.565
1168 173.302
1176 173.039
1184 172.777
1192 172.515
1200 172.253
1208 171.991
1216 171.73
1224 171.469
1232 171.208
1240 170.947
1248 170.686
1256 170.426
1264 170.165
1272 169.905
1280 169.646
1288 169.386
1296 169.127
1304 168.868
1312 168.609
1320 168.35
1328 168.091
1336 167.833
1344 167.575
1352 167.317
1360 167.06
1368 166.803
1376 166.545
1384 166.289
1392 166.032
1400 165.776
1408 165.519
1416 165.264
1424 165.008
1432 164.752
1440 164.497
1448 164.242
1456 163.988
1464 163.733
1472 163.479
1480 163.225
1488 162.972
1496 162.718
1504 162.465
1512 162.212
1520 161.959
1528 161.707
1536 161.455
1544 161.203
1552 160.951
1560 160.7
1568 160.449
1576 160.198
1584 159.948
1592 159.697
1600 159.447
1608 159.198
1616 158.948
1624 158.699
1632 158.45
1640 158.201
1648 157.953
1656 157.705
1664 157.457
1672 157.21
1680 156.963
1688 156.716
1696 156.469
1704 156.223
1712 155.977
1720 155.731
1728 155.485
1736 155.24
1744 154.995
1752 154.751
1760 154.506
1768 154.263
1776 154.019
1784 153.775
1792 153.532
1800 153.29
1808 153.047
1816 152.805
1824 152.563
1832 152.322
1840 152.08
1848 151.84
1856 151.599
1864 151.359
1872 151.119
1880 150.879
1888 150.64
1896 150.401
1904 150.162
1912 149.924
1920 149.686
1928 149.448
1936 149.211
1944 148.974
1952 148.737
1960 148.501
1968 148.265
1976 148.029
1984 147.794
1992 147.559
2000 147.324
2008 147.09
2016 146.856
2024 146.622
2032 146.389
2040 146.156
2048 145.923
2056 145.691
2064 145.459
2072 145.227
2080 144.996
2088 144.765
2096 144.535
2104 144.305
2112 144.075
2120 143.845
2128 143.616
2136 143.388
2144 143.159
2152 142.931
2160 142.704
2168 142.477
2176 142.25
2184 142.023
2192 141.797
2200 141.571
2208 141.346
2216 141.121
2224 140.896
2232 140.672
2240 140.448
2248 140.225
2256 140.002
2264 139.779
2272 139.557
2280 139.335
2288 139.113
2296 138.892
2304 138.671
2312 138.451
2320 138.231
2328 138.012
2336 137.792
2344 137.574
2352 137.355
2360 137.137
2368 136.92
2376 136.702
2384 136.486
2392 136.269
2400 136.053
2408 135.838
2416 135.623
2424 135.408
2432 135.194
2440 134.98
2448 134.766
2456 134.553
2464 134.341
2472 134.128
2480 133.917
2488 133.705
2496 133.494
2504 133.284
2512 133.074
2520 132.864
2528 132.655
2536 132.446
2544 132.238
2552 132.03
2560 131.822
2568 131.615
2576 131.409
2584 131.202
2592 130.997
2600 130.791
2608 130.587
2616 130.382
2624 130.178
2632 129.975
2640 129.772
2648 129.569
2656 129.367
2664 129.165
2672 128.964
2680 128.763
2688 128.563
2696 128.363
2704 128.163
2712 127.964
2720 127.766
2728 127.568
2736 127.37
2744 127.173
2752 126.976
2760 126.78
2768 126.585
2776 126.389
2784 126.195
2792 126
2800 125.807
2808 125.613
2816 125.42
2824 125.228
2832 125.036
2840 124.845
2848 124.654
2856 124.463
2864 124.273
2872 124.084
2880 123.895
2888 123.707
2896 123.519
2904 123.331
2912 123.144
2920 122.958
2928 122.772
2936 122.586
2944 122.401
2952 122.217
2960 122.033
2968 121.849
2976 121.666
2984 121.484
2992 121.302
3000 121.12
3008 120.939
3016 120.759
3024 120.579
3032 120.4
3040 120.221
3048 120.042
3056 119.865
3064 119.687
3072 119.51
3080 119.334
3088 119.158
3096 118.983
3104 118.808
3112 118.634
3120 118.461
3128 118.288
3136 118.115
3144 117.943
3152 117.771
3160 117.601
3168 117.43
3176 117.26
3184 117.091
3192 116.922
3200 116.754
3208 116.586
3216 116.419
3224 116.252
3232 116.086
3240 115.921
3248 115.756
3256 115.591
3264 115.428
3272 115.264
3280 115.102
3288 114.939
3296 114.778
3304 114.617
3312 114.456
3320 114.296
3328 114.137
3336 113.978
3344 113.82
3352 113.662
3360 113.505
3368 113.349
3376 113.193
3384 113.038
3392 112.883
3400 112.729
3408 112.575
3416 112.422
3424 112.27
3432 112.118
3440 111.966
3448 111.816
3456 111.666
3464 111.516
3472 111.367
3480 111.219
3488 111.071
3496 110.924
3504 110.777
3512 110.632
3520 110.486
3528 110.341
3536 110.197
3544 110.054
3552 109.911
3560 109.768
3568 109.627
3576 109.486
3584 109.345
3592 109.205
3600 109.066
3608 108.927
3616 108.789
3624 108.652
3632 108.515
3640 108.379
3648 108.243
3656 108.108
3664 107.974
3672 107.84
3680 107.707
3688 107.575
3696 107.443
3704 107.312
3712 107.181
3720 107.051
3728 106.922
3736 106.793
3744 106.665
3752 106.538
3760 106.411
3768 106.285
3776 106.16
3784 106.035
3792 105.911
3800 105.787
3808 105.664
3816 105.542
3824 105.42
3832 105.3
3840 105.179
3848 105.06
3856 104.941
3864 104.822
3872 104.705
3880 104.588
3888 104.472
3896 104.356
3904 104.241
3912 104.127
3920 104.013
3928 103.9
3936 103.788
3944 103.676
3952 103.565
3960 103.455
3968 103.345
3976 103.236
3984 103.128
3992 103.02
4000 102.913
4008 102.807
4016 102.702
4024 102.597
4032 102.493
4040 102.389
4048 102.286
4056 102.184
4064 102.083
4072 101.982
4080 101.882
4088 101.783
4096 101.684
4104 101.586
4112 101.489
4120 101.393
4128 101.297
4136 101.202
4144 101.107
4152 101.014
4160 100.921
4168 100.828
4176 100.737
4184 100.646
4192 100.556
4200 100.466
4208 100.378
4216 100.29
4224 100.202
4232 100.116
4240 100.03
4248 99.9448
4256 99.8604
4264 99.7767
4272 99.6938
4280 99.6116
4288 99.5301
4296 99.4494
4304 99.3694
4312 99.2901
4320 99.2115
4328 99.1337
4336 99.0567
4344 98.9804
4352 98.9048
4360 98.8299
4368 98.7558
4376 98.6825
4384 98.6099
4392 98.538
4400 98.4669
4408 98.3966
4416 98.3269
4424 98.2581
4432 98.19
4440 98.1227
4448 98.0561
4456 97.9902
4464 97.9252
4472 97.8609
4480 97.7973
4488 97.7346
4496 97.6725
4504 97.6113
4512 97.5508
4520 97.4911
4528 97.4322
4536 97.374
4544 97.3166
4552 97.26
4560 97.2042
4568 97.1491
4576 97.0948
4584 97.0413
4592 96.9886
4600 96.9367
4608 96.8855
4616 96.8352
4624 96.7856
4632 96.7368
4640 96.6888
4648 96.6416
4656 96.5952
4664 96.5496
4672 96.5048
4680 96.4608
4688 96.4175
4696 96.3751
4704 96.3335
4712 96.2927
4720 96.2526
4728 96.2134
4736 96.175
4744 96.1374
4752 96.1006
4760 96.0646
4768 96.0295
4776 95.9951
4784 95.9616
4792 95.9289
4800 95.897
4808 95.8659
4816 95.8356
4824 95.8062
4832 95.7775
4840 95.7497
4848 95.7228
4856 95.6966
4864 95.6713
4872 95.6468
4880 95.6232
4888 95.6003
4896 95.5784
4904 95.5572
4912 95.5369
4920 95.5174
4928 95.4988
4936 95.481
4944 95.464
4952 95.4479
4960 95.4326
4968 95.4182
4976 95.4046
4984 95.3919
4992 95.38
5000 95.369
5008 95.3588
5016 95.3495
5024 95.3411
5032 95.3335
5040 95.3267
5048 95.3208
5056 95.3158
5064 95.3116
5072 95.3083
5080 95.3059
5088 95.3043
5096 95.3036
5104 95.3038
5112 95.3049
5120 95.3068
5128 95.3096
5136 95.3132
5144 95.3178
5152 95.3232
5160 95.3295
5168 95.3366
5176 95.3447
5184 95.3536
5192 95.3635
5200 95.3742
5208 95.3858
5216 95.3983
5224 95.4116
5232 95.4259
5240 95.4411
5248 95.4571
5256 95.4741
5264 95.4919
5272 95.5107
5280 95.5303
5288 95.5508
5296 95.5723
5304 95.5946
5312 95.6179
5320 95.6421
5328 95.6671
5336 95.6931
5344 95.72
5352 95.7478
5360 95.7765
5368 95.8061
5376 95.8367
5384 95.8681
5392 95.9005
5400 95.9338
5408 95.968
5416 96.0032
5424 96.0392
5432 96.0762
5440 96.1141
5448 96.153
5456 96.1927
5464 96.2335
5472 96.2751
5480 96.3177
5488 96.3612
5496 96.4056
5504 96.451
5512 96.4973
5520 96.5446
5528 96.5928
5536 96.6419
5544 96.692
5552 96.743
5560 96.795
5568 96.8479
5576 96.9018
5584 96.9567
5592 97.0124
5600 97.0692
5608 97.1269
5616 97.1855
5624 97.2451
5632 97.3057
5640 97.3672
5648 97.4297
5656 97.4932
5664 97.5576
5672 97.623
5680 97.6893
5688 97.7566
5696 97.8249
5704 97.8942
5712 97.9644
5720 98.0356
5728 98.1078
5736 98.181
5744 98.2551
5752 98.3303
5760 98.4064
5768 98.4835
5776 98.5615
5784 98.6406
5792 98.7206
5800 98.8017
5808 98.8837
5816 98.9667
5824 99.0507
5832 99.1357
5840 99.2217
5848 99.3087
5856 99.3967
5864 99.4856
5872 99.5756
5880 99.6666
5888 99.7586
5896 99.8516
5904 99.9456
5912 100.041
5920 100.137
5928 100.234
5936 100.332
5944 100.431
5952 100.53
5960 100.631
5968 100.733
5976 100.836
5984 100.94
5992 101.045
6000 101.151
6008 101.257
6016 101.365
6024 101.474
6032 101.583
6040 101.694
6048 101.806
6056 101.918
6064 102.031
6072 102.146
6080 102.261
6088 102.377
6096 102.494
6104 102.612
6112 102.731
6120 102.851
6128 102.972
6136 103.094
6144 103.217
6152 103.34
6160 103.465
6168 103.59
6176 103.716
6184 103.844
6192 103.972
6200 104.101
6208 104.231
6216 104.361
6224 104.493
6232 104.625
6240 104.759
6248 104.893
6256 105.028
6264 105.164
6272 105.301
6280 105.439
6288 105.577
6296 105.717
6304 105.857
6312 105.998
6320 106.14
6328 106.283
6336 106.427
6344 106.571
6352 106.717
6360 106.863
6368 107.01
6376 107.158
6384 107.306
6392 107.456
6400 107.606
6408 107.757
6416 107.909
6424 108.062
6432 108.215
6440 108.369
6448 108.525
6456 108.68
6464 108.837
6472 108.995
6480 109.153
6488 109.312
6496 109.472
6504 109.632
6512 109.794
6520 109.956
6528 110.119
6536 110.283
6544 110.447
6552 110.612
6560 110.778
6568 110.945
6576 111.113
6584 111.281
6592 111.45
6600 111.619
6608 111.79
6616 111.961
6624 112.133
6632 112.306
6640 112.479
6648 112.653
6656 112.828
6664 113.004
6672 113.18
6680 113.357
6688 113.534
6696 113.713
6704 113.892
6712 114.072
6720 114.252
6728 114.433
6736 114.615
6744 114.798
6752 114.981
6760 115.165
6768 115.349
6776 115.535
6784 115.721
6792 115.907
6800 116.094
6808 116.282
6816 116.471
6824 116.66
6832 116.85
6840 117.041
6848 117.232
6856 117.424
6864 117.616
6872 117.809
6880 118.003
6888 118.198
6896 118.393
6904 118.588
6912 118.785
6920 118.981
6928 119.179
6936 119.377
6944 119.576
6952 119.775
6960 119.975
6968 120.176
6976 120.377
6984 120.579
6992 120.781
7000 120.984
7008 121.188
7016 121.392
7024 121.596
7032 121.802
7040 122.008
7048 122.214
7056 122.421
7064 122.629
7072 122.837
7080 123.045
7088 123.255
7096 123.465
7104 123.675
7112 123.886
7120 124.097
7128 124.309
7136 124.522
7144 124.735
7152 124.949
7160 125.163
7168 125.377
7176 125.593
7184 125.808
7192 126.025
7200 126.241
7208 126.459
7216 126.676
7224 126.895
7232 127.113
7240 127.333
7248 127.553
7256 127.773
7264 127.994
7272 128.215
7280 128.437
7288 128.659
7296 128.882
7304 129.105
7312 129.329
7320 129.553
7328 129.777
7336 130.002
7344 130.228
7352 130.454
7360 130.68
7368 130.907
7376 131.135
7384 131.362
7392 131.591
7400 131.819
7408 132.049
7416 132.278
7424 132.508
7432 132.739
7440 132.969
7448 133.201
7456 133.432
7464 133.665
7472 133.897
7480 134.13
7488 134.363
7496 134.597
7504 134.831
7512 135.066
7520 135.301
7528 135.536
7536 135.772
7544 136.008
7552 136.245
7560 136.481
7568 136.719
7576 136.956
7584 137.194
7592 137.433
7600 137.671
7608 137.911
7616 138.15
7624 138.39
7632 138.63
7640 138.871
7648 139.112
7656 139.353
7664 139.594
7672 139.836
7680 140.078
7688 140.321
7696 140.564
7704 140.807
7712 141.051
7720 141.295
7728 141.539
7736 141.783
7744 142.028
7752 142.273
7760 142.519
7768 142.765
7776 143.011
7784 143.257
7792 143.504
7800 143.751
7808 143.998
7816 144.245
7824 144.493
7832 144.741
7840 144.99
7848 145.238
7856 145.487
7864 145.736
7872 145.986
7880 146.235
7888 146.485
7896 146.735
7904 146.986
7912 147.237
7920 147.488
7928 147.739
7936 147.99
7944 148.242
7952 148.494
7960 148.746
7968 148.998
7976 149.251
7984 149.504
7992 149.757
8000 150.01
8008 150.263
8016 150.517
8024 150.771
8032 151.025
8040 151.279
8048 151.534
8056 151.788
8064 152.043
8072 152.298
8080 152.554
8088 152.809
8096 153.065
8104 153.32
8112 153.576
8120 153.832
8128 154.089
8136 154.345
8144 154.602
8152 154.859
8160 155.116
8168 155.373
8176 155.63
8184 155.887
8192 156.145
8200 156.402
8208 156.66
8216 156.918
8224 157.176
8232 157.435
8240 157.693
8248 157.951
8256 158.21
8264 158.469
8272 158.727
8280 158.986
8288 159.245
8296 159.504
8304 159.764
8312 160.023
8320 160.283
8328 160.542
8336 160.802
8344 161.061
8352 161.321
8360 161.581
8368 161.841
8376 162.101
8384 162.361
8392 162.621
8400 162.881
8408 163.142
8416 163.402
8424 163.663
8432 163.923
8440 164.184
8448 164.444
8456 164.705
8464 164.965
8472 165.226
8480 165.487
8488 165.748
8496 166.008
8504 166.269
8512 166.53
8520 166.791
8528 167.052
8536 167.313
8544 167.574
8552 167.835
8560 168.095
8568 168.356
8576 168.617
8584 168.878
8592 169.139
8600 169.4
8608 169.661
8616 169.922
8624 170.183
8632 170.444
8640 170.704
8648 170.965
8656 171.226
8664 171.487
8672 171.747
8680 172.008
8688 172.269
8696 172.529
8704 172.79
8712 173.05
8720 173.311
8728 173.571
8736 173.831
8744 174.092
8752 174.352
8760 174.612
8768 174.872
8776 175.132
8784 175.392
8792 175.652
8800 175.911
8808 176.171
8816 176.431
8824 176.69
8832 176.949
8840 177.209
8848 177.468
8856 177.727
8864 177.986
8872 178.245
8880 178.503
8888 178.762
8896 179.02
8904 179.279
8912 179.537
8920 179.795
8928 180.053
8936 180.311
8944 180.569
8952 180.826
8960 181.084
8968 181.341
8976 181.598
8984 181.855
8992 182.112
9000 182.368
9008 182.625
9016 182.881
9024 183.137
9032 183.393
9040 183.649
9048 183.905
9056 184.16
9064 184.416
9072 184.671
9080 184.926
9088 185.18
9096 185.435
9104 185.689
9112 185.943
9120 186.197
9128 186.451
9136 186.704
9144 186.958
9152 187.211
9160 187.464
9168 187.716
9176 187.969
9184 188.221
9192 188.473
9200 188.724
9208 188.976
9216 189.227
9224 189.478
9232 189.729
9240 189.979
9248 190.23
9256 190.48
9264 190.729
9272 190.979
9280 191.228
9288 191.477
9296 191.726
9304 191.974
9312 192.222
9320 192.47
9328 192.718
9336 192.965
9344 193.212
9352 193.459
9360 193.705
9368 193.951
9376 194.197
9384 194.442
9392 194.688
9400 194.932
9408 195.177
9416 195.421
9424 195.665
9432 195.909
9440 196.152
9448 196.395
9456 196.638
9464 196.88
9472 197.122
9480 197.364
9488 197.605
9496 197.846
9504 198.087
9512 198.327
9520 198.567
9528 198.806
9536 199.046
9544 199.284
9552 199.523
9560 199.761
9568 199.999
9576 200.236
9584 200.473
9592 200.71
9600 200.946
9608 201.182
9616 201.417
9624 201.652
9632 201.887
9640 202.121
9648 202.355
9656 202.588
9664 202.821
9672 203.054
9680 203.286
9688 203.518
9696 203.749
9704 203.98
9712 204.211
9720 204.441
9728 204.67
9736 204.899
9744 205.128
9752 205.357
9760 205.585
9768 205.812
9776 206.039
9784 206.266
9792 206.492
9800 206.717
9808 206.942
9816 207.167
9824 207.391
9832 207.615
9840 207.838
9848 208.061
9856 208.284
9864 208.505
9872 208.727
9880 208.948
9888 209.168
9896 209.388
9904 209.607
9912 209.826
9920 210.045
9928 210.263
9936 210.48
9944 210.697
9952 210.913
9960 211.129
9968 211.344
9976 211.559
9984 211.773
9992 211.987
10000 212.2
10008 212.413
10016 212.625
10024 212.837
10032 213.048
10040 213.258
10048 213.468
10056 213.677
10064 213.886
10072 214.094
10080 214.302
10088 214.509
10096 214.716
10104 214.922
10112 215.127
10120 215.332
10128 215.536
10136 215.74
10144 215.943
10152 216.145
10160 216.347
10168 216.549
10176 216.749
10184 216.949
10192 217.149
10200 217.348
10208 217.546
10216 217.744
10224 217.941
10232 218.137
10240 218.333
10248 218.528
10256 218.722
10264 218.916
10272 219.11
10280 219.302
10288 219.494
10296 219.686
10304 219.876
10312 220.066
10320 220.256
10328 220.444
10336 220.632
10344 220.82
10352 221.007
10360 221.193
10368 221.378
10376 221.563
10384 221.747
10392 221.93
10400 222.113
10408 222.295
10416 222.476
10424 222.657
10432 222.837
10440 223.016
10448 223.194
10456 223.372
10464 223.549
10472 223.726
10480 223.901
10488 224.076
10496 224.251
10504 224.424
10512 224.597
10520 224.769
10528 224.94
10536 225.111
10544 225.281
10552 225.45
10560 225.618
10568 225.786
10576 225.953
10584 226.119
10592 226.284
10600 226.449
10608 226.613
10616 226.776
10624 226.938
10632 227.1
10640 227.26
10648 227.42
10656 227.58
10664 227.738
10672 227.896
10680 228.052
10688 228.209
10696 228.364
10704 228.518
10712 228.672
10720 228.825
10728 228.977
10736 229.128
10744 229.279
10752 229.428
10760 229.577
10768 229.725
10776 229.872
10784 230.018
10792 230.164
10800 230.309
10808 230.452
10816 230.595
10824 230.738
10832 230.879
10840 231.019
10848 231.159
10856 231.298
10864 231.436
10872 231.573
10880 231.709
10888 231.844
10896 231.979
10904 232.112
10912 232.245
10920 232.377
10928 232.507
10936 232.638
10944 232.767
10952 232.895
10960 233.022
10968 233.149
10976 233.274
10984 233.399
10992 233.523
11000 233.646
11008 233.767
11016 233.889
11024 234.009
11032 234.128
11040 234.246
11048 234.363
11056 234.48
11064 234.595
11072 234.71
11080 234.823
11088 234.936
11096 235.048
11104 235.159
11112 235.268
11120 235.377
11128 235.485
11136 235.592
11144 235.698
11152 235.803
11160 235.907
11168 236.01
11176 236.112
11184 236.213
11192 236.313
11200 236.413
11208 236.511
11216 236.608
11224 236.704
11232 236.799
11240 236.894
11248 236.987
11256 237.079
11264 237.17
11272 237.26
11280 237.349
11288 237.438
11296 237.525
11304 237.611
11312 237.696
11320 237.78
11328 237.863
11336 237.945
11344 238.026
11352 238.106
11360 238.184
11368 238.262
11376 238.339
11384 238.415
11392 238.489
11400 238.563
11408 238.635
11416 238.707
11424 238.777
11432 238.847
11440 238.915
11448 238.982
11456 239.048
11464 239.113
11472 239.177
11480 239.24
11488 239.302
11496 239.362
11504 239.422
11512 239.48
11520 239.538
11528 239.594
11536 239.649
11544 239.703
11552 239.756
11560 239.808
11568 239.858
11576 239.908
11584 239.956
11592 240.004
11600 240.05
11608 240.095
11616 240.139
11624 240.181
11632 240.223
11640 240.263
11648 240.303
11656 240.341
11664 240.378
11672 240.413
11680 240.448
11688 240.482
11696 240.514
11704 240.545
11712 240.575
11720 240.604
11728 240.631
11736 240.658
11744 240.683
11752 240.707
11760 240.73
11768 240.751
11776 240.772
11784 240.791
11792 240.809
11800 240.826
11808 240.842
11816 240.856
11824 240.869
11832 240.881
11840 240.892
11848 240.902
11856 240.911
11864 240.918
11872 240.924
11880 240.929
11888 240.933
11896 240.936
11904 240.937
11912 240.938
11920 240.937
11928 240.935
11936 240.932
11944 240.928
11952 240.923
11960 240.916
11968 240.909
11976 240.9
11984 240.89
11992 240.879
12000 240.867
12008 240.854
12016 240.84
12024 240.825
12032 240.808
12040 240.791
12048 240.772
12056 240.752
12064 240.732
12072 240.71
12080 240.687
12088 240.663
12096 240.638
12104 240.611
12112 240.584
12120 240.556
12128 240.527
12136 240.496
12144 240.465
12152 240.432
12160 240.399
12168 240.364
12176 240.328
12184 240.292
12192 240.254
12200 240.215
12208 240.175
12216 240.135
12224 240.093
12232 240.05
12240 240.006
12248 239.961
12256 239.915
12264 239.869
12272 239.821
12280 239.772
12288 239.722
12296 239.671
12304 239.619
12312 239.567
12320 239.513
12328 239.458
12336 239.403
12344 239.346
12352 239.288
12360 239.23
12368 239.17
12376 239.11
12384 239.048
12392 238.986
12400 238.922
12408 238.858
12416 238.793
12424 238.727
12432 238.66
12440 238.592
12448 238.523
12456 238.453
12464 238.382
12472 238.31
12480 238.238
12488 238.164
12496 238.09
12504 238.015
12512 237.938
12520 237.861
12528 237.783
12536 237.705
12544 237.625
12552 237.544
12560 237.463
12568 237.38
12576 237.297
12584 237.213
12592 237.128
12600 237.042
12608 236.956
12616 236.868
12624 236.78
12632 236.691
12640 236.6
12648 236.51
12656 236.418
12664 236.325
12672 236.232
12680 236.138
12688 236.043
12696 235.947
12704 235.85
12712 235.753
12720 235.654
12728 235.555
12736 235.456
12744 235.355
12752 235.253
12760 235.151
12768 235.048
12776 234.944
12784 234.84
12792 234.734
12800 234.628
12808 234.521
12816 234.413
12824 234.305
12832 234.196
12840 234.086
12848 233.975
12856 233.864
12864 233.751
12872 233.638
12880 233.525
12888 233.41
12896 233.295
12904 233.179
12912 233.063
12920 232.945
12928 232.827
12936 232.709
12944 232.589
12952 232.469
12960 232.348
12968 232.226
12976 232.104
12984 231.981
12992 231.857
13000 231.733
13008 231.608
13016 231.482
13024 231.356
13032 231.229
13040 231.101
13048 230.973
13056 230.843
13064 230.714
13072 230.583
13080 230.452
13088 230.321
13096 230.188
13104 230.055
13112 229.922
13120 229.787
13128 229.652
13136 229.517
13144 229.381
13152 229.244
13160 229.106
13168 228.968
13176 228.83
13184 228.691
13192 228.551
13200 228.41
13208 228.269
13216 228.128
13224 227.985
13232 227.842
13240 227.699
13248 227.555
13256 227.41
13264 227.265
13272 227.12
13280 226.973
13288 226.826
13296 226.679
13304 226.531
13312 226.382
13320 226.233
13328 226.084
13336 225.934
13344 225.783
13352 225.632
13360 225.48
13368 225.327
13376 225.175
13384 225.021
13392 224.867
13400 224.713
13408 224.558
13416 224.403
13424 224.247
13432 224.09
13440 223.933
13448 223.776
13456 223.618
13464 223.459
13472 223.3
13480 223.141
13488 222.981
13496 222.821
13504 222.66
13512 222.499
13520 222.337
13528 222.175
13536 222.012
13544 221.849
13552 221.685
13560 221.521
13568 221.357
13576 221.192
13584 221.026
13592 220.86
13600 220.694
13608 220.528
13616 220.36
13624 220.193
13632 220.025
13640 219.857
13648 219.688
13656 219.519
13664 219.349
13672 219.179
13680 219.009
13688 218.838
13696 218.667
13704 218.495
13712 218.323
13720 218.151
13728 217.978
13736 217.805
13744 217.632
13752 217.458
13760 217.284
13768 217.109
13776 216.934
13784 216.759
13792 216.583
13800 216.407
13808 216.231
13816 216.055
13824 215.878
13832 215.7
13840 215.523
13848 215.345
13856 215.166
13864 214.988
13872 214.809
13880 214.63
13888 214.45
13896 214.27
13904 214.09
13912 213.91
13920 213.729
13928 213.548
13936 213.366
13944 213.185
13952 213.003
13960 212.821
13968 212.638
13976 212.456
13984 212.273
13992 212.089
14000 211.906
14008 211.722
14016 211.538
14024 211.354
14032 211.169
14040 210.984
14048 210.799
14056 210.614
14064 210.429
14072 210.243
14080 210.057
14088 209.871
14096 209.684
14104 209.498
14112 209.311
14120 209.124
14128 208.936
14136 208.749
14144 208.561
14152 208.373
14160 208.185
14168 207.997
14176 207.809
14184 207.62
14192 207.431
14200 207.242
14208 207.053
14216 206.864
14224 206.674
14232 206.485
14240 206.295
14248 206.105
14256 205.915
14264 205.725
14272 205.534
14280 205.344
14288 205.153
14296 204.962
14304 204.771
14312 204.58
14320 204.389
14328 204.197
14336 204.006
14344 203.814
14352 203.623
14360 203.431
14368 203.239
14376 203.047
14384 202.855
14392 202.663
14400 202.47
14408 202.278
14416 202.085
14424 201.893
14432 201.7
14440 201.508
14448 201.315
14456 201.122
14464 200.929
14472 200.736
14480 200.543
14488 200.35
14496 200.157
14504 199.964
14512 199.77
14520 199.577
14528 199.384
14536 199.191
14544 198.997
14552 198.804
14560 198.61
14568 198.417
14576 198.223
14584 198.03
14592 197.837
14600 197.643
14608 197.45
14616 197.256
14624 197.063
14632 196.869
14640 196.676
14648 196.482
14656 196.289
14664 196.095
14672 195.902
14680 195.709
14688 195.515
14696 195.322
14704 195.129
14712 194.935
14720 194.742
14728 194.549
14736 194.356
14744 194.163
14752 193.97
14760 193.777
14768 193.584
14776 193.391
14784 193.199
14792 193.006
14800 192.814
14808 192.621
14816 192.429
14824 192.236
14832 192.044
14840 191.852
14848 191.66
14856 191.468
14864 191.276
14872 191.085
14880 190.893
14888 190.702
14896 190.51
14904 190.319
14912 190.128
14920 189.937
14928 189.746
14936 189.555
14944 189.365
14952 189.174
14960 188.984
14968 188.794
14976 188.604
14984 188.414
14992 188.225
15000 188.035
15008 187.846
15016 187.657
15024 187.468
15032 187.279
15040 187.09
15048 186.902
15056 186.714
15064 186.525
15072 186.338
15080 186.15
15088 185.962
15096 185.775
15104 185.588
15112 185.401
15120 185.215
15128 185.028
15136 184.842
15144 184.656
15152 184.47
15160 184.285
15168 184.1
15176 183.915
15184 183.73
15192 183.545
15200 183.361
15208 183.177
15216 182.993
15224 182.81
15232 182.626
15240 182.443
15248 182.261
15256 182.078
15264 181.896
15272 181.714
15280 181.532
15288 181.351
15296 181.17
15304 180.989
15312 180.809
15320 180.629
15328 180.449
15336 180.269
15344 180.09
15352 179.911
15360 179.732
15368 179.554
15376 179.376
15384 179.198
15392 179.021
15400 178.844
15408 178.667
15416 178.491
15424 178.315
15432 178.14
15440 177.964
15448 177.789
15456 177.615
15464 177.441
15472 177.267
15480 177.093
15488 176.92
15496 176.748
15504 176.575
15512 176.403
15520 176.232
15528 176.061
15536 175.89
15544 175.719
15552 175.549
15560 175.38
15568 175.211
15576 175.042
15584 174.873
15592 174.706
15600 174.538
15608 174.371
15616 174.204
15624 174.038
15632 173.872
15640 173.707
15648 173.542
15656 173.377
15664 173.213
15672 173.05
15680 172.886
15688 172.724
15696 172.562
15704 172.4
15712 172.238
15720 172.078
15728 171.917
15736 171.757
15744 171.598
15752 171.439
15760 171.281
15768 171.123
15776 170.965
15784 170.808
15792 170.652
15800 170.496
15808 170.34
15816 170.185
15824 170.031
15832 169.877
15840 169.724
15848 169.571
15856 169.418
15864 169.267
15872 169.115
15880 168.965
15888 168.814
15896 168.665
15904 168.516
15912 168.367
15920 168.219
15928 168.072
15936 167.925
15944 167.778
15952 167.633
15960 167.488
15968 167.343
15976 167.199
15984 167.056
15992 166.913
16000 166.77
16008 166.629
16016 166.488
16024 166.347
16032 166.207
16040 166.068
16048 165.929
16056 165.791
16064 165.654
16072 165.517
16080 165.381
16088 165.245
16096 165.111
16104 164.976
16112 164.843
16120 164.71
16128 164.577
16136 164.445
16144 164.314
16152 164.184
16160 164.054
16168 163.925
16176 163.797
16184 163.669
16192 163.542
16200 163.415
16208 163.29
16216 163.165
16224 163.04
16232 162.916
16240 162.793
16248 162.671
16256 162.55
16264 162.429
16272 162.308
16280 162.189
16288 162.07
16296 161.952
16304 161.835
16312 161.718
16320 161.602
16328 161.487
16336 161.373
16344 161.259
16352 161.146
16360 161.034
16368 160.922
16376 160.811
16384 160.701
16392 160.592
16400 160.484
16408 160.376
16416 160.269
16424 160.163
16432 160.057
16440 159.953
16448 159.849
16456 159.746
16464 159.644
16472 159.542
16480 159.441
16488 159.342
16496 159.242
16504 159.144
16512 159.047
16520 158.95
16528 158.854
16536 158.759
16544 158.665
16552 158.572
16560 158.479
16568 158.387
16576 158.296
16584 158.206
16592 158.117
16600 158.029
16608 157.941
16616 157.854
16624 157.769
16632 157.684
16640 157.599
16648 157.516
16656 157.434
16664 157.352
16672 157.272
16680 157.192
16688 157.113
16696 157.035
16704 156.958
16712 156.882
16720 156.806
16728 156.732
16736 156.659
16744 156.586
16752 156.514
16760 156.443
16768 156.374
16776 156.305
16784 156.237
16792 156.17
16800 156.103
16808 156.038
16816 155.974
16824 155.91
16832 155.848
16840 155.787
16848 155.726
16856 155.666
16864 155.608
16872 155.55
16880 155.494
16888 155.438
16896 155.383
16904 155.329
16912 155.276
16920 155.225
16928 155.174
16936 155.124
16944 155.075
16952 155.027
16960 154.98
16968 154.935
16976 154.89
16984 154.846
16992 154.803
17000 154.761
17008 154.72
17016 154.681
17024 154.642
17032 154.604
17040 154.567
17048 154.532
17056 154.497
17064 154.463
17072 154.431
17080 154.399
17088 154.369
17096 154.34
17104 154.311
17112 154.284
17120 154.258
17128 154.233
17136 154.209
17144 154.186
17152 154.164
17160 154.143
17168 154.123
17176 154.104
17184 154.087
17192 154.07
17200 154.055
17208 154.041
17216 154.028
17224 154.016
17232 154.005
17240 153.995
17248 153.986
17256 153.979
17264 153.972
17272 153.967
17280 153.963
17288 153.96
17296 153.958
17304 153.957
17312 153.957
17320 153.959
17328 153.962
17336 153.965
17344 153.97
17352 153.977
17360 153.984
17368 153.993
17376 154.002
17384 154.013
17392 154.025
17400 154.038
17408 154.053
17416 154.068
17424 154.085
17432 154.103
17440 154.122
17448 154.143
17456 154.164
17464 154.187
17472 154.211
17480 154.237
17488 154.263
17496 154.291
17504 154.32
17512 154.35
17520 154.381
17528 154.414
17536 154.448
17544 154.483
17552 154.519
17560 154.557
17568 154.596
17576 154.636
17584 154.678
17592 154.72
17600 154.764
17608 154.809
17616 154.856
17624 154.904
17632 154.953
17640 155.003
17648 155.055
17656 155.108
17664 155.162
17672 155.218
17680 155.274
17688 155.333
17696 155.392
17704 155.453
17712 155.515
17720 155.578
17728 155.643
17736 155.708
17744 155.776
17752 155.844
17760 155.914
17768 155.985
17776 156.057
17784 156.13
17792 156.205
17800 156.281
17808 156.358
17816 156.436
17824 156.516
17832 156.597
17840 156.679
17848 156.762
17856 156.847
17864 156.933
17872 157.02
17880 157.108
17888 157.197
17896 157.288
17904 157.38
17912 157.473
17920 157.567
17928 157.662
17936 157.759
17944 157.857
17952 157.956
17960 158.056
17968 158.157
17976 158.26
17984 158.363
17992 158.468
18000 158.574
18008 158.681
18016 158.789
18024 158.899
18032 159.009
18040 159.121
18048 159.234
18056 159.348
18064 159.463
18072 159.579
18080 159.696
18088 159.815
18096 159.934
18104 160.055
18112 160.177
18120 160.3
18128 160.424
18136 160.549
18144 160.675
18152 160.802
18160 160.931
18168 161.06
18176 161.191
18184 161.322
18192 161.455
18200 161.589
18208 161.723
18216 161.859
18224 161.996
18232 162.134
18240 162.273
18248 162.413
18256 162.554
18264 162.696
18272 162.84
18280 162.984
18288 163.129
18296 163.275
18304 163.423
18312 163.571
18320 163.72
18328 163.871
18336 164.022
18344 164.174
18352 164.328
18360 164.482
18368 164.637
18376 164.794
18384 164.951
18392 165.109
18400 165.269
18408 165.429
18416 165.59
18424 165.752
18432 165.916
18440 166.08
18448 166.245
18456 166.411
18464 166.578
18472 166.746
18480 166.915
18488 167.084
18496 167.255
18504 167.427
18512 167.6
18520 167.773
18528 167.948
18536 168.123
18544 168.299
18552 168.476
18560 168.655
18568 168.834
18576 169.013
18584 169.194
18592 169.376
18600 169.559
18608 169.742
18616 169.926
18624 170.112
18632 170.298
18640 170.485
18648 170.673
18656 170.861
18664 171.051
18672 171.241
18680 171.433
18688 171.625
18696 171.818
18704 172.012
18712 172.206
18720 172.402
18728 172.598
18736 172.796
18744 172.994
18752 173.192
18760 173.392
18768 173.592
18776 173.794
18784 173.996
18792 174.199
18800 174.402
18808 174.607
18816 174.812
18824 175.018
18832 175.225
18840 175.433
18848 175.641
18856 175.85
18864 176.06
18872 176.271
18880 176.482
18888 176.695
18896 176.908
18904 177.121
18912 177.336
18920 177.551
18928 177.767
18936 177.984
18944 178.201
18952 178.42
18960 178.639
18968 178.858
18976 179.079
18984 179.3
18992 179.522
19000 179.744
19008 179.967
19016 180.191
19024 180.416
19032 180.641
19040 180.867
19048 181.094
19056 181.321
19064 181.55
19072 181.778
19080 182.008
19088 182.238
19096 182.469
19104 182.7
19112 182.932
19120 183.165
19128 183.398
19136 183.632
19144 183.867
19152 184.103
19160 184.339
19168 184.575
19176 184.812
19184 185.05
19192 185.289
19200 185.528
19208 185.768
19216 186.008
19224 186.249
19232 186.491
19240 186.733
19248 186.976
19256 187.219
19264 187.463
19272 187.708
19280 187.953
19288 188.199
19296 188.445
19304 188.692
19312 188.939
19320 189.187
19328 189.436
19336 189.685
19344 189.935
19352 190.185
19360 190.436
19368 190.687
19376 190.939
19384 191.192
19392 191.445
19400 191.698
19408 191.952
19416 192.207
19424 192.462
19432 192.717
19440 192.974
19448 193.23
19456 193.487
19464 193.745
19472 194.003
19480 194.262
19488 194.521
19496 194.78
19504 195.041
19512 195.301
19520 195.562
19528 195.824
19536 196.086
19544 196.348
19552 196.611
19560 196.875
19568 197.139
19576 197.403
19584 197.668
19592 197.933
19600 198.199
19608 198.465
19616 198.731
19624 198.998
19632 199.266
19640 199.533
19648 199.802
19656 200.07
19664 200.339
19672 200.609
19680 200.879
19688 201.149
19696 201.42
19704 201.691
19712 201.962
19720 202.234
19728 202.506
19736 202.779
19744 203.052
19752 203.325
19760 203.599
19768 203.873
19776 204.148
19784 204.423
19792 204.698
19800 204.973
19808 205.249
19816 205.526
19824 205.802
19832 206.079
19840 206.356
19848 206.634
19856 206.912
19864 207.19
19872 207.469
19880 207.748
19888 208.027
19896 208.307
19904 208.586
19912 208.867
19920 209.147
19928 209.428
19936 209.709
19944 209.99
19952 210.272
19960 210.554
19968 210.836
19976 211.118
19984 211.401
19992 211.684
20000 211.967
20008 212.251
20016 212.534
20024 212.818
20032 213.103
20040 213.387
20048 213.672
20056 213.957
20064 214.242
20072 214.527
20080 214.813
20088 215.099
20096 215.385
20104 215.672
20112 215.958
20120 216.245
20128 216.532
20136 216.819
20144 217.106
20152 217.394
20160 217.682
20168 217.97
20176 218.258
20184 218.546
20192 218.835
20200 219.123
20208 219.412
20216 219.701
20224 219.99
20232 220.28
20240 220.569
20248 220.859
20256 221.149
20264 221.439
20272 221.729
20280 222.019
20288 222.309
20296 222.6
20304 222.89
20312 223.181
20320 223.472
20328 223.763
20336 224.054
20344 224.345
20352 224.637
20360 224.928
20368 225.22
20376 225.511
20384 225.803
20392 226.095
20400 226.387
20408 226.679
20416 226.971
20424 227.263
20432 227.555
20440 227.847
20448 228.139
20456 228.432
20464 228.724
20472 229.017
20480 229.309
20488 229.602
20496 229.894
20504 230.187
20512 230.48
20520 230.773
20528 231.065
20536 231.358
20544 231.651
20552 231.944
20560 232.237
20568 232.529
20576 232.822
20584 233.115
20592 233.408
20600 233.701
20608 233.994
20616 234.286
20624 234.579
20632 234.872
20640 235.165
20648 235.458
20656 235.75
20664 236.043
20672 236.336
20680 236.628
20688 236.921
20696 237.213
20704 237.506
20712 237.798
20720 238.091
20728 238.383
20736 238.675
20744 238.967
20752 239.259
20760 239.551
20768 239.843
20776 240.135
20784 240.427
20792 240.719
20800 241.01
20808 241.302
20816 241.593
20824 241.884
20832 242.175
20840 242.467
20848 242.757
20856 243.048
20864 243.339
20872 243.63
20880 243.92
20888 244.21
20896 244.5
20904 244.791
20912 245.08
20920 245.37
20928 245.66
20936 245.949
20944 246.238
20952 246.528
20960 246.817
20968 247.105
20976 247.394
20984 247.682
20992 247.971
21000 248.259
21008 248.547
21016 248.834
21024 249.122
21032 249.409
21040 249.696
21048 249.983
21056 250.27
21064 250.556
21072 250.843
21080 251.129
21088 251.415
21096 251.7
21104 251.985
21112 252.271
21120 252.556
21128 252.84
21136 253.125
21144 253.409
21152 253.693
21160 253.976
21168 254.26
21176 254.543
21184 254.826
21192 255.108
21200 255.391
21208 255.673
21216 255.955
21224 256.236
21232 256.517
21240 256.798
21248 257.079
21256 257.359
21264 257.639
21272 257.919
21280 258.198
21288 258.478
21296 258.756
21304 259.035
21312 259.313
21320 259.591
21328 259.868
21336 260.145
21344 260.422
21352 260.699
21360 260.975
21368 261.251
21376 261.526
21384 261.801
21392 262.076
21400 262.35
21408 262.624
21416 262.898
21424 263.171
21432 263.444
21440 263.717
21448 263.989
21456 264.26
21464 264.532
21472 264.803
21480 265.073
21488 265.343
21496 265.613
21504 265.883
21512 266.151
21520 266.42
21528 266.688
21536 266.956
21544 267.223
21552 267.49
21560 267.756
21568 268.022
21576 268.288
21584 268.553
21592 268.817
21600 269.081
21608 269.345
21616 269.608
21624 269.871
21632 270.134
21640 270.395
21648 270.657
21656 270.918
21664 271.178
21672 271.438
21680 271.698
21688 271.956
21696 272.215
21704 272.473
21712 272.73
21720 272.987
21728 273.244
21736 273.5
21744 273.755
21752 274.01
21760 274.264
21768 274.518
21776 274.772
21784 275.024
21792 275.277
21800 275.528
21808 275.78
21816 276.03
21824 276.28
21832 276.53
21840 276.779
21848 277.027
21856 277.275
21864 277.522
21872 277.769
21880 278.015
21888 278.261
21896 278.506
21904 278.75
21912 278.994
21920 279.237
21928 279.48
21936 279.722
21944 279.963
21952 280.204
21960 280.444
21968 280.683
21976 280.922
21984 281.161
21992 281.398
22000 281.635
22008 281.872
22016 282.108
22024 282.343
22032 282.577
22040 282.811
22048 283.044
22056 283.277
22064 283.509
22072 283.74
22080 283.97
22088 284.2
22096 284.429
22104 284.658
22112 284.886
22120 285.113
22128 285.339
22136 285.565
22144 285.79
22152 286.015
22160 286.238
22168 286.461
22176 286.684
22184 286.905
22192 287.126
22200 287.346
22208 287.566
22216 287.784
22224 288.002
22232 288.22
22240 288.436
22248 288.652
22256 288.867
22264 289.081
22272 289.294
22280 289.507
22288 289.719
22296 289.93
22304 290.141
22312 290.351
22320 290.56
22328 290.768
22336 290.975
22344 291.182
22352 291.387
22360 291.592
22368 291.797
22376 292
22384 292.203
22392 292.404
22400 292.605
22408 292.806
22416 293.005
22424 293.203
22432 293.401
22440 293.598
22448 293.794
22456 293.989
22464 294.184
22472 294.377
22480 294.57
22488 294.762
22496 294.953
22504 295.143
22512 295.332
22520 295.521
22528 295.708
22536 295.895
22544 296.081
22552 296.266
22560 296.45
22568 296.633
22576 296.815
22584 296.997
22592 297.177
22600 297.357
22608 297.535
22616 297.713
22624 297.89
22632 298.066
22640 298.241
22648 298.415
22656 298.589
22664 298.761
22672 298.932
22680 299.103
22688 299.272
22696 299.441
22704 299.608
22712 299.775
22720 299.941
22728 300.105
22736 300.269
22744 300.432
22752 300.594
22760 300.755
22768 300.915
22776 301.074
22784 301.232
22792 301.389
22800 301.545
22808 301.7
22816 301.854
22824 302.007
22832 302.159
22840 302.31
22848 302.46
22856 302.609
22864 302.756
22872 302.903
22880 303.049
22888 303.194
22896 303.338
22904 303.481
22912 303.623
22920 303.763
22928 303.903
22936 304.042
22944 304.179
22952 304.316
22960 304.451
22968 304.586
22976 304.719
22984 304.852
22992 304.983
23000 305.113
23008 305.242
23016 305.37
23024 305.497
23032 305.623
23040 305.747
23048 305.871
23056 305.993
23064 306.115
23072 306.235
23080 306.354
23088 306.472
23096 306.589
23104 306.705
23112 306.82
23120 306.933
23128 307.046
23136 307.157
23144 307.267
23152 307.376
23160 307.484
23168 307.591
23176 307.696
23184 307.801
23192 307.904
23200 308.006
23208 308.107
23216 308.207
23224 308.305
23232 308.402
23240 308.499
23248 308.594
23256 308.687
23264 308.78
23272 308.871
23280 308.962
23288 309.051
23296 309.138
23304 309.225
23312 309.31
23320 309.394
23328 309.477
23336 309.559
23344 309.639
23352 309.719
23360 309.797
23368 309.873
23376 309.949
23384 310.023
23392 310.096
23400 310.168
23408 310.238
23416 310.307
23424 310.375
23432 310.442
23440 310.507
23448 310.572
23456 310.634
23464 310.696
23472 310.756
23480 310.815
23488 310.873
23496 310.929
23504 310.984
23512 311.038
23520 311.091
23528 311.142
23536 311.192
23544 311.24
23552 311.287
23560 311.333
23568 311.378
23576 311.421
23584 311.463
23592 311.503
23600 311.543
23608 311.581
23616 311.617
23624 311.652
23632 311.686
23640 311.719
23648 311.75
23656 311.78
23664 311.809
23672 311.837
23680 311.863
23688 311.888
23696 311.911
23704 311.933
23712 311.954
23720 311.974
23728 311.992
23736 312.009
23744 312.025
23752 312.039
23760 312.053
23768 312.064
23776 312.075
23784 312.084
23792 312.092
23800 312.099
23808 312.105
23816 312.109
23824 312.112
23832 312.114
23840 312.114
23848 312.113
23856 312.111
23864 312.108
23872 312.103
23880 312.097
23888 312.09
23896 312.081
23904 312.072
23912 312.061
23920 312.049
23928 312.035
23936 312.021
23944 312.005
23952 311.988
23960 311.969
23968 311.949
23976 311.929
23984 311.906
23992 311.883
24000 311.859
24008 311.833
24016 311.806
24024 311.777
24032 311.748
24040 311.717
24048 311.685
24056 311.652
24064 311.618
24072 311.582
24080 311.545
24088 311.507
24096 311.468
24104 311.428
24112 311.386
24120 311.343
24128 311.299
24136 311.254
24144 311.208
24152 311.16
24160 311.111
24168 311.061
24176 311.01
24184 310.957
24192 310.904
24200 310.849
24208 310.793
24216 310.736
24224 310.678
24232 310.618
24240 310.557
24248 310.495
24256 310.432
24264 310.368
24272 310.303
24280 310.236
24288 310.169
24296 310.1
24304 310.03
24312 309.958
24320 309.886
24328 309.812
24336 309.738
24344 309.662
24352 309.585
24360 309.507
24368 309.428
24376 309.347
24384 309.265
24392 309.183
24400 309.099
24408 309.014
24416 308.928
24424 308.84
24432 308.752
24440 308.662
24448 308.572
24456 308.48
24464 308.387
24472 308.293
24480 308.198
24488 308.101
24496 308.004
24504 307.905
24512 307.806
24520 307.705
24528 307.603
24536 307.5
24544 307.396
24552 307.291
24560 307.184
24568 307.077
24576 306.968
24584 306.859
24592 306.748
24600 306.636
24608 306.523
24616 306.409
24624 306.294
24632 306.178
24640 306.061
24648 305.942
24656 305.823
24664 305.702
24672 305.581
24680 305.458
24688 305.334
24696 305.209
24704 305.084
24712 304.957
24720 304.828
24728 304.699
24736 304.569
24744 304.438
24752 304.306
24760 304.172
24768 304.038
24776 303.902
24784 303.766
24792 303.628
24800 303.489
24808 303.35
24816 303.209
24824 303.067
24832 302.924
24840 302.78
24848 302.636
24856 302.49
24864 302.343
24872 302.195
24880 302.045
24888 301.895
24896 301.744
24904 301.592
24912 301.439
24920 301.285
24928 301.129
24936 300.973
24944 300.816
24952 300.658
24960 300.498
24968 300.338
24976 300.177
24984 300.014
24992 299.851
25000 299.687
25008 299.521
25016 299.355
25024 299.188
25032 299.019
25040 298.85
25048 298.679
25056 298.508
25064 298.336
25072 298.162
25080 297.988
25088 297.813
25096 297.637
25104 297.459
25112 297.281
25120 297.102
25128 296.922
25136 296.74
25144 296.558
25152 296.375
25160 296.191
25168 296.006
25176 295.82
25184 295.633
25192 295.445
25200 295.256
25208 295.066
25216 294.875
25224 294.684
25232 294.491
25240 294.297
25248 294.102
25256 293.907
25264 293.71
25272 293.513
25280 293.314
25288 293.115
25296 292.915
25304 292.713
25312 292.511
25320 292.308
25328 292.104
25336 291.899
25344 291.693
25352 291.486
25360 291.279
25368 291.07
25376 290.86
25384 290.65
25392 290.438
25400 290.226
25408 290.013
25416 289.799
25424 289.583
25432 289.367
25440 289.15
25448 288.933
25456 288.714
25464 288.494
25472 288.274
25480 288.052
25488 287.83
25496 287.607
25504 287.383
25512 287.158
25520 286.932
25528 286.705
25536 286.477
25544 286.249
25552 286.02
25560 285.789
25568 285.558
25576 285.326
25584 285.093
25592 284.859
25600 284.625
25608 284.389
25616 284.153
25624 283.915
25632 283.677
25640 283.438
25648 283.198
25656 282.958
25664 282.716
25672 282.474
25680 282.23
25688 281.986
25696 281.741
25704 281.495
25712 281.249
25720 281.001
25728 280.753
25736 280.504
25744 280.254
25752 280.003
25760 279.751
25768 279.499
25776 279.245
25784 278.991
25792 278.736
25800 278.48
25808 278.223
25816 277.966
25824 277.708
25832 277.449
25840 277.189
25848 276.928
25856 276.666
25864 276.404
25872 276.141
25880 275.877
25888 275.612
25896 275.346
25904 275.08
25912 274.813
25920 274.545
25928 274.276
25936 274.006
25944 273.736
25952 273.465
25960 273.193
25968 272.92
25976 272.646
25984 272.372
25992 272.097
26000 271.821
26008 271.544
26016 271.267
26024 270.988
26032 270.709
26040 270.43
26048 270.149
26056 269.868
26064 269.586
26072 269.303
26080 269.019
26088 268.735
26096 268.45
26104 268.164
26112 267.877
26120 267.59
26128 267.302
26136 267.013
26144 266.723
26152 266.433
26160 266.142
26168 265.85
26176 265.557
26184 265.264
26192 264.97
26200 264.675
26208 264.379
26216 264.083
26224 263.786
26232 263.488
26240 263.19
26248 262.891
26256 262.591
26264 262.29
26272 261.989
26280 261.687
26288 261.384
26296 261.08
26304 260.776
26312 260.471
26320 260.166
26328 259.859
26336 259.552
26344 259.244
26352 258.936
26360 258.627
26368 258.317
26376 258.006
26384 257.695
26392 257.383
26400 257.071
26408 256.757
26416 256.443
26424 256.129
26432 255.813
26440 255.497
26448 255.181
26456 254.863
26464 254.545
26472 254.226
26480 253.907
26488 253.587
26496 253.266
26504 252.945
26512 252.623
26520 252.3
26528 251.976
26536 251.652
26544 251.328
26552 251.002
26560 250.676
26568 250.349
26576 250.022
26584 249.694
26592 249.365
26600 249.036
26608 248.706
26616 248.376
26624 248.044
26632 247.713
26640 247.38
26648 247.047
26656 246.713
26664 246.379
26672 246.044
26680 245.708
26688 245.372
26696 245.035
26704 244.698
26712 244.36
26720 244.021
26728 243.681
26736 243.341
26744 243.001
26752 242.66
26760 242.318
26768 241.975
26776 241.632
26784 241.289
26792 240.945
26800 240.6
26808 240.254
26816 239.908
26824 239.562
26832 239.215
26840 238.867
26848 238.518
26856 238.169
26864 237.82
26872 237.47
26880 237.119
26888 236.768
26896 236.416
26904 236.063
26912 235.71
26920 235.357
26928 235.003
26936 234.648
26944 234.293
26952 233.937
26960 233.58
26968 233.223
26976 232.866
26984 232.508
26992 232.149
27000 231.79
27008 231.43
27016 231.07
27024 230.709
27032 230.347
27040 229.985
27048 229.623
27056 229.26
27064 228.896
27072 228.532
27080 228.167
27088 227.802
27096 227.436
27104 227.07
27112 226.703
27120 226.336
27128 225.968
27136 225.6
27144 225.231
27152 224.861
27160 224.492
27168 224.121
27176 223.75
27184 223.379
27192 223.007
27200 222.634
27208 222.261
27216 221.888
27224 221.514
27232 221.139
27240 220.764
27248 220.389
27256 220.013
27264 219.636
27272 219.259
27280 218.882
27288 218.504
27296 218.125
27304 217.746
27312 217.367
27320 216.987
27328 216.606
27336 216.225
27344 215.844
27352 215.462
27360 215.08
27368 214.697
27376 214.314
27384 213.93
27392 213.546
27400 213.161
27408 212.776
27416 212.391
27424 212.005
27432 211.618
27440 211.231
27448 210.844
27456 210.456
27464 210.068
27472 209.679
27480 209.29
27488 208.9
27496 208.51
27504 208.119
27512 207.729
27520 207.337
27528 206.945
27536 206.553
27544 206.16
27552 205.767
27560 205.374
27568 204.98
27576 204.585
27584 204.19
27592 203.795
27600 203.4
27608 203.003
27616 202.607
27624 202.21
27632 201.813
27640 201.415
27648 201.017
27656 200.618
27664 200.219
27672 199.82
27680 199.42
27688 199.02
27696 198.619
27704 198.219
27712 197.817
27720 197.415
27728 197.013
27736 196.611
27744 196.208
27752 195.805
27760 195.401
27768 194.997
27776 194.592
27784 194.188
27792 193.782
27800 193.377
27808 192.971
27816 192.565
27824 192.158
27832 191.751
27840 191.344
27848 190.936
27856 190.528
27864 190.119
27872 189.71
27880 189.301
27888 188.892
27896 188.482
27904 188.071
27912 187.661
27920 187.25
27928 186.839
27936 186.427
27944 186.015
27952 185.603
27960 185.19
27968 184.777
27976 184.364
27984 183.95
27992 183.536
28000 183.122
28008 182.707
28016 182.292
28024 181.877
28032 181.461
28040 181.045
28048 180.629
28056 180.212
28064 179.796
28072 179.378
28080 178.961
28088 178.543
28096 178.125
28104 177.707
28112 177.288
28120 176.869
28128 176.449
28136 176.03
28144 175.61
28152 175.19
28160 174.769
28168 174.348
28176 173.927
28184 173.506
28192 173.084
28200 172.662
28208 172.24
28216 171.817
28224 171.395
28232 170.972
28240 170.548
28248 170.125
28256 169.701
28264 169.277
28272 168.852
28280 168.428
28288 168.003
28296 167.577
28304 167.152
28312 166.726
28320 166.3
28328 165.874
28336 165.447
28344 165.021
28352 164.594
28360 164.166
28368 163.739
28376 163.311
28384 162.883
28392 162.455
28400 162.027
28408 161.598
28416 161.169
28424 160.74
28432 160.31
28440 159.881
28448 159.451
28456 159.021
28464 158.591
28472 158.16
28480 157.729
28488 157.298
28496 156.867
28504 156.436
28512 156.004
28520 155.572
28528 155.14
28536 154.708
28544 154.276
28552 153.843
28560 153.41
28568 152.977
28576 152.544
28584 152.111
28592 151.677
28600 151.243
28608 150.809
28616 150.375
28624 149.941
28632 149.506
28640 149.071
28648 148.636
28656 148.201
28664 147.766
28672 147.33
28680 146.895
28688 146.459
28696 146.023
28704 145.587
28712 145.15
28720 144.714
28728 144.277
28736 143.84
28744 143.403
28752 142.966
28760 142.529
28768 142.091
28776 141.654
28784 141.216
28792 140.778
28800 140.34
28808 139.902
28816 139.463
28824 139.025
28832 138.586
28840 138.147
28848 137.709
28856 137.27
28864 136.83
28872 136.391
28880 135.952
28888 135.512
28896 135.072
28904 134.632
28912 134.193
28920 133.752
28928 133.312
28936 132.872
28944 132.432
28952 131.991
28960 131.55
28968 131.11
28976 130.669
28984 130.228
28992 129.787
29000 129.345
29008 128.904
29016 128.463
29024 128.021
29032 127.58
29040 127.138
29048 126.696
29056 126.254
29064 125.812
29072 125.37
29080 124.928
29088 124.486
29096 124.044
29104 123.602
29112 123.159
29120 122.717
29128 122.274
29136 121.831
29144 121.389
29152 120.946
29160 120.503
29168 120.06
29176 119.617
29184 119.174
29192 118.731
29200 118.288
29208 117.844
29216 117.401
29224 116.958
29232 116.514
29240 116.071
29248 115.628
29256 115.184
29264 114.74
29272 114.297
29280 113.853
29288 113.41
29296 112.966
29304 112.522
29312 112.078
29320 111.634
29328 111.191
29336 110.747
29344 110.303
29352 109.859
29360 109.415
29368 108.971
29376 108.527
29384 108.083
29392 107.639
29400 107.195
29408 106.751
29416 106.307
29424 105.863
29432 105.419
29440 104.975
