0 2114.88
8 2114.69
16 2114.49
24 2114.29
32 2114.1
40 2113.9
48 2113.7
56 2113.51
64 2113.31
72 2113.12
80 2112.92
88 2112.72
96 2112.53
104 2112.33
112 2112.14
120 2111.94
128 2111.75
136 2111.56
144 2111.36
152 2111.17
160 2110.98
168 2110.79
176 2110.6
184 2110.41
192 2110.22
200 2110.03
208 2109.84
216 2109.65
224 2109.46
232 2109.28
240 2109.09
248 2108.91
256 2108.72
264 2108.54
272 2108.36
280 2108.17
288 2107.99
296 2107.81
304 2107.63
312 2107.46
320 2107.28
328 2107.1
336 2106.93
344 2106.75
352 2106.58
360 2106.41
368 2106.24
376 2106.07
384 2105.9
392 2105.73
400 2105.57
408 2105.4
416 2105.24
424 2105.08
432 2104.92
440 2104.76
448 2104.6
456 2104.45
464 2104.29
472 2104.14
480 2103.99
488 2103.84
496 2103.69
504 2103.54
512 2103.4
520 2103.25
528 2103.11
536 2102.97
544 2102.83
552 2102.69
560 2102.56
568 2102.43
576 2102.29
584 2102.16
592 2102.04
600 2101.91
608 2101.79
616 2101.66
624 2101.54
632 2101.43
640 2101.31
648 2101.2
656 2101.08
664 2100.97
672 2100.87
680 2100.76
688 2100.66
696 2100.55
704 2100.46
712 2100.36
720 2100.26
728 2100.17
736 2100.08
744 2099.99
752 2099.91
760 2099.83
768 2099.75
776 2099.67
784 2099.59
792 2099.52
800 2099.45
808 2099.38
816 2099.32
824 2099.25
832 2099.19
840 2099.14
848 2099.08
856 2099.03
864 2098.98
872 2098.93
880 2098.89
888 2098.85
896 2098.81
904 2098.78
912 2098.74
920 2098.71
928 2098.69
936 2098.66
944 2098.64
952 2098.63
960 2098.61
968 2098.6
976 2098.59
984 2098.59
992 2098.59
1000 2098.59
1008 2098.59
1016 2098.6
1024 2098.61
1032 2098.62
1040 2098.64
1048 2098.66
1056 2098.69
1064 2098.71
1072 2098.74
1080 2098.78
1088 2098.82
1096 2098.86
1104 2098.9
1112 2098.95
1120 2099
1128 2099.06
1136 2099.12
1144 2099.18
1152 2099.25
1160 2099.32
1168 2099.39
1176 2099.47
1184 2099.55
1192 2099.63
1200 2099.72
1208 2099.81
1216 2099.91
1224 2100.01
1232 2100.12
1240 2100.22
1248 2100.34
1256 2100.45
1264 2100.57
1272 2100.7
1280 2100.82
1288 2100.96
1296 2101.09
1304 2101.23
1312 2101.38
1320 2101.53
1328 2101.68
1336 2101.84
1344 2102
1352 2102.17
1360 2102.34
1368 2102.51
1376 2102.69
1384 2102.87
1392 2103.06
1400 2103.25
1408 2103.45
1416 2103.65
1424 2103.86
1432 2104.07
1440 2104.28
1448 2104.5
1456 2104.73
1464 2104.95
1472 2105.19
1480 2105.43
1488 2105.67
1496 2105.92
1504 2106.17
1512 2106.43
1520 2106.69
1528 2106.96
1536 2107.23
1544 2107.5
1552 2107.79
1560 2108.07
1568 2108.36
1576 2108.66
1584 2108.96
1592 2109.27
1600 2109.58
1608 2109.9
1616 2110.22
1624 2110.55
1632 2110.88
1640 2111.22
1648 2111.56
1656 2111.91
1664 2112.26
1672 2112.62
1680 2112.98
1688 2113.35
1696 2113.73
1704 2114.11
1712 2114.5
1720 2114.89
1728 2115.28
1736 2115.69
1744 2116.09
1752 2116.51
1760 2116.93
1768 2117.35
1776 2117.78
1784 2118.22
1792 2118.66
1800 2119.11
1808 2119.56
1816 2120.02
1824 2120.48
1832 2120.95
1840 2121.43
1848 2121.91
1856 2122.4
1864 2122.89
1872 2123.39
1880 2123.9
1888 2124.41
1896 2124.93
1904 2125.45
1912 2125.98
1920 2126.52
1928 2127.06
1936 2127.61
1944 2128.17
1952 2128.73
1960 2129.29
1968 2129.87
1976 2130.45
1984 2131.03
1992 2131.63
2000 2132.22
2008 2132.83
2016 2133.44
2024 2134.06
2032 2134.68
2040 2135.31
2048 2135.95
2056 2136.6
2064 2137.25
2072 2137.9
2080 2138.57
2088 2139.24
2096 2139.92
2104 2140.6
2112 2141.29
2120 2141.99
2128 2142.69
2136 2143.4
2144 2144.12
2152 2144.85
2160 2145.58
2168 2146.32
2176 2147.06
2184 2147.81
2192 2148.62
2200 2149.34
2208 2150.11
2216 2150.89
2224 2151.68
2232 2152.47
2240 2153.27
2248 2154.08
2256 2154.89
2264 2155.71
2272 2156.53
2280 2157.36
2288 2158.19
2296 2159.03
2304 2159.88
2312 2160.73
2320 2161.58
2328 2162.45
2336 2163.31
2344 2164.18
2352 2165.06
2360 2165.93
2368 2166.82
2376 2167.7
2384 2168.6
2392 2169.49
2400 2170.39
2408 2171.29
2416 2172.2
2424 2173.11
2432 2174.02
2440 2174.94
2448 2175.85
2456 2176.78
2464 2177.7
2472 2178.63
2480 2179.55
2488 2180.49
2496 2181.42
2504 2182.35
2512 2183.29
2520 2184.23
2528 2185.17
2536 2186.11
2544 2187.06
2552 2188
2560 2188.95
2568 2189.89
2576 2190.84
2584 2191.79
2592 2192.74
2600 2193.69
2608 2194.64
2616 2195.59
2624 2196.54
2632 2197.49
2640 2198.44
2648 2199.38
2656 2200.33
2664 2201.28
2672 2202.23
2680 2203.18
2688 2204.12
2696 2205.06
2704 2206.01
2712 2206.95
2720 2207.89
2728 2208.83
2736 2209.76
2744 2210.7
2752 2211.63
2760 2212.56
2768 2213.49
2776 2214.42
2784 2215.34
2792 2216.26
2800 2217.18
2808 2218.09
2816 2219
2824 2219.91
2832 2220.82
2840 2221.72
2848 2222.61
2856 2223.51
2864 2224.4
2872 2225.28
2880 2226.17
2888 2227.04
2896 2227.92
2904 2228.78
2912 2229.65
2920 2230.51
2928 2231.36
2936 2232.21
2944 2233.05
2952 2233.89
2960 2234.72
2968 2235.55
2976 2236.37
2984 2237.19
2992 2238
3000 2238.8
3008 2239.6
3016 2240.39
3024 2241.17
3032 2241.95
3040 2242.72
3048 2243.49
3056 2244.24
3064 2244.99
3072 2245.73
3080 2246.47
3088 2247.2
3096 2247.91
3104 2248.63
3112 2249.33
3120 2250.03
3128 2250.71
3136 2251.39
3144 2252.06
3152 2252.72
3160 2253.38
3168 2254.02
3176 2254.66
3184 2255.28
3192 2255.9
3200 2256.51
3208 2257.1
3216 2257.69
3224 2258.27
3232 2258.84
3240 2259.4
3248 2259.94
3256 2260.48
3264 2261.01
3272 2261.52
3280 2262.03
3288 2262.52
3296 2263.01
3304 2263.48
3312 2263.94
3320 2264.39
3328 2264.83
3336 2265.26
3344 2265.67
3352 2266.08
3360 2266.47
3368 2266.84
3376 2267.21
3384 2267.57
3392 2267.91
3400 2268.24
3408 2268.55
3416 2268.85
3424 2269.14
3432 2269.42
3440 2269.68
3448 2269.93
3456 2270.17
3464 2270.39
3472 2270.6
3480 2270.79
3488 2270.97
3496 2271.14
3504 2271.29
3512 2271.43
3520 2271.55
3528 2271.66
3536 2271.75
3544 2271.83
3552 2271.89
3560 2271.94
3568 2271.97
3576 2271.98
3584 2271.98
3592 2271.97
3600 2271.93
3608 2271.89
3616 2271.82
3624 2271.74
3632 2271.64
3640 2271.53
3648 2271.4
3656 2271.25
3664 2271.09
3672 2270.9
3680 2270.7
3688 2270.49
3696 2270.25
3704 2270
3712 2269.73
3720 2269.44
3728 2269.14
3736 2268.81
3744 2268.47
3752 2268.11
3760 2267.73
3768 2267.33
3776 2266.91
3784 2266.48
3792 2266.02
3800 2265.55
3808 2265.05
3816 2264.54
3824 2264.01
3832 2263.45
3840 2262.88
3848 2262.29
3856 2261.67
3864 2261.04
3872 2260.38
3880 2259.71
3888 2259.01
3896 2258.3
3904 2257.56
3912 2256.8
3920 2256.02
3928 2255.22
3936 2254.39
3944 2253.55
3952 2252.68
3960 2251.79
3968 2250.88
3976 2249.95
3984 2249
3992 2248.02
4000 2247.02
4008 2246
4016 2244.95
4024 2243.88
4032 2242.79
4040 2241.68
4048 2240.54
4056 2239.38
4064 2238.19
4072 2236.98
4080 2235.75
4088 2234.49
4096 2233.21
4104 2231.9
4112 2230.57
4120 2229.22
4128 2227.84
4136 2226.44
4144 2225.01
4152 2223.55
4160 2222.07
4168 2220.57
4176 2219.04
4184 2217.48
4192 2215.9
4200 2214.29
4208 2212.66
4216 2211
4224 2209.31
4232 2207.6
4240 2205.86
4248 2204.1
4256 2202.31
4264 2200.49
4272 2198.64
4280 2196.77
4288 2194.87
4296 2192.94
4304 2190.98
4312 2189
4320 2186.99
4328 2184.95
4336 2182.88
4344 2180.79
4352 2178.66
4360 2176.51
4368 2174.33
4376 2172.12
4384 2169.61
4392 2167.61
4400 2165.32
4408 2162.99
4416 2160.64
4424 2158.26
4432 2155.85
4440 2153.41
4448 2150.94
4456 2148.45
4464 2145.93
4472 2143.38
4480 2140.81
4488 2138.21
4496 2135.58
4504 2132.93
4512 2130.25
4520 2127.55
4528 2124.82
4536 2122.06
4544 2119.28
4552 2116.48
4560 2113.65
4568 2110.79
4576 2107.91
4584 2105.01
4592 2102.08
4600 2099.13
4608 2096.16
4616 2093.16
4624 2090.14
4632 2087.1
4640 2084.03
4648 2080.95
4656 2077.84
4664 2074.7
4672 2071.55
4680 2068.38
4688 2065.18
4696 2061.96
4704 2058.72
4712 2055.46
4720 2052.18
4728 2048.88
4736 2045.56
4744 2042.22
4752 2038.86
4760 2035.49
4768 2032.09
4776 2028.67
4784 2025.23
4792 2021.78
4800 2018.31
4808 2014.81
4816 2011.3
4824 2007.78
4832 2004.23
4840 2000.67
4848 1997.09
4856 1993.49
4864 1989.88
4872 1986.25
4880 1982.61
4888 1978.94
4896 1975.27
4904 1971.57
4912 1967.86
4920 1964.14
4928 1960.4
4936 1956.64
4944 1952.87
4952 1949.09
4960 1945.29
4968 1941.48
4976 1937.66
4984 1933.82
4992 1929.96
5000 1926.1
5008 1922.22
5016 1918.33
5024 1914.42
5032 1910.51
5040 1906.58
5048 1902.64
5056 1898.69
5064 1894.72
5072 1890.75
5080 1886.76
5088 1882.76
5096 1878.75
5104 1874.74
5112 1870.71
5120 1866.67
5128 1862.62
5136 1858.56
5144 1854.49
5152 1850.42
5160 1846.33
5168 1842.24
5176 1838.13
5184 1834.02
5192 1829.9
5200 1825.77
5208 1821.64
5216 1817.5
5224 1813.34
5232 1809.19
5240 1805.02
5248 1800.85
5256 1796.67
5264 1792.49
5272 1788.3
5280 1784.1
5288 1779.9
5296 1775.69
5304 1771.48
5312 1767.26
5320 1763.04
5328 1758.81
5336 1754.58
5344 1750.35
5352 1746.11
5360 1741.86
5368 1737.62
5376 1733.37
5384 1729.11
5392 1724.86
5400 1720.6
5408 1716.34
5416 1712.07
5424 1707.81
5432 1703.54
5440 1699.27
5448 1695
5456 1690.72
5464 1686.45
5472 1682.17
5480 1677.9
5488 1673.62
5496 1669.35
5504 1665.07
5512 1660.8
5520 1656.52
5528 1652.24
5536 1647.97
5544 1643.7
5552 1639.43
5560 1635.16
5568 1630.89
5576 1626.62
5584 1622.35
5592 1618.09
5600 1613.83
5608 1609.57
5616 1605.32
5624 1601.07
5632 1596.82
5640 1592.58
5648 1588.33
5656 1584.1
5664 1579.86
5672 1575.64
5680 1571.41
5688 1567.19
5696 1562.98
5704 1558.77
5712 1554.57
5720 1550.37
5728 1546.17
5736 1541.99
5744 1537.81
5752 1533.63
5760 1529.47
5768 1525.31
5776 1521.15
5784 1517.01
5792 1512.87
5800 1508.74
5808 1504.62
5816 1500.5
5824 1496.4
5832 1492.3
5840 1488.21
5848 1484.13
5856 1480.06
5864 1476
5872 1471.95
5880 1467.9
5888 1463.87
5896 1459.85
5904 1455.84
5912 1451.84
5920 1447.85
5928 1443.87
5936 1439.9
5944 1435.94
5952 1432
5960 1428.07
5968 1424.14
5976 1420.24
5984 1416.34
5992 1412.46
6000 1408.59
6008 1404.73
6016 1400.89
6024 1397.05
6032 1393.24
6040 1389.44
6048 1385.65
6056 1381.87
6064 1378.11
6072 1374.37
6080 1370.64
6088 1366.92
6096 1363.23
6104 1359.54
6112 1355.87
6120 1352.22
6128 1348.59
6136 1344.97
6144 1341.37
6152 1337.78
6160 1334.21
6168 1330.66
6176 1327.13
6184 1323.61
6192 1320.11
6200 1316.63
6208 1313.17
6216 1309.73
6224 1306.31
6232 1302.9
6240 1299.52
6248 1296.15
6256 1292.8
6264 1289.48
6272 1286.17
6280 1282.88
6288 1279.61
6296 1276.37
6304 1273.14
6312 1269.94
6320 1266.76
6328 1263.6
6336 1260.46
6344 1257.34
6352 1254.24
6360 1251.17
6368 1248.12
6376 1245.09
6384 1242.09
6392 1239.11
6400 1236.15
6408 1233.21
6416 1230.3
6424 1227.41
6432 1224.55
6440 1221.71
6448 1218.9
6456 1216.11
6464 1213.35
6472 1210.61
6480 1207.89
6488 1205.21
6496 1202.54
6504 1199.91
6512 1197.3
6520 1194.72
6528 1192.16
6536 1189.63
6544 1187.13
6552 1184.65
6560 1182.21
6568 1179.79
6576 1177.39
6584 1175.03
6592 1172.7
6600 1170.39
6608 1168.11
6616 1165.86
6624 1163.63
6632 1161.44
6640 1159.27
6648 1157.12
6656 1155.01
6664 1152.92
6672 1150.86
6680 1148.82
6688 1146.81
6696 1144.83
6704 1142.88
6712 1140.95
6720 1139.04
6728 1137.17
6736 1135.31
6744 1133.49
6752 1131.69
6760 1129.91
6768 1128.16
6776 1126.44
6784 1124.74
6792 1123.06
6800 1121.41
6808 1119.79
6816 1118.19
6824 1116.61
6832 1115.06
6840 1113.53
6848 1112.03
6856 1110.54
6864 1109.09
6872 1107.65
6880 1106.25
6888 1104.86
6896 1103.5
6904 1102.16
6912 1100.84
6920 1099.54
6928 1098.27
6936 1097.02
6944 1095.8
6952 1094.59
6960 1093.41
6968 1092.25
6976 1091.11
6984 1090
6992 1088.9
7000 1087.83
7008 1086.78
7016 1085.75
7024 1084.74
7032 1083.75
7040 1082.78
7048 1081.84
7056 1080.91
7064 1080.01
7072 1079.12
7080 1078.26
7088 1077.41
7096 1076.59
7104 1075.78
7112 1075
7120 1074.23
7128 1073.49
7136 1072.76
7144 1072.06
7152 1071.37
7160 1070.7
7168 1070.05
7176 1069.42
7184 1068.8
7192 1068.21
7200 1067.63
7208 1067.08
7216 1066.54
7224 1066.01
7232 1065.51
7240 1065.02
7248 1064.56
7256 1064.1
7264 1063.67
7272 1063.25
7280 1062.85
7288 1062.47
7296 1062.11
7304 1061.76
7312 1061.42
7320 1061.11
7328 1060.81
7336 1060.52
7344 1060.26
7352 1060
7360 1059.77
7368 1059.55
7376 1059.34
7384 1059.15
7392 1058.98
7400 1058.82
7408 1058.67
7416 1058.55
7424 1058.43
7432 1058.33
7440 1058.25
7448 1058.17
7456 1058.12
7464 1058.07
7472 1058.05
7480 1058.03
7488 1058.03
7496 1058.04
7504 1058.07
7512 1058.11
7520 1058.16
7528 1058.22
7536 1058.3
7544 1058.39
7552 1058.5
7560 1058.61
7568 1058.74
7576 1058.88
7584 1059.04
7592 1059.2
7600 1059.38
7608 1059.57
7616 1059.77
7624 1059.98
7632 1060.21
7640 1060.44
7648 1060.69
7656 1060.94
7664 1061.21
7672 1061.49
7680 1061.78
7688 1062.08
7696 1062.39
7704 1062.71
7712 1063.04
7720 1063.38
7728 1063.73
7736 1064.09
7744 1064.46
7752 1064.84
7760 1065.23
7768 1065.63
7776 1066.04
7784 1066.45
7792 1066.88
7800 1067.31
7808 1067.75
7816 1068.2
7824 1068.66
7832 1069.13
7840 1069.61
7848 1070.09
7856 1070.58
7864 1071.08
7872 1071.59
7880 1072.1
7888 1072.62
7896 1073.15
7904 1073.68
7912 1074.23
7920 1074.77
7928 1075.33
7936 1075.89
7944 1076.46
7952 1077.04
7960 1077.62
7968 1078.2
7976 1078.8
7984 1079.39
7992 1080
8000 1080.61
8008 1081.22
8016 1081.84
8024 1082.47
8032 1083.1
8040 1083.74
8048 1084.38
8056 1085.02
8064 1085.67
8072 1086.32
8080 1086.98
8088 1087.64
8096 1088.31
8104 1088.98
8112 1089.65
8120 1090.33
8128 1091.01
8136 1091.69
8144 1092.38
8152 1093.07
8160 1093.76
8168 1094.46
8176 1095.16
8184 1095.86
8192 1096.56
8200 1097.27
8208 1097.97
8216 1098.68
8224 1099.39
8232 1100.11
8240 1100.82
8248 1101.54
8256 1102.26
8264 1102.98
8272 1103.7
8280 1104.42
8288 1105.14
8296 1105.87
8304 1106.59
8312 1107.31
8320 1108.04
8328 1108.76
8336 1109.49
8344 1110.21
8352 1110.94
8360 1111.66
8368 1112.39
8376 1113.11
8384 1113.83
8392 1114.56
8400 1115.28
8408 1116
8416 1116.72
8424 1117.43
8432 1118.15
8440 1118.87
8448 1119.58
8456 1120.29
8464 1121
8472 1121.71
8480 1122.41
8488 1123.11
8496 1123.82
8504 1124.51
8512 1125.21
8520 1125.9
8528 1126.59
8536 1127.28
8544 1127.96
8552 1128.64
8560 1129.31
8568 1129.99
8576 1130.66
8584 1131.32
8592 1131.98
8600 1132.64
8608 1133.29
8616 1133.94
8624 1134.58
8632 1135.22
8640 1135.86
8648 1136.49
8656 1137.11
8664 1137.73
8672 1138.34
8680 1138.95
8688 1139.55
8696 1140.15
8704 1140.74
8712 1141.33
8720 1141.91
8728 1142.48
8736 1143.05
8744 1143.61
8752 1144.16
8760 1144.71
8768 1145.25
8776 1145.79
8784 1146.31
8792 1146.83
8800 1147.34
8808 1147.85
8816 1148.35
8824 1148.84
8832 1149.33
8840 1149.81
8848 1150.28
8856 1150.74
8864 1151.2
8872 1151.66
8880 1152.1
8888 1152.54
8896 1152.97
8904 1153.4
8912 1153.82
8920 1154.23
8928 1154.64
8936 1155.04
8944 1155.43
8952 1155.82
8960 1156.2
8968 1156.58
8976 1156.95
8984 1157.31
8992 1157.67
9000 1158.02
9008 1158.36
9016 1158.7
9024 1159.03
9032 1159.36
9040 1159.68
9048 1160
9056 1160.3
9064 1160.61
9072 1160.9
9080 1161.2
9088 1161.48
9096 1161.76
9104 1162.03
9112 1162.3
9120 1162.57
9128 1162.82
9136 1163.07
9144 1163.32
9152 1163.56
9160 1163.79
9168 1164.02
9176 1164.25
9184 1164.47
9192 1164.68
9200 1164.89
9208 1165.09
9216 1165.29
9224 1165.48
9232 1165.67
9240 1165.85
9248 1166.02
9256 1166.19
9264 1166.36
9272 1166.52
9280 1166.68
9288 1166.83
9296 1166.97
9304 1167.11
9312 1167.25
9320 1167.38
9328 1167.51
9336 1167.63
9344 1167.75
9352 1167.86
9360 1167.97
9368 1168.07
9376 1168.17
9384 1168.26
9392 1168.35
9400 1168.43
9408 1168.51
9416 1168.59
9424 1168.66
9432 1168.72
9440 1168.78
9448 1168.84
9456 1168.89
9464 1168.94
9472 1168.99
9480 1169.03
9488 1169.06
9496 1169.09
9504 1169.12
9512 1169.14
9520 1169.16
9528 1169.18
9536 1169.19
9544 1169.2
9552 1169.2
9560 1169.2
9568 1169.19
9576 1169.18
9584 1169.17
9592 1169.16
9600 1169.13
9608 1169.11
9616 1169.08
9624 1169.05
9632 1169.02
9640 1168.98
9648 1168.93
9656 1168.89
9664 1168.84
9672 1168.78
9680 1168.73
9688 1168.67
9696 1168.6
9704 1168.54
9712 1168.47
9720 1168.39
9728 1168.32
9736 1168.24
9744 1168.15
9752 1168.06
9760 1167.97
9768 1167.88
9776 1167.78
9784 1167.69
9792 1167.58
9800 1167.48
9808 1167.37
9816 1167.26
9824 1167.14
9832 1167.03
9840 1166.91
9848 1166.78
9856 1166.66
9864 1166.53
9872 1166.4
9880 1166.26
9888 1166.12
9896 1165.98
9904 1165.84
9912 1165.7
9920 1165.55
9928 1165.4
9936 1165.25
9944 1165.09
9952 1164.94
9960 1164.78
9968 1164.61
9976 1164.45
9984 1164.28
9992 1164.11
10000 1163.94
10008 1163.77
10016 1163.59
10024 1163.41
10032 1163.23
10040 1163.05
10048 1162.87
10056 1162.68
10064 1162.49
10072 1162.3
10080 1162.11
10088 1161.91
10096 1161.72
10104 1161.52
10112 1161.32
10120 1161.12
10128 1160.91
10136 1160.71
10144 1160.5
10152 1160.29
10160 1160.08
10168 1159.87
10176 1159.66
10184 1159.44
10192 1159.23
10200 1159.01
10208 1158.79
10216 1158.57
10224 1158.34
10232 1158.12
10240 1157.9
10248 1157.67
10256 1157.44
10264 1157.21
10272 1156.98
10280 1156.75
10288 1156.52
10296 1156.29
10304 1156.05
10312 1155.81
10320 1155.58
10328 1155.34
10336 1155.1
10344 1154.86
10352 1154.62
10360 1154.38
10368 1154.14
10376 1153.89
10384 1153.65
10392 1153.4
10400 1153.16
10408 1152.91
10416 1152.67
10424 1152.42
10432 1152.17
10440 1151.92
10448 1151.67
10456 1151.42
10464 1151.17
10472 1150.92
10480 1150.67
10488 1150.42
10496 1150.17
10504 1149.92
10512 1149.66
10520 1149.41
10528 1149.16
10536 1148.9
10544 1148.65
10552 1148.4
10560 1148.14
10568 1147.89
10576 1147.64
10584 1147.38
10592 1147.13
10600 1146.88
10608 1146.62
10616 1146.37
10624 1146.12
10632 1145.86
10640 1145.61
10648 1145.36
10656 1145.11
10664 1144.85
10672 1144.6
10680 1144.35
10688 1144.1
10696 1143.85
10704 1143.6
10712 1143.35
10720 1143.1
10728 1142.85
10736 1142.6
10744 1142.35
10752 1142.11
10760 1141.86
10768 1141.62
10776 1141.37
10784 1141.13
10792 1140.88
10800 1140.64
10808 1140.4
10816 1140.16
10824 1139.92
10832 1139.68
10840 1139.44
10848 1139.21
10856 1138.97
10864 1138.74
10872 1138.5
10880 1138.27
10888 1138.04
10896 1137.81
10904 1137.58
10912 1137.35
10920 1137.12
10928 1136.9
10936 1136.68
10944 1136.45
10952 1136.23
10960 1136.01
10968 1135.79
10976 1135.58
10984 1135.36
10992 1135.15
11000 1134.94
11008 1134.73
11016 1134.52
11024 1134.31
11032 1134.11
11040 1133.9
11048 1133.7
11056 1133.5
11064 1133.31
11072 1133.11
11080 1132.92
11088 1132.73
11096 1132.54
11104 1132.36
11112 1132.17
11120 1131.99
11128 1131.81
11136 1131.64
11144 1131.46
11152 1131.29
11160 1131.12
11168 1130.96
11176 1130.79
11184 1130.63
11192 1130.48
11200 1130.32
11208 1130.17
11216 1130.02
11224 1129.88
11232 1129.73
11240 1129.6
11248 1129.46
11256 1129.33
11264 1129.2
11272 1129.07
11280 1128.95
11288 1128.83
11296 1128.71
11304 1128.6
11312 1128.49
11320 1128.39
11328 1128.28
11336 1128.19
11344 1128.09
11352 1128
11360 1127.92
11368 1127.83
11376 1127.76
11384 1127.68
11392 1127.61
11400 1127.55
11408 1127.48
11416 1127.43
11424 1127.37
11432 1127.32
11440 1127.28
11448 1127.24
11456 1127.2
11464 1127.17
11472 1127.14
11480 1127.12
11488 1127.1
11496 1127.09
11504 1127.08
11512 1127.08
11520 1127.08
11528 1127.09
11536 1127.1
11544 1127.11
11552 1127.14
11560 1127.16
11568 1127.19
11576 1127.23
11584 1127.27
11592 1127.32
11600 1127.37
11608 1127.43
11616 1127.5
11624 1127.57
11632 1127.64
11640 1127.72
11648 1127.81
11656 1127.9
11664 1128
11672 1128.1
11680 1128.21
11688 1128.32
11696 1128.44
11704 1128.57
11712 1128.7
11720 1128.84
11728 1128.99
11736 1129.14
11744 1129.3
11752 1129.46
11760 1129.63
11768 1129.81
11776 1129.99
11784 1130.18
11792 1130.38
11800 1130.58
11808 1130.79
11816 1131.01
11824 1131.23
11832 1131.46
11840 1131.7
11848 1131.94
11856 1132.19
11864 1132.45
11872 1132.71
11880 1132.98
11888 1133.26
11896 1133.55
11904 1133.84
11912 1134.14
11920 1134.45
11928 1134.76
11936 1135.09
11944 1135.42
11952 1135.75
11960 1136.1
11968 1136.45
11976 1136.81
11984 1137.18
11992 1137.55
12000 1137.94
12008 1138.33
12016 1138.73
12024 1139.14
12032 1139.55
12040 1139.97
12048 1140.41
12056 1140.85
12064 1141.29
12072 1141.75
12080 1142.21
12088 1142.69
12096 1143.17
12104 1143.66
12112 1144.16
12120 1144.66
12128 1145.18
12136 1145.7
12144 1146.24
12152 1146.78
12160 1147.33
12168 1147.89
12176 1148.45
12184 1149.03
12192 1149.62
12200 1150.21
12208 1150.82
12216 1151.43
12224 1152.05
12232 1152.68
12240 1153.33
12248 1153.98
12256 1154.64
12264 1155.31
12272 1155.98
12280 1156.67
12288 1157.37
12296 1158.08
12304 1158.8
12312 1159.52
12320 1160.26
12328 1161.01
12336 1161.76
12344 1162.53
12352 1163.31
12360 1164.09
12368 1164.89
12376 1165.7
12384 1166.51
12392 1167.34
12400 1168.18
12408 1169.03
12416 1169.88
12424 1170.75
12432 1171.63
12440 1172.52
12448 1173.42
12456 1174.33
12464 1175.25
12472 1176.19
12480 1177.13
12488 1178.08
12496 1179.05
12504 1180.02
12512 1181.01
12520 1182.01
12528 1183.02
12536 1184.04
12544 1185.07
12552 1186.11
12560 1187.16
12568 1188.23
12576 1189.31
12584 1190.39
12592 1191.49
12600 1192.6
12608 1193.73
12616 1194.86
12624 1196.01
12632 1197.16
12640 1198.33
12648 1199.51
12656 1200.71
12664 1201.91
12672 1203.13
12680 1204.36
12688 1205.6
12696 1206.85
12704 1208.11
12712 1209.39
12720 1210.68
12728 1211.98
12736 1213.3
12744 1214.62
12752 1215.96
12760 1217.31
12768 1218.68
12776 1220.06
12784 1221.44
12792 1222.85
12800 1224.26
12808 1225.69
12816 1227.13
12824 1228.58
12832 1230.05
12840 1231.53
12848 1233.02
12856 1234.53
12864 1236.05
12872 1237.58
12880 1239.12
12888 1240.68
12896 1242.25
12904 1243.84
12912 1245.44
12920 1247.05
12928 1248.67
12936 1250.31
12944 1251.97
12952 1253.63
12960 1255.31
12968 1257.01
12976 1258.71
12984 1260.44
12992 1262.17
13000 1263.92
13008 1265.69
13016 1267.46
13024 1269.26
13032 1271.06
13040 1272.88
13048 1274.72
13056 1276.57
13064 1278.43
13072 1280.31
13080 1282.2
13088 1284.11
13096 1286.03
13104 1287.96
13112 1289.91
13120 1291.88
13128 1293.86
13136 1295.86
13144 1297.87
13152 1299.89
13160 1301.93
13168 1303.98
13176 1306.05
13184 1308.14
13192 1310.24
13200 1312.35
13208 1314.48
13216 1316.62
13224 1318.77
13232 1320.94
13240 1323.12
13248 1325.32
13256 1327.53
13264 1329.75
13272 1331.99
13280 1334.24
13288 1336.5
13296 1338.77
13304 1341.06
13312 1343.35
13320 1345.67
13328 1347.99
13336 1350.32
13344 1352.67
13352 1355.03
13360 1357.4
13368 1359.78
13376 1362.17
13384 1364.57
13392 1366.99
13400 1369.41
13408 1371.85
13416 1374.29
13424 1376.75
13432 1379.21
13440 1381.69
13448 1384.18
13456 1386.67
13464 1389.18
13472 1391.69
13480 1394.22
13488 1396.75
13496 1399.29
13504 1401.84
13512 1404.4
13520 1406.97
13528 1409.55
13536 1412.13
13544 1414.73
13552 1417.33
13560 1419.94
13568 1422.56
13576 1425.18
13584 1427.81
13592 1430.45
13600 1433.1
13608 1435.75
13616 1438.41
13624 1441.08
13632 1443.76
13640 1446.44
13648 1449.12
13656 1451.82
13664 1454.52
13672 1457.22
13680 1459.93
13688 1462.65
13696 1465.37
13704 1468.1
13712 1470.83
13720 1473.57
13728 1476.31
13736 1479.05
13744 1481.81
13752 1484.56
13760 1487.32
13768 1490.09
13776 1492.85
13784 1495.63
13792 1498.4
13800 1501.18
13808 1503.97
13816 1506.75
13824 1509.54
13832 1512.33
13840 1515.13
13848 1517.93
13856 1520.73
13864 1523.53
13872 1526.34
13880 1529.14
13888 1531.95
13896 1534.77
13904 1537.58
13912 1540.39
13920 1543.21
13928 1546.03
13936 1548.85
13944 1551.67
13952 1554.49
13960 1557.31
13968 1560.13
13976 1562.95
13984 1565.78
13992 1568.6
14000 1571.42
14008 1574.25
14016 1577.07
14024 1579.89
14032 1582.71
14040 1585.53
14048 1588.35
14056 1591.17
14064 1593.99
14072 1596.81
14080 1599.62
14088 1602.44
14096 1605.25
14104 1608.06
14112 1610.87
14120 1613.67
14128 1616.48
14136 1619.28
14144 1622.08
14152 1624.87
14160 1627.66
14168 1630.45
14176 1633.24
14184 1636.03
14192 1638.81
14200 1641.58
14208 1644.36
14216 1647.13
14224 1649.89
14232 1652.65
14240 1655.41
14248 1658.16
14256 1660.91
14264 1663.65
14272 1666.39
14280 1669.12
14288 1671.85
14296 1674.58
14304 1677.29
14312 1680.01
14320 1682.71
14328 1685.41
14336 1688.11
14344 1690.8
14352 1693.48
14360 1696.15
14368 1698.82
14376 1701.48
14384 1704.14
14392 1706.79
14400 1709.43
14408 1712.06
14416 1714.69
14424 1717.31
14432 1719.92
14440 1722.52
14448 1725.12
14456 1727.71
14464 1730.29
14472 1732.86
14480 1735.42
14488 1737.97
14496 1740.52
14504 1743.05
14512 1745.58
14520 1748.1
14528 1750.6
14536 1753.1
14544 1755.59
14552 1758.07
14560 1760.54
14568 1763
14576 1765.44
14584 1767.88
14592 1770.31
14600 1772.73
14608 1775.13
14616 1777.53
14624 1779.91
14632 1782.28
14640 1784.64
14648 1786.99
14656 1789.33
14664 1791.65
14672 1793.97
14680 1796.27
14688 1798.56
14696 1800.83
14704 1803.1
14712 1805.35
14720 1807.59
14728 1809.81
14736 1812.03
14744 1814.23
14752 1816.41
14760 1818.58
14768 1820.74
14776 1822.89
14784 1825.02
14792 1827.13
14800 1829.24
14808 1831.32
14816 1833.4
14824 1835.45
14832 1837.5
14840 1839.53
14848 1841.54
14856 1843.54
14864 1845.52
14872 1847.49
14880 1849.44
14888 1851.37
14896 1853.29
14904 1855.2
14912 1857.08
14920 1858.95
14928 1860.81
14936 1862.64
14944 1864.46
14952 1866.27
14960 1868.05
14968 1869.82
14976 1871.57
14984 1873.31
14992 1875.02
15000 1876.72
15008 1878.4
15016 1880.06
15024 1881.71
15032 1883.33
15040 1884.94
15048 1886.53
15056 1888.1
15064 1889.65
15072 1891.18
15080 1892.69
15088 1894.18
15096 1895.65
15104 1897.11
15112 1898.54
15120 1899.95
15128 1901.35
15136 1902.72
15144 1904.07
15152 1905.4
15160 1906.71
15168 1908
15176 1909.27
15184 1910.52
15192 1911.75
15200 1912.95
15208 1914.13
15216 1915.3
15224 1916.44
15232 1917.55
15240 1918.65
15248 1919.72
15256 1920.77
15264 1921.8
15272 1922.81
15280 1923.79
15288 1924.75
15296 1925.69
15304 1926.6
15312 1927.49
15320 1928.35
15328 1929.2
15336 1930.01
15344 1930.81
15352 1931.58
15360 1932.33
15368 1933.05
15376 1933.75
15384 1934.42
15392 1935.07
15400 1935.7
15408 1936.3
15416 1936.89
15424 1937.45
15432 1937.98
15440 1938.5
15448 1938.99
15456 1939.46
15464 1939.9
15472 1940.33
15480 1940.73
15488 1941.12
15496 1941.48
15504 1941.82
15512 1942.14
15520 1942.44
15528 1942.71
15536 1942.97
15544 1943.21
15552 1943.42
15560 1943.62
15568 1943.8
15576 1943.95
15584 1944.09
15592 1944.21
15600 1944.31
15608 1944.39
15616 1944.45
15624 1944.49
15632 1944.52
15640 1944.52
15648 1944.51
15656 1944.48
15664 1944.43
15672 1944.36
15680 1944.28
15688 1944.18
15696 1944.06
15704 1943.92
15712 1943.77
15720 1943.6
15728 1943.42
15736 1943.22
15744 1943
15752 1942.76
15760 1942.51
15768 1942.25
15776 1941.97
15784 1941.67
15792 1941.36
15800 1941.03
15808 1940.69
15816 1940.33
15824 1939.96
15832 1939.58
15840 1939.18
15848 1938.76
15856 1938.34
15864 1937.9
15872 1937.44
15880 1936.97
15888 1936.49
15896 1936
15904 1935.49
15912 1934.97
15920 1934.43
15928 1933.89
15936 1933.33
15944 1932.76
15952 1932.18
15960 1931.59
15968 1930.98
15976 1930.37
15984 1929.74
15992 1929.1
16000 1928.45
16008 1927.79
16016 1927.12
16024 1926.44
16032 1925.75
16040 1925.04
16048 1924.33
16056 1923.61
16064 1922.88
16072 1922.14
16080 1921.39
16088 1920.63
16096 1919.86
16104 1919.09
16112 1918.3
16120 1917.51
16128 1916.71
16136 1915.89
16144 1915.08
16152 1914.25
16160 1913.42
16168 1912.58
16176 1911.73
16184 1910.87
16192 1910.01
16200 1909.14
16208 1908.27
16216 1907.38
16224 1906.49
16232 1905.6
16240 1904.7
16248 1903.79
16256 1902.88
16264 1901.96
16272 1901.04
16280 1900.11
16288 1899.18
16296 1898.24
16304 1897.3
16312 1896.35
16320 1895.4
16328 1894.44
16336 1893.48
16344 1892.52
16352 1891.55
16360 1890.58
16368 1889.61
16376 1888.63
16384 1887.65
16392 1886.67
16400 1885.68
16408 1884.69
16416 1883.7
16424 1882.71
16432 1881.71
16440 1880.72
16448 1879.72
16456 1878.72
16464 1877.72
16472 1876.72
16480 1875.71
16488 1874.71
16496 1873.7
16504 1872.7
16512 1871.69
16520 1870.69
16528 1869.68
16536 1868.67
16544 1867.67
16552 1866.66
16560 1865.66
16568 1864.65
16576 1863.65
16584 1862.65
16592 1861.65
16600 1860.65
16608 1859.65
16616 1858.66
16624 1857.66
16632 1856.67
16640 1855.68
16648 1854.69
16656 1853.71
16664 1852.73
16672 1851.75
16680 1850.77
16688 1849.8
16696 1848.83
16704 1847.87
16712 1846.91
16720 1845.95
16728 1845
16736 1844.05
16744 1843.1
16752 1842.16
16760 1841.22
16768 1840.29
16776 1839.37
16784 1838.45
16792 1837.53
16800 1836.62
16808 1835.72
16816 1834.82
16824 1833.93
16832 1833.05
16840 1832.17
16848 1831.29
16856 1830.43
16864 1829.57
16872 1828.72
16880 1827.87
16888 1827.04
16896 1826.21
16904 1825.38
16912 1824.57
16920 1823.76
16928 1822.97
16936 1822.18
16944 1821.4
16952 1820.62
16960 1819.86
16968 1819.11
16976 1818.36
16984 1817.62
16992 1816.9
17000 1816.18
17008 1815.48
17016 1814.78
17024 1814.09
17032 1813.42
17040 1812.75
17048 1812.1
17056 1811.45
17064 1810.82
17072 1810.2
17080 1809.59
17088 1808.99
17096 1808.4
17104 1807.82
17112 1807.26
17120 1806.71
17128 1806.17
17136 1805.64
17144 1805.13
17152 1804.63
17160 1804.14
17168 1803.67
17176 1803.2
17184 1802.76
17192 1802.32
17200 1801.9
17208 1801.5
17216 1801.1
17224 1800.72
17232 1800.36
17240 1800.01
17248 1799.68
17256 1799.36
17264 1799.05
17272 1798.77
17280 1798.49
17288 1798.24
17296 1797.99
17304 1797.77
17312 1797.56
17320 1797.36
17328 1797.19
17336 1797.03
17344 1796.88
17352 1796.76
17360 1796.65
17368 1796.55
17376 1796.48
17384 1796.42
17392 1796.38
17400 1796.36
17408 1796.36
17416 1796.37
17424 1796.41
17432 1796.46
17440 1796.53
17448 1796.62
17456 1796.73
17464 1796.86
17472 1797
17480 1797.17
17488 1797.36
17496 1797.56
17504 1797.79
17512 1798.04
17520 1798.3
17528 1798.59
17536 1798.9
17544 1799.23
17552 1799.58
17560 1799.95
17568 1800.35
17576 1800.76
17584 1801.19
17592 1801.65
17600 1802.12
17608 1802.62
17616 1803.13
17624 1803.67
17632 1804.22
17640 1804.8
17648 1805.4
17656 1806.01
17664 1806.65
17672 1807.3
17680 1807.98
17688 1808.67
17696 1809.39
17704 1810.12
17712 1810.88
17720 1811.65
17728 1812.44
17736 1813.25
17744 1814.08
17752 1814.93
17760 1815.8
17768 1816.69
17776 1817.6
17784 1818.52
17792 1819.46
17800 1820.43
17808 1821.41
17816 1822.41
17824 1823.42
17832 1824.46
17840 1825.51
17848 1826.58
17856 1827.67
17864 1828.78
17872 1829.91
17880 1831.05
17888 1832.21
17896 1833.39
17904 1834.59
17912 1835.8
17920 1837.03
17928 1838.28
17936 1839.55
17944 1840.83
17952 1842.13
17960 1843.45
17968 1844.79
17976 1846.14
17984 1847.51
17992 1848.89
18000 1850.29
18008 1851.71
18016 1853.15
18024 1854.6
18032 1856.06
18040 1857.55
18048 1859.05
18056 1860.56
18064 1862.1
18072 1863.64
18080 1865.21
18088 1866.79
18096 1868.38
18104 1869.99
18112 1871.62
18120 1873.26
18128 1874.92
18136 1876.6
18144 1878.28
18152 1879.99
18160 1881.71
18168 1883.44
18176 1885.19
18184 1886.95
18192 1888.73
18200 1890.52
18208 1892.33
18216 1894.15
18224 1895.99
18232 1897.84
18240 1899.71
18248 1901.59
18256 1903.48
18264 1905.39
18272 1907.31
18280 1909.25
18288 1911.2
18296 1913.17
18304 1915.14
18312 1917.14
18320 1919.14
18328 1921.16
18336 1923.19
18344 1925.24
18352 1927.3
18360 1929.37
18368 1931.45
18376 1933.55
18384 1935.66
18392 1937.79
18400 1939.92
18408 1942.07
18416 1944.24
18424 1946.41
18432 1948.6
18440 1950.8
18448 1953.01
18456 1955.24
18464 1957.47
18472 1959.72
18480 1961.98
18488 1964.26
18496 1966.54
18504 1968.84
18512 1971.15
18520 1973.47
18528 1975.8
18536 1978.14
18544 1980.5
18552 1982.86
18560 1985.24
18568 1987.63
18576 1990.03
18584 1992.44
18592 1994.86
18600 1997.3
18608 1999.74
18616 2002.2
18624 2004.66
18632 2007.14
18640 2009.62
18648 2012.12
18656 2014.63
18664 2017.14
18672 2019.67
18680 2022.21
18688 2024.76
18696 2027.32
18704 2029.88
18712 2032.46
18720 2035.05
18728 2037.65
18736 2040.25
18744 2042.87
18752 2045.49
18760 2048.13
18768 2050.77
18776 2053.43
18784 2056.09
18792 2058.76
18800 2061.44
18808 2064.13
18816 2066.83
18824 2069.54
18832 2072.26
18840 2074.98
18848 2077.71
18856 2080.46
18864 2083.21
18872 2085.97
18880 2088.73
18888 2091.51
18896 2094.29
18904 2097.08
18912 2099.88
18920 2102.69
18928 2105.5
18936 2108.32
18944 2111.15
18952 2113.99
18960 2116.84
18968 2119.69
18976 2122.55
18984 2125.41
18992 2128.29
19000 2131.17
19008 2134.06
19016 2136.95
19024 2139.86
19032 2142.76
19040 2145.68
19048 2148.6
19056 2151.53
19064 2154.46
19072 2157.41
19080 2160.35
19088 2163.31
19096 2166.27
19104 2169.23
19112 2172.21
19120 2175.19
19128 2178.17
19136 2181.16
19144 2184.15
19152 2187.16
19160 2190.16
19168 2193.17
19176 2196.19
19184 2199.22
19192 2202.24
19200 2205.28
19208 2208.32
19216 2211.36
19224 2214.41
19232 2217.46
19240 2220.52
19248 2223.58
19256 2226.65
19264 2229.72
19272 2232.8
19280 2235.88
19288 2238.96
19296 2242.05
19304 2245.15
19312 2248.25
19320 2251.35
19328 2254.45
19336 2257.56
19344 2260.68
19352 2263.79
19360 2266.91
19368 2270.04
19376 2273.17
19384 2276.3
19392 2279.43
19400 2282.57
19408 2285.71
19416 2288.85
19424 2292
19432 2295.15
19440 2298.3
19448 2301.46
19456 2304.62
19464 2307.78
19472 2310.94
19480 2314.11
19488 2317.28
19496 2320.45
19504 2323.62
19512 2326.8
19520 2329.98
19528 2333.16
19536 2336.34
19544 2339.52
19552 2342.71
19560 2345.89
19568 2349.08
19576 2352.27
19584 2355.46
19592 2358.66
19600 2361.85
19608 2365.05
19616 2368.24
19624 2371.44
19632 2374.64
19640 2377.84
19648 2381.04
19656 2384.24
19664 2387.44
19672 2390.65
19680 2393.85
19688 2397.05
19696 2400.26
19704 2403.46
19712 2406.67
19720 2409.87
19728 2413.08
