0 2114.88
8 2114.81
16 2114.74
24 2114.66
32 2114.59
40 2114.52
48 2114.44
56 2114.37
64 2114.3
72 2114.22
80 2114.15
88 2114.08
96 2114.01
104 2113.93
112 2113.86
120 2113.79
128 2113.72
136 2113.65
144 2113.58
152 2113.51
160 2113.44
168 2113.37
176 2113.3
184 2113.24
192 2113.17
200 2113.1
208 2113.04
216 2112.97
224 2112.91
232 2112.84
240 2112.78
248 2112.71
256 2112.65
264 2112.59
272 2112.53
280 2112.47
288 2112.41
296 2112.35
304 2112.3
312 2112.24
320 2112.18
328 2112.13
336 2112.08
344 2112.02
352 2111.97
360 2111.92
368 2111.87
376 2111.82
384 2111.78
392 2111.73
400 2111.68
408 2111.64
416 2111.6
424 2111.56
432 2111.52
440 2111.48
448 2111.44
456 2111.4
464 2111.37
472 2111.33
480 2111.3
488 2111.27
496 2111.24
504 2111.21
512 2111.19
520 2111.16
528 2111.14
536 2111.11
544 2111.09
552 2111.08
560 2111.06
568 2111.04
576 2111.03
584 2111.02
592 2111
600 2111
608 2110.99
616 2110.98
624 2110.98
632 2110.98
640 2110.98
648 2110.98
656 2110.98
664 2110.99
672 2111
680 2111.01
688 2111.02
696 2111.03
704 2111.05
712 2111.07
720 2111.09
728 2111.11
736 2111.13
744 2111.16
752 2111.19
760 2111.22
768 2111.25
776 2111.28
784 2111.32
792 2111.36
800 2111.4
808 2111.45
816 2111.49
824 2111.54
832 2111.59
840 2111.65
848 2111.7
856 2111.76
864 2111.82
872 2111.89
880 2111.95
888 2112.02
896 2112.09
904 2112.17
912 2112.24
920 2112.32
928 2112.41
936 2112.49
944 2112.58
952 2112.67
960 2112.76
968 2112.86
976 2112.96
984 2113.06
992 2113.16
1000 2113.27
1008 2113.38
1016 2113.49
1024 2113.61
1032 2113.73
1040 2113.85
1048 2113.97
1056 2114.1
1064 2114.23
1072 2114.37
1080 2114.51
1088 2114.65
1096 2114.79
1104 2114.94
1112 2115.09
1120 2115.24
1128 2115.4
1136 2115.56
1144 2115.72
1152 2115.89
1160 2116.06
1168 2116.23
1176 2116.41
1184 2116.59
1192 2116.77
1200 2116.96
1208 2117.15
1216 2117.34
1224 2117.54
1232 2117.74
1240 2117.95
1248 2118.16
1256 2118.37
1264 2118.58
1272 2118.8
1280 2119.03
1288 2119.25
1296 2119.49
1304 2119.72
1312 2119.96
1320 2120.2
1328 2120.45
1336 2120.7
1344 2120.95
1352 2121.21
1360 2121.47
1368 2121.74
1376 2122.01
1384 2122.28
1392 2122.56
1400 2122.84
1408 2123.12
1416 2123.41
1424 2123.71
1432 2124.01
1440 2124.31
1448 2124.62
1456 2124.93
1464 2125.24
1472 2125.56
1480 2125.89
1488 2126.21
1496 2126.55
1504 2126.88
1512 2127.22
1520 2127.57
1528 2127.92
1536 2128.27
1544 2128.63
1552 2129
1560 2129.36
1568 2129.74
1576 2130.11
1584 2130.5
1592 2130.88
1600 2131.27
1608 2131.67
1616 2132.07
1624 2132.47
1632 2132.88
1640 2133.3
1648 2133.72
1656 2134.14
1664 2134.57
1672 2135
1680 2135.44
1688 2135.89
1696 2136.34
1704 2136.79
1712 2137.25
1720 2137.71
1728 2138.18
1736 2138.65
1744 2139.13
1752 2139.62
1760 2140.1
1768 2140.6
1776 2141.1
1784 2141.6
1792 2142.11
1800 2142.63
1808 2143.15
1816 2143.67
1824 2144.2
1832 2144.74
1840 2145.28
1848 2145.82
1856 2146.38
1864 2146.93
1872 2147.49
1880 2148.06
1888 2148.63
1896 2149.2
1904 2149.78
1912 2150.37
1920 2150.95
1928 2151.54
1936 2152.14
1944 2152.74
1952 2153.34
1960 2153.94
1968 2154.55
1976 2155.17
1984 2155.78
1992 2156.4
2000 2157.02
2008 2157.64
2016 2158.27
2024 2158.9
2032 2159.53
2040 2160.16
2048 2160.8
2056 2161.44
2064 2162.08
2072 2162.72
2080 2163.36
2088 2164
2096 2164.65
2104 2165.3
2112 2165.94
2120 2166.59
2128 2167.24
2136 2167.89
2144 2168.55
2152 2169.2
2160 2169.85
2168 2170.5
2176 2171.16
2184 2171.81
2192 2172.46
2200 2173.12
2208 2173.77
2216 2174.42
2224 2175.07
2232 2175.72
2240 2176.37
2248 2177.02
2256 2177.67
2264 2178.32
2272 2178.96
2280 2179.61
2288 2180.25
2296 2180.89
2304 2181.53
2312 2182.17
2320 2182.81
2328 2183.44
2336 2184.07
2344 2184.7
2352 2185.33
2360 2185.95
2368 2186.57
2376 2187.19
2384 2187.81
2392 2188.42
2400 2189.03
2408 2189.64
2416 2190.24
2424 2190.84
2432 2191.43
2440 2192.02
2448 2192.61
2456 2193.2
2464 2193.78
2472 2194.35
2480 2194.92
2488 2195.49
2496 2196.05
2504 2196.61
2512 2197.16
2520 2197.71
2528 2198.25
2536 2198.78
2544 2199.32
2552 2199.84
2560 2200.36
2568 2200.88
2576 2201.38
2584 2201.89
2592 2202.38
2600 2202.87
2608 2203.36
2616 2203.84
2624 2204.31
2632 2204.77
2640 2205.23
2648 2205.68
2656 2206.12
2664 2206.56
2672 2206.99
2680 2207.41
2688 2207.83
2696 2208.23
2704 2208.63
2712 2209.02
2720 2209.4
2728 2209.78
2736 2210.15
2744 2210.5
2752 2210.85
2760 2211.19
2768 2211.53
2776 2211.85
2784 2212.16
2792 2212.47
2800 2212.77
2808 2213.05
2816 2213.33
2824 2213.6
2832 2213.85
2840 2214.1
2848 2214.34
2856 2214.57
2864 2214.79
2872 2214.99
2880 2215.19
2888 2215.38
2896 2215.55
2904 2215.72
2912 2215.87
2920 2216.02
2928 2216.15
2936 2216.27
2944 2216.38
2952 2216.48
2960 2216.56
2968 2216.64
2976 2216.7
2984 2216.75
2992 2216.79
3000 2216.82
3008 2216.83
3016 2216.83
3024 2216.82
3032 2216.8
3040 2216.76
3048 2216.71
3056 2216.65
3064 2216.57
3072 2216.48
3080 2216.38
3088 2216.26
3096 2216.13
3104 2215.99
3112 2215.83
3120 2215.66
3128 2215.47
3136 2215.27
3144 2215.06
3152 2214.83
3160 2214.59
3168 2214.33
3176 2214.05
3184 2213.76
3192 2213.46
3200 2213.14
3208 2212.81
3216 2212.46
3224 2212.09
3232 2211.71
3240 2211.31
3248 2210.9
3256 2210.47
3264 2210.03
3272 2209.57
3280 2209.09
3288 2208.59
3296 2208.08
3304 2207.55
3312 2207.01
3320 2206.45
3328 2205.87
3336 2205.27
3344 2204.65
3352 2204.02
3360 2203.37
3368 2202.71
3376 2202.02
3384 2201.32
3392 2200.6
3400 2199.86
3408 2199.1
3416 2198.32
3424 2197.53
3432 2196.71
3440 2195.88
3448 2195.03
3456 2194.16
3464 2193.27
3472 2192.36
3480 2191.43
3488 2190.48
3496 2189.51
3504 2188.52
3512 2187.52
3520 2186.49
3528 2185.44
3536 2184.37
3544 2183.28
3552 2182.17
3560 2181.04
3568 2179.89
3576 2178.72
3584 2177.53
3592 2176.31
3600 2175.08
3608 2173.82
3616 2172.54
3624 2171.24
3632 2169.92
3640 2168.57
3648 2167.21
3656 2165.82
3664 2164.41
3672 2162.98
3680 2161.52
3688 2160.05
3696 2158.55
3704 2157.03
3712 2155.49
3720 2153.93
3728 2152.35
3736 2150.74
3744 2149.12
3752 2147.48
3760 2145.81
3768 2144.13
3776 2142.42
3784 2140.7
3792 2138.95
3800 2137.19
3808 2135.4
3816 2133.6
3824 2131.78
3832 2129.94
3840 2128.08
3848 2126.2
3856 2124.3
3864 2122.38
3872 2120.45
3880 2118.5
3888 2116.53
3896 2114.54
3904 2112.53
3912 2110.51
3920 2108.47
3928 2106.41
3936 2104.34
3944 2102.24
3952 2100.14
3960 2098.01
3968 2095.87
3976 2093.71
3984 2091.54
3992 2089.35
4000 2087.14
4008 2084.92
4016 2082.68
4024 2080.43
4032 2078.16
4040 2075.88
4048 2073.58
4056 2071.27
4064 2068.94
4072 2066.6
4080 2064.24
4088 2061.87
4096 2059.49
4104 2057.09
4112 2054.68
4120 2052.26
4128 2049.82
4136 2047.36
4144 2044.9
4152 2042.42
4160 2039.93
4168 2037.43
4176 2034.91
4184 2032.38
4192 2029.84
4200 2027.29
4208 2024.72
4216 2022.15
4224 2019.56
4232 2016.96
4240 2014.35
4248 2011.73
4256 2009.09
4264 2006.45
4272 2003.8
4280 2001.13
4288 1998.45
4296 1995.77
4304 1993.07
4312 1990.37
4320 1987.65
4328 1984.93
4336 1982.19
4344 1979.45
4352 1976.69
4360 1973.93
4368 1971.16
4376 1968.38
4384 1965.59
4392 1962.79
4400 1959.99
4408 1957.18
4416 1954.35
4424 1951.53
4432 1948.69
4440 1945.84
4448 1942.99
4456 1940.13
4464 1937.27
4472 1934.39
4480 1931.51
4488 1928.63
4496 1925.73
4504 1922.84
4512 1919.93
4520 1917.02
4528 1914.1
4536 1911.18
4544 1908.25
4552 1905.32
4560 1902.38
4568 1899.43
4576 1896.48
4584 1893.53
4592 1890.57
4600 1887.61
4608 1884.64
4616 1881.67
4624 1878.69
4632 1875.71
4640 1872.73
4648 1869.74
4656 1866.75
4664 1863.76
4672 1860.76
4680 1857.76
4688 1854.76
4696 1851.75
4704 1848.74
4712 1845.73
4720 1842.72
4728 1839.7
4736 1836.69
4744 1833.67
4752 1830.65
4760 1827.63
4768 1824.6
4776 1821.58
4784 1818.55
4792 1815.53
4800 1812.5
4808 1809.47
4816 1806.45
4824 1803.42
4832 1800.39
4840 1797.36
4848 1794.33
4856 1791.3
4864 1788.28
4872 1785.25
4880 1782.23
4888 1779.2
4896 1776.18
4904 1773.15
4912 1770.13
4920 1767.11
4928 1764.1
4936 1761.08
4944 1758.06
4952 1755.05
4960 1752.04
4968 1749.04
4976 1746.03
4984 1743.03
4992 1740.03
5000 1737.03
5008 1734.04
5016 1731.05
5024 1728.07
5032 1725.08
5040 1722.11
5048 1719.13
5056 1716.16
5064 1713.19
5072 1710.23
5080 1707.28
5088 1704.32
5096 1701.38
5104 1698.43
5112 1695.5
5120 1692.56
5128 1689.64
5136 1686.72
5144 1683.8
5152 1680.89
5160 1677.99
5168 1675.09
5176 1672.2
5184 1669.32
5192 1666.44
5200 1663.57
5208 1660.71
5216 1657.85
5224 1655
5232 1652.16
5240 1649.32
5248 1646.5
5256 1643.68
5264 1640.87
5272 1638.07
5280 1635.27
5288 1632.49
5296 1629.71
5304 1626.94
5312 1624.18
5320 1621.43
5328 1618.69
5336 1615.96
5344 1613.24
5352 1610.53
5360 1607.83
5368 1605.13
5376 1602.45
5384 1599.78
5392 1597.12
5400 1594.47
5408 1591.83
5416 1589.2
5424 1586.58
5432 1583.97
5440 1581.38
5448 1578.79
5456 1576.22
5464 1573.66
5472 1571.11
5480 1568.58
5488 1566.05
5496 1563.54
5504 1561.04
5512 1558.55
5520 1556.08
5528 1553.62
5536 1551.16
5544 1548.72
5552 1546.3
5560 1543.88
5568 1541.48
5576 1539.08
5584 1536.7
5592 1534.33
5600 1531.97
5608 1529.63
5616 1527.29
5624 1524.96
5632 1522.65
5640 1520.35
5648 1518.06
5656 1515.78
5664 1513.51
5672 1511.25
5680 1509
5688 1506.76
5696 1504.53
5704 1502.32
5712 1500.11
5720 1497.92
5728 1495.73
5736 1493.56
5744 1491.39
5752 1489.24
5760 1487.09
5768 1484.96
5776 1482.83
5784 1480.72
5792 1478.61
5800 1476.52
5808 1474.43
5816 1472.36
5824 1470.29
5832 1468.24
5840 1466.19
5848 1464.15
5856 1462.12
5864 1460.1
5872 1458.09
5880 1456.09
5888 1454.1
5896 1452.12
5904 1450.15
5912 1448.18
5920 1446.22
5928 1444.28
5936 1442.34
5944 1440.41
5952 1438.49
5960 1436.57
5968 1434.67
5976 1432.77
5984 1430.88
5992 1429
6000 1427.13
6008 1425.27
6016 1423.41
6024 1421.56
6032 1419.72
6040 1417.89
6048 1416.07
6056 1414.25
6064 1412.44
6072 1410.64
6080 1408.85
6088 1407.06
6096 1405.28
6104 1403.51
6112 1401.74
6120 1399.99
6128 1398.24
6136 1396.49
6144 1394.76
6152 1393.03
6160 1391.3
6168 1389.59
6176 1387.88
6184 1386.18
6192 1384.48
6200 1382.79
6208 1381.11
6216 1379.43
6224 1377.76
6232 1376.1
6240 1374.44
6248 1372.79
6256 1371.14
6264 1369.5
6272 1367.87
6280 1366.24
6288 1364.62
6296 1363
6304 1361.39
6312 1359.79
6320 1358.19
6328 1356.6
6336 1355.01
6344 1353.42
6352 1351.85
6360 1350.27
6368 1348.71
6376 1347.14
6384 1345.59
6392 1344.03
6400 1342.49
6408 1340.94
6416 1339.4
6424 1337.87
6432 1336.34
6440 1334.82
6448 1333.3
6456 1331.78
6464 1330.27
6472 1328.77
6480 1327.26
6488 1325.77
6496 1324.27
6504 1322.78
6512 1321.3
6520 1319.82
6528 1318.34
6536 1316.86
6544 1315.39
6552 1313.92
6560 1312.46
6568 1311
6576 1309.55
6584 1308.09
6592 1306.64
6600 1305.2
6608 1303.75
6616 1302.31
6624 1300.88
6632 1299.44
6640 1298.01
6648 1296.58
6656 1295.16
6664 1293.74
6672 1292.32
6680 1290.9
6688 1289.48
6696 1288.07
6704 1286.66
6712 1285.25
6720 1283.85
6728 1282.45
6736 1281.04
6744 1279.65
6752 1278.25
6760 1276.85
6768 1275.46
6776 1274.07
6784 1272.68
6792 1271.29
6800 1269.91
6808 1268.52
6816 1267.14
6824 1265.76
6832 1264.38
6840 1263
6848 1261.62
6856 1260.25
6864 1258.87
6872 1257.5
6880 1256.13
6888 1254.75
6896 1253.38
6904 1252.01
6912 1250.64
6920 1249.27
6928 1247.91
6936 1246.54
6944 1245.17
6952 1243.8
6960 1242.44
6968 1241.07
6976 1239.7
6984 1238.34
6992 1236.97
7000 1235.61
7008 1234.24
7016 1232.88
7024 1231.51
7032 1230.14
7040 1228.78
7048 1227.41
7056 1226.04
7064 1224.67
7072 1223.3
7080 1221.93
7088 1220.56
7096 1219.19
7104 1217.82
7112 1216.45
7120 1215.08
7128 1213.7
7136 1212.33
7144 1210.95
7152 1209.57
7160 1208.19
7168 1206.81
7176 1205.43
7184 1204.05
7192 1202.66
7200 1201.28
7208 1199.89
7216 1198.5
7224 1197.11
7232 1195.71
7240 1194.32
7248 1192.92
7256 1191.52
7264 1190.12
7272 1188.71
7280 1187.31
7288 1185.9
7296 1184.49
7304 1183.07
7312 1181.66
7320 1180.24
7328 1178.82
7336 1177.4
7344 1175.97
7352 1174.54
7360 1173.11
7368 1171.68
7376 1170.25
7384 1168.81
7392 1167.37
7400 1165.93
7408 1164.49
7416 1163.05
7424 1161.61
7432 1160.16
7440 1158.71
7448 1157.27
7456 1155.82
7464 1154.37
7472 1152.91
7480 1151.46
7488 1150.01
7496 1148.55
7504 1147.1
7512 1145.64
7520 1144.19
7528 1142.73
7536 1141.27
7544 1139.81
7552 1138.36
7560 1136.9
7568 1135.44
7576 1133.98
7584 1132.52
7592 1131.06
7600 1129.61
7608 1128.15
7616 1126.69
7624 1125.23
7632 1123.78
7640 1122.32
7648 1120.87
7656 1119.41
7664 1117.96
7672 1116.5
7680 1115.05
7688 1113.6
7696 1112.15
7704 1110.7
7712 1109.25
7720 1107.81
7728 1106.36
7736 1104.92
7744 1103.48
7752 1102.04
7760 1100.6
7768 1099.16
7776 1097.73
7784 1096.29
7792 1094.86
7800 1093.43
7808 1092.01
7816 1090.58
7824 1089.16
7832 1087.74
7840 1086.32
7848 1084.91
7856 1083.5
7864 1082.09
7872 1080.68
7880 1079.28
7888 1077.88
7896 1076.48
7904 1075.08
7912 1073.69
7920 1072.3
7928 1070.92
7936 1069.54
7944 1068.16
7952 1066.78
7960 1065.41
7968 1064.04
7976 1062.68
7984 1061.32
7992 1059.97
8000 1058.61
8008 1057.27
8016 1055.92
8024 1054.58
8032 1053.25
8040 1051.92
8048 1050.59
8056 1049.27
8064 1047.95
8072 1046.64
8080 1045.33
8088 1044.03
8096 1042.73
8104 1041.44
8112 1040.15
8120 1038.87
8128 1037.59
8136 1036.32
8144 1035.06
8152 1033.8
8160 1032.54
8168 1031.29
8176 1030.05
8184 1028.81
8192 1027.58
8200 1026.35
8208 1025.13
8216 1023.91
8224 1022.71
8232 1021.5
8240 1020.31
8248 1019.12
8256 1017.94
8264 1016.76
8272 1015.59
8280 1014.43
8288 1013.27
8296 1012.12
8304 1010.98
8312 1009.84
8320 1008.71
8328 1007.59
8336 1006.48
8344 1005.37
8352 1004.27
8360 1003.18
8368 1002.1
8376 1001.02
8384 999.951
8392 998.89
8400 997.837
8408 996.791
8416 995.754
8424 994.724
8432 993.703
8440 992.69
8448 991.685
8456 990.689
8464 989.701
8472 988.722
8480 987.751
8488 986.789
8496 985.836
8504 984.892
8512 983.956
8520 983.03
8528 982.112
8536 981.204
8544 980.305
8552 979.415
8560 978.535
8568 977.664
8576 976.803
8584 975.951
8592 975.109
8600 974.277
8608 973.455
8616 972.642
8624 971.84
8632 971.047
8640 970.265
8648 969.493
8656 968.731
8664 967.98
8672 967.239
8680 966.509
8688 965.789
8696 965.08
8704 964.382
8712 963.694
8720 963.018
8728 962.352
8736 961.698
8744 961.054
8752 960.422
8760 959.801
8768 959.192
8776 958.594
8784 958.008
8792 957.433
8800 956.87
8808 956.318
8816 955.779
8824 955.251
8832 954.735
8840 954.232
8848 953.74
8856 953.261
8864 952.794
8872 952.34
8880 951.898
8888 951.468
8896 951.051
8904 950.647
8912 950.256
8920 949.877
8928 949.511
8936 949.159
8944 948.819
8952 948.492
8960 948.179
8968 947.879
8976 947.593
8984 947.319
8992 947.06
9000 946.814
9008 946.581
9016 946.363
9024 946.158
9032 945.967
9040 945.79
9048 945.627
9056 945.479
9064 945.344
9072 945.224
9080 945.118
9088 945.027
9096 944.95
9104 944.888
9112 944.841
9120 944.808
9128 944.79
9136 944.787
9144 944.799
9152 944.826
9160 944.867
9168 944.924
9176 944.994
9184 945.08
9192 945.179
9200 945.293
9208 945.421
9216 945.564
9224 945.72
9232 945.89
9240 946.073
9248 946.271
9256 946.482
9264 946.706
9272 946.944
9280 947.195
9288 947.459
9296 947.736
9304 948.026
9312 948.33
9320 948.645
9328 948.974
9336 949.315
9344 949.668
9352 950.034
9360 950.412
9368 950.802
9376 951.204
9384 951.619
9392 952.045
9400 952.482
9408 952.932
9416 953.393
9424 953.865
9432 954.349
9440 954.844
9448 955.35
9456 955.867
9464 956.395
9472 956.934
9480 957.484
9488 958.044
9496 958.615
9504 959.196
9512 959.788
9520 960.39
9528 961.002
9536 961.624
9544 962.256
9552 962.897
9560 963.549
9568 964.21
9576 964.88
9584 965.561
9592 966.25
9600 966.949
9608 967.656
9616 968.373
9624 969.099
9632 969.833
9640 970.576
9648 971.328
9656 972.088
9664 972.857
9672 973.634
9680 974.419
9688 975.213
9696 976.014
9704 976.824
9712 977.641
9720 978.466
9728 979.298
9736 980.138
9744 980.985
9752 981.84
9760 982.702
9768 983.571
9776 984.447
9784 985.33
9792 986.219
9800 987.116
9808 988.019
9816 988.928
9824 989.844
9832 990.766
9840 991.695
9848 992.629
9856 993.569
9864 994.516
9872 995.468
9880 996.426
9888 997.389
9896 998.358
9904 999.332
9912 1000.31
9920 1001.3
9928 1002.29
9936 1003.28
9944 1004.28
9952 1005.29
9960 1006.3
9968 1007.31
9976 1008.33
9984 1009.35
9992 1010.38
10000 1011.41
10008 1012.44
10016 1013.48
10024 1014.53
10032 1015.57
10040 1016.62
10048 1017.68
10056 1018.73
10064 1019.8
10072 1020.86
10080 1021.93
10088 1023
10096 1024.07
10104 1025.15
10112 1026.23
10120 1027.31
10128 1028.39
10136 1029.48
10144 1030.57
10152 1031.66
10160 1032.75
10168 1033.85
10176 1034.95
10184 1036.05
10192 1037.15
10200 1038.25
10208 1039.35
10216 1040.46
10224 1041.57
10232 1042.68
10240 1043.79
10248 1044.9
10256 1046.01
10264 1047.12
10272 1048.23
10280 1049.35
10288 1050.46
10296 1051.58
10304 1052.69
10312 1053.81
10320 1054.92
10328 1056.04
10336 1057.15
10344 1058.27
10352 1059.38
10360 1060.5
10368 1061.61
10376 1062.73
10384 1063.84
10392 1064.95
10400 1066.06
10408 1067.18
10416 1068.28
10424 1069.39
10432 1070.5
10440 1071.61
10448 1072.71
10456 1073.81
10464 1074.91
10472 1076.01
10480 1077.11
10488 1078.21
10496 1079.3
10504 1080.39
10512 1081.48
10520 1082.57
10528 1083.65
10536 1084.73
10544 1085.81
10552 1086.89
10560 1087.96
10568 1089.03
10576 1090.1
10584 1091.16
10592 1092.22
10600 1093.28
10608 1094.33
10616 1095.38
10624 1096.43
10632 1097.47
10640 1098.51
10648 1099.54
10656 1100.57
10664 1101.6
10672 1102.62
10680 1103.64
10688 1104.65
10696 1105.66
10704 1106.67
10712 1107.67
10720 1108.66
10728 1109.65
10736 1110.63
10744 1111.61
10752 1112.59
10760 1113.56
10768 1114.52
10776 1115.48
10784 1116.43
10792 1117.37
10800 1118.31
10808 1119.25
10816 1120.17
10824 1121.1
10832 1122.01
10840 1122.92
10848 1123.82
10856 1124.72
10864 1125.61
10872 1126.49
10880 1127.36
10888 1128.23
10896 1129.09
10904 1129.95
10912 1130.79
10920 1131.63
10928 1132.46
10936 1133.29
10944 1134.1
10952 1134.91
10960 1135.71
10968 1136.51
10976 1137.29
10984 1138.07
10992 1138.84
11000 1139.6
11008 1140.35
11016 1141.09
11024 1141.83
11032 1142.56
11040 1143.29
11048 1144
11056 1144.71
11064 1145.41
11072 1146.1
11080 1146.79
11088 1147.47
11096 1148.14
11104 1148.81
11112 1149.46
11120 1150.12
11128 1150.76
11136 1151.4
11144 1152.03
11152 1152.65
11160 1153.27
11168 1153.88
11176 1154.49
11184 1155.09
11192 1155.68
11200 1156.27
11208 1156.85
11216 1157.42
11224 1157.99
11232 1158.55
11240 1159.11
11248 1159.66
11256 1160.21
11264 1160.75
11272 1161.28
11280 1161.81
11288 1162.33
11296 1162.85
11304 1163.36
11312 1163.87
11320 1164.37
11328 1164.87
11336 1165.36
11344 1165.85
11352 1166.33
11360 1166.8
11368 1167.28
11376 1167.74
11384 1168.21
11392 1168.66
11400 1169.12
11408 1169.56
11416 1170.01
11424 1170.45
11432 1170.88
11440 1171.32
11448 1171.74
11456 1172.17
11464 1172.59
11472 1173
11480 1173.41
11488 1173.82
11496 1174.22
11504 1174.62
11512 1175.02
11520 1175.41
11528 1175.8
11536 1176.19
11544 1176.57
11552 1176.95
11560 1177.32
11568 1177.7
11576 1178.06
11584 1178.43
11592 1178.79
11600 1179.15
11608 1179.51
11616 1179.87
11624 1180.22
11632 1180.57
11640 1180.92
11648 1181.26
11656 1181.6
11664 1181.94
11672 1182.28
11680 1182.61
11688 1182.94
11696 1183.27
11704 1183.6
11712 1183.93
11720 1184.25
11728 1184.58
11736 1184.9
11744 1185.21
11752 1185.53
11760 1185.85
11768 1186.16
11776 1186.47
11784 1186.78
11792 1187.09
11800 1187.4
11808 1187.71
11816 1188.01
11824 1188.32
11832 1188.62
11840 1188.93
11848 1189.23
11856 1189.53
11864 1189.83
11872 1190.13
11880 1190.43
11888 1190.72
11896 1191.02
11904 1191.32
11912 1191.62
11920 1191.91
11928 1192.21
11936 1192.5
11944 1192.8
11952 1193.1
11960 1193.39
11968 1193.69
11976 1193.98
11984 1194.28
11992 1194.58
12000 1194.87
12008 1195.17
12016 1195.47
12024 1195.77
12032 1196.06
12040 1196.36
12048 1196.66
12056 1196.96
12064 1197.27
12072 1197.57
12080 1197.87
12088 1198.18
12096 1198.48
12104 1198.79
12112 1199.1
12120 1199.41
12128 1199.72
12136 1200.03
12144 1200.34
12152 1200.66
12160 1200.98
12168 1201.29
12176 1201.61
12184 1201.94
12192 1202.26
12200 1202.59
12208 1202.91
12216 1203.24
12224 1203.58
12232 1203.91
12240 1204.25
12248 1204.59
12256 1204.93
12264 1205.27
12272 1205.62
12280 1205.97
12288 1206.32
12296 1206.67
12304 1207.03
12312 1207.39
12320 1207.75
12328 1208.12
12336 1208.49
12344 1208.86
12352 1209.23
12360 1209.61
12368 1210
12376 1210.38
12384 1210.77
12392 1211.16
12400 1211.56
12408 1211.96
12416 1212.36
12424 1212.77
12432 1213.18
12440 1213.59
12448 1214.01
12456 1214.43
12464 1214.86
12472 1215.29
12480 1215.73
12488 1216.16
12496 1216.61
12504 1217.06
12512 1217.51
12520 1217.97
12528 1218.43
12536 1218.89
12544 1219.37
12552 1219.84
12560 1220.32
12568 1220.81
12576 1221.3
12584 1221.8
12592 1222.3
12600 1222.8
12608 1223.31
12616 1223.83
12624 1224.35
12632 1224.88
12640 1225.41
12648 1225.95
12656 1226.5
12664 1227.05
12672 1227.6
12680 1228.17
12688 1228.73
12696 1229.31
12704 1229.89
12712 1230.47
12720 1231.07
12728 1231.66
12736 1232.27
12744 1232.88
12752 1233.5
12760 1234.12
12768 1234.75
12776 1235.39
12784 1236.03
12792 1236.68
12800 1237.34
12808 1238
12816 1238.67
12824 1239.35
12832 1240.04
12840 1240.73
12848 1241.42
12856 1242.13
12864 1242.84
12872 1243.55
12880 1244.28
12888 1245
12896 1245.74
12904 1246.48
12912 1247.23
12920 1247.98
12928 1248.74
12936 1249.5
12944 1250.27
12952 1251.05
12960 1251.83
12968 1252.62
12976 1253.41
12984 1254.21
12992 1255.02
13000 1255.83
13008 1256.64
13016 1257.46
13024 1258.29
13032 1259.12
13040 1259.96
13048 1260.8
13056 1261.65
13064 1262.5
13072 1263.36
13080 1264.22
13088 1265.09
13096 1265.96
13104 1266.83
13112 1267.72
13120 1268.6
13128 1269.49
13136 1270.39
13144 1271.29
13152 1272.19
13160 1273.1
13168 1274.01
13176 1274.93
13184 1275.85
13192 1276.78
13200 1277.71
13208 1278.64
13216 1279.58
13224 1280.52
13232 1281.47
13240 1282.42
13248 1283.37
13256 1284.33
13264 1285.29
13272 1286.26
13280 1287.23
13288 1288.2
13296 1289.18
13304 1290.16
13312 1291.14
13320 1292.13
13328 1293.12
13336 1294.11
13344 1295.1
13352 1296.1
13360 1297.11
13368 1298.11
13376 1299.12
13384 1300.13
13392 1301.15
13400 1302.16
13408 1303.18
13416 1304.21
13424 1305.23
13432 1306.26
13440 1307.29
13448 1308.33
13456 1309.36
13464 1310.4
13472 1311.44
13480 1312.48
13488 1313.53
13496 1314.58
13504 1315.63
13512 1316.68
13520 1317.73
13528 1318.79
13536 1319.85
13544 1320.91
13552 1321.97
13560 1323.03
13568 1324.1
13576 1325.17
13584 1326.23
13592 1327.3
13600 1328.38
13608 1329.45
13616 1330.52
13624 1331.6
13632 1332.68
13640 1333.76
13648 1334.84
13656 1335.92
13664 1337
13672 1338.09
13680 1339.17
13688 1340.26
13696 1341.34
13704 1342.43
13712 1343.52
13720 1344.61
13728 1345.7
13736 1346.79
13744 1347.88
13752 1348.97
13760 1350.06
13768 1351.15
13776 1352.25
13784 1353.34
13792 1354.43
13800 1355.53
13808 1356.62
13816 1357.71
13824 1358.81
13832 1359.9
13840 1361
13848 1362.09
13856 1363.19
13864 1364.28
13872 1365.37
13880 1366.47
13888 1367.56
13896 1368.65
13904 1369.74
13912 1370.84
13920 1371.93
13928 1373.02
13936 1374.11
13944 1375.2
13952 1376.28
13960 1377.37
13968 1378.46
13976 1379.55
13984 1380.63
13992 1381.71
14000 1382.8
14008 1383.88
14016 1384.96
14024 1386.04
14032 1387.12
14040 1388.19
14048 1389.27
14056 1390.34
14064 1391.42
14072 1392.49
14080 1393.56
14088 1394.62
14096 1395.69
14104 1396.75
14112 1397.82
14120 1398.88
14128 1399.94
14136 1400.99
14144 1402.05
14152 1403.1
14160 1404.15
14168 1405.2
14176 1406.24
14184 1407.29
14192 1408.33
14200 1409.37
14208 1410.41
14216 1411.44
14224 1412.47
14232 1413.5
14240 1414.53
14248 1415.55
14256 1416.57
14264 1417.59
14272 1418.61
14280 1419.62
14288 1420.63
14296 1421.64
14304 1422.64
14312 1423.64
14320 1424.64
14328 1425.63
14336 1426.62
14344 1427.61
14352 1428.59
14360 1429.57
14368 1430.55
14376 1431.53
14384 1432.5
14392 1433.46
14400 1434.43
14408 1435.38
14416 1436.34
14424 1437.29
14432 1438.24
14440 1439.18
14448 1440.12
14456 1441.06
14464 1441.99
14472 1442.92
14480 1443.84
14488 1444.76
14496 1445.67
14504 1446.58
14512 1447.49
14520 1448.39
14528 1449.29
14536 1450.18
14544 1451.07
14552 1451.95
14560 1452.83
14568 1453.7
14576 1454.57
14584 1455.43
14592 1456.29
14600 1457.15
14608 1458
14616 1458.89
14624 1459.68
14632 1460.51
14640 1461.34
14648 1462.16
14656 1462.98
14664 1463.79
14672 1464.6
14680 1465.41
14688 1466.21
14696 1467
14704 1467.79
14712 1468.58
14720 1469.36
14728 1470.14
14736 1470.91
14744 1471.68
14752 1472.44
14760 1473.2
14768 1473.96
14776 1474.71
14784 1475.46
14792 1476.21
14800 1476.95
14808 1477.68
14816 1478.42
14824 1479.15
14832 1479.87
14840 1480.6
14848 1481.32
14856 1482.03
14864 1482.74
14872 1483.45
14880 1484.16
14888 1484.86
14896 1485.56
14904 1486.26
14912 1486.96
14920 1487.65
14928 1488.34
14936 1489.02
14944 1489.71
14952 1490.39
14960 1491.07
14968 1491.74
14976 1492.41
14984 1493.09
14992 1493.75
15000 1494.42
15008 1495.09
15016 1495.75
15024 1496.41
15032 1497.07
15040 1497.72
15048 1498.38
15056 1499.03
15064 1499.68
15072 1500.33
15080 1500.98
15088 1501.63
15096 1502.27
15104 1502.91
15112 1503.56
15120 1504.2
15128 1504.84
15136 1505.47
15144 1506.11
15152 1506.75
15160 1507.38
15168 1508.02
15176 1508.65
15184 1509.28
15192 1509.92
15200 1510.55
15208 1511.18
15216 1511.81
15224 1512.44
15232 1513.07
15240 1513.7
15248 1514.33
15256 1514.95
15264 1515.58
15272 1516.21
15280 1516.84
15288 1517.47
15296 1518.09
15304 1518.72
15312 1519.35
15320 1519.98
15328 1520.61
15336 1521.24
15344 1521.87
15352 1522.5
15360 1523.13
15368 1523.76
15376 1524.4
15384 1525.03
15392 1525.66
15400 1526.3
15408 1526.94
15416 1527.57
15424 1528.21
15432 1528.85
15440 1529.49
15448 1530.13
15456 1530.78
15464 1531.42
15472 1532.07
15480 1532.71
15488 1533.36
15496 1534.01
15504 1534.67
15512 1535.32
15520 1535.98
15528 1536.64
15536 1537.3
15544 1537.96
15552 1538.62
15560 1539.29
15568 1539.96
15576 1540.63
15584 1541.3
15592 1541.98
15600 1542.65
15608 1543.33
15616 1544.02
15624 1544.7
15632 1545.39
15640 1546.08
15648 1546.78
15656 1547.47
15664 1548.17
15672 1548.88
15680 1549.58
15688 1550.29
15696 1551
15704 1551.72
15712 1552.44
15720 1553.16
15728 1553.89
15736 1554.62
15744 1555.35
15752 1556.09
15760 1556.83
15768 1557.57
15776 1558.32
15784 1559.07
15792 1559.83
15800 1560.59
15808 1561.35
15816 1562.12
15824 1562.89
15832 1563.67
15840 1564.45
15848 1565.23
15856 1566.02
15864 1566.82
15872 1567.61
15880 1568.42
15888 1569.23
15896 1570.04
15904 1570.86
15912 1571.68
15920 1572.51
15928 1573.34
15936 1574.18
15944 1575.02
15952 1575.87
15960 1576.72
15968 1577.58
15976 1578.44
15984 1579.31
15992 1580.19
16000 1581.07
16008 1581.96
16016 1582.85
16024 1583.75
16032 1584.65
16040 1585.56
16048 1586.47
16056 1587.4
16064 1588.32
16072 1589.26
16080 1590.2
16088 1591.14
16096 1592.1
16104 1593.05
16112 1594.02
16120 1594.99
16128 1595.97
16136 1596.96
16144 1597.95
16152 1598.95
16160 1599.95
16168 1600.96
16176 1601.98
16184 1603.01
16192 1604.04
16200 1605.08
16208 1606.13
16216 1607.19
16224 1608.25
16232 1609.32
16240 1610.4
16248 1611.48
16256 1612.57
16264 1613.67
16272 1614.78
16280 1615.89
16288 1617.02
16296 1618.15
16304 1619.29
16312 1620.44
16320 1621.59
16328 1622.75
16336 1623.93
16344 1625.11
16352 1626.29
16360 1627.49
16368 1628.69
16376 1629.91
16384 1631.13
16392 1632.36
16400 1633.6
16408 1634.85
16416 1636.11
16424 1637.37
16432 1638.65
16440 1639.93
16448 1641.22
16456 1642.53
16464 1643.84
16472 1645.16
16480 1646.49
16488 1647.82
16496 1649.17
16504 1650.52
16512 1651.89
16520 1653.26
16528 1654.64
16536 1656.03
16544 1657.43
16552 1658.84
16560 1660.25
16568 1661.67
16576 1663.11
16584 1664.55
16592 1665.99
16600 1667.45
16608 1668.91
16616 1670.38
16624 1671.86
16632 1673.35
16640 1674.85
16648 1676.35
16656 1677.86
16664 1679.38
16672 1680.9
16680 1682.44
16688 1683.98
16696 1685.52
16704 1687.08
16712 1688.64
16720 1690.21
16728 1691.79
16736 1693.37
16744 1694.96
16752 1696.56
16760 1698.17
16768 1699.78
16776 1701.4
16784 1703.02
16792 1704.65
16800 1706.29
16808 1707.94
16816 1709.59
16824 1711.25
16832 1712.91
16840 1714.58
16848 1716.26
16856 1717.94
16864 1719.63
16872 1721.33
16880 1723.03
16888 1724.74
16896 1726.45
16904 1728.17
16912 1729.89
16920 1731.63
16928 1733.36
16936 1735.1
16944 1736.85
16952 1738.61
16960 1740.37
16968 1742.13
16976 1743.9
16984 1745.68
16992 1747.46
17000 1749.24
17008 1751.03
17016 1752.83
17024 1754.63
17032 1756.44
17040 1758.25
17048 1760.06
17056 1761.88
17064 1763.71
17072 1765.54
17080 1767.37
17088 1769.21
17096 1771.06
17104 1772.9
17112 1774.76
17120 1776.61
17128 1778.48
17136 1780.34
17144 1782.21
17152 1784.08
17160 1785.96
17168 1787.84
17176 1789.73
17184 1791.62
17192 1793.51
17200 1795.41
17208 1797.31
17216 1799.22
17224 1801.13
17232 1803.04
17240 1804.95
17248 1806.87
17256 1808.79
17264 1810.72
17272 1812.65
17280 1814.58
17288 1816.52
17296 1818.46
17304 1820.4
17312 1822.34
17320 1824.29
17328 1826.24
17336 1828.19
17344 1830.15
17352 1832.11
17360 1834.07
17368 1836.03
17376 1838
17384 1839.97
17392 1841.94
17400 1843.91
17408 1845.89
17416 1847.87
17424 1849.85
17432 1851.83
17440 1853.81
17448 1855.8
17456 1857.79
17464 1859.78
17472 1861.77
17480 1863.77
17488 1865.76
17496 1867.76
17504 1869.76
17512 1871.76
17520 1873.76
17528 1875.77
17536 1877.77
17544 1879.78
17552 1881.78
17560 1883.79
17568 1885.8
17576 1887.82
17584 1889.83
17592 1891.84
17600 1893.86
17608 1895.87
17616 1897.89
17624 1899.9
17632 1901.92
17640 1903.94
17648 1905.96
17656 1907.98
17664 1910
17672 1912.02
17680 1914.04
17688 1916.06
17696 1918.08
17704 1920.1
17712 1922.12
17720 1924.14
17728 1926.16
17736 1928.19
17744 1930.21
17752 1932.23
17760 1934.25
17768 1936.27
17776 1938.29
17784 1940.31
17792 1942.33
17800 1944.35
17808 1946.37
17816 1948.39
17824 1950.41
17832 1952.42
17840 1954.44
17848 1956.45
17856 1958.47
17864 1960.48
17872 1962.49
17880 1964.51
17888 1966.52
17896 1968.53
17904 1970.53
17912 1972.54
17920 1974.55
17928 1976.55
17936 1978.55
17944 1980.55
17952 1982.55
17960 1984.55
17968 1986.55
17976 1988.54
17984 1990.53
17992 1992.52
18000 1994.51
18008 1996.5
18016 1998.48
18024 2000.47
18032 2002.45
18040 2004.43
18048 2006.4
18056 2008.38
18064 2010.35
18072 2012.32
18080 2014.28
18088 2016.25
18096 2018.21
18104 2020.17
18112 2022.12
18120 2024.08
18128 2026.03
18136 2027.98
18144 2029.92
18152 2031.86
18160 2033.8
18168 2035.74
18176 2037.67
18184 2039.6
18192 2041.53
18200 2043.45
18208 2045.37
18216 2047.28
18224 2049.2
18232 2051.11
18240 2053.01
18248 2054.91
18256 2056.81
18264 2058.71
18272 2060.6
18280 2062.48
18288 2064.37
18296 2066.24
18304 2068.12
18312 2069.99
18320 2071.86
18328 2073.72
18336 2075.58
18344 2077.44
18352 2079.29
18360 2081.14
18368 2082.98
18376 2084.82
18384 2086.66
18392 2088.5
18400 2090.33
18408 2092.15
18416 2093.98
18424 2095.8
18432 2097.61
18440 2099.42
18448 2101.23
18456 2103.04
18464 2104.84
18472 2106.64
18480 2108.43
18488 2110.23
18496 2112.01
18504 2113.8
18512 2115.58
18520 2117.36
18528 2119.13
18536 2120.9
18544 2122.67
18552 2124.44
18560 2126.2
18568 2127.96
18576 2129.71
18584 2131.46
18592 2133.21
18600 2134.96
18608 2136.7
18616 2138.44
18624 2140.17
18632 2141.91
18640 2143.64
18648 2145.36
18656 2147.08
18664 2148.81
18672 2150.52
18680 2152.24
18688 2153.95
18696 2155.66
18704 2157.36
18712 2159.06
18720 2160.76
18728 2162.46
18736 2164.15
18744 2165.84
18752 2167.53
18760 2169.22
18768 2170.9
18776 2172.58
18784 2174.25
18792 2175.93
18800 2177.6
18808 2179.27
18816 2180.93
18824 2182.59
18832 2184.25
18840 2185.91
18848 2187.57
18856 2189.22
18864 2190.87
18872 2192.51
18880 2194.16
18888 2195.8
18896 2197.44
18904 2199.07
18912 2200.71
18920 2202.34
18928 2203.97
18936 2205.59
18944 2207.22
18952 2208.84
18960 2210.46
18968 2212.07
18976 2213.69
18984 2215.3
18992 2216.91
19000 2218.52
19008 2220.12
19016 2221.72
19024 2223.32
19032 2224.92
19040 2226.52
19048 2228.11
19056 2229.7
19064 2231.29
19072 2232.88
19080 2234.46
19088 2236.04
19096 2237.62
19104 2239.2
19112 2240.78
19120 2242.35
19128 2243.92
19136 2245.49
19144 2247.06
19152 2248.62
19160 2250.19
19168 2251.75
19176 2253.31
19184 2254.87
19192 2256.42
19200 2257.98
19208 2259.53
19216 2261.08
19224 2262.63
19232 2264.17
19240 2265.72
19248 2267.26
19256 2268.8
19264 2270.34
19272 2271.88
19280 2273.41
19288 2274.95
19296 2276.48
19304 2278.01
19312 2279.54
19320 2281.06
19328 2282.59
19336 2284.11
19344 2285.63
19352 2287.15
19360 2288.67
19368 2290.19
19376 2291.71
19384 2293.22
19392 2294.73
19400 2296.24
19408 2297.75
19416 2299.26
19424 2300.77
19432 2302.27
19440 2303.78
19448 2305.28
19456 2306.78
19464 2308.28
19472 2309.78
19480 2311.28
19488 2312.77
19496 2314.27
19504 2315.76
19512 2317.25
19520 2318.74
19528 2320.23
19536 2321.72
19544 2323.21
19552 2324.69
19560 2326.18
19568 2327.66
19576 2329.15
19584 2330.63
19592 2332.11
19600 2333.59
19608 2335.06
19616 2336.54
19624 2338.02
19632 2339.49
19640 2340.97
19648 2342.44
19656 2343.91
19664 2345.38
19672 2346.85
19680 2348.32
19688 2349.79
19696 2351.26
19704 2352.73
19712 2354.19
19720 2355.66
19728 2357.12
19736 2358.59
19744 2360.05
19752 2361.51
19760 2362.97
19768 2364.43
19776 2365.89
19784 2367.35
19792 2368.81
19800 2370.27
19808 2371.72
19816 2373.18
19824 2374.64
19832 2376.09
19840 2377.55
19848 2379
19856 2380.46
19864 2381.91
19872 2383.36
19880 2384.81
19888 2386.27
19896 2387.72
19904 2389.17
19912 2390.62
19920 2392.07
19928 2393.52
19936 2394.97
19944 2396.42
19952 2397.87
19960 2399.31
19968 2400.76
19976 2402.21
19984 2403.66
19992 2405.11
20000 2406.55
20008 2408
20016 2409.45
20024 2410.89
20032 2412.34
20040 2413.79
20048 2415.23
20056 2416.68
20064 2418.12
20072 2419.57
20080 2421.02
20088 2422.46
20096 2423.91
