0 2114.88
8 2115.74
16 2116.59
24 2117.45
32 2118.3
40 2119.16
48 2120.01
56 2120.86
64 2121.72
72 2122.57
80 2123.42
88 2124.28
96 2125.13
104 2125.98
112 2126.83
120 2127.69
128 2128.54
136 2129.39
144 2130.24
152 2131.09
160 2131.94
168 2132.79
176 2133.64
184 2134.49
192 2135.34
200 2136.18
208 2137.03
216 2137.88
224 2138.72
232 2139.57
240 2140.41
248 2141.26
256 2142.1
264 2142.94
272 2143.79
280 2144.63
288 2145.47
296 2146.31
304 2147.15
312 2147.99
320 2148.82
328 2149.66
336 2150.5
344 2151.33
352 2152.16
360 2153
368 2153.83
376 2154.66
384 2155.49
392 2156.32
400 2157.15
408 2157.98
416 2158.8
424 2159.63
432 2160.45
440 2161.27
448 2162.09
456 2162.91
464 2163.73
472 2164.55
480 2165.37
488 2166.18
496 2167
504 2167.81
512 2168.62
520 2169.43
528 2170.24
536 2171.04
544 2171.85
552 2172.65
560 2173.46
568 2174.26
576 2175.06
584 2175.86
592 2176.65
600 2177.45
608 2178.24
616 2179.03
624 2179.82
632 2180.61
640 2181.4
648 2182.18
656 2182.97
664 2183.75
672 2184.53
680 2185.3
688 2186.08
696 2186.86
704 2187.63
712 2188.4
720 2189.17
728 2189.93
736 2190.7
744 2191.46
752 2192.22
760 2192.98
768 2193.74
776 2194.49
784 2195.25
792 2196
800 2196.74
808 2197.49
816 2198.24
824 2198.98
832 2199.72
840 2200.46
848 2201.19
856 2201.92
864 2202.65
872 2203.38
880 2204.11
888 2204.83
896 2205.55
904 2206.27
912 2206.99
920 2207.71
928 2208.42
936 2209.13
944 2209.83
952 2210.54
960 2211.24
968 2211.94
976 2212.64
984 2213.33
992 2214.02
1000 2214.71
1008 2215.4
1016 2216.08
1024 2216.76
1032 2217.44
1040 2218.11
1048 2218.79
1056 2219.46
1064 2220.12
1072 2220.79
1080 2221.45
1088 2222.11
1096 2222.76
1104 2223.41
1112 2224.06
1120 2224.71
1128 2225.35
1136 2225.99
1144 2226.63
1152 2227.27
1160 2227.9
1168 2228.53
1176 2229.15
1184 2229.77
1192 2230.39
1200 2231.01
1208 2231.62
1216 2232.23
1224 2232.84
1232 2233.44
1240 2234.04
1248 2234.63
1256 2235.23
1264 2235.82
1272 2236.4
1280 2236.98
1288 2237.56
1296 2238.14
1304 2238.71
1312 2239.28
1320 2239.85
1328 2240.41
1336 2240.97
1344 2241.52
1352 2242.07
1360 2242.62
1368 2243.17
1376 2243.71
1384 2244.24
1392 2244.78
1400 2245.3
1408 2245.83
1416 2246.35
1424 2246.87
1432 2247.38
1440 2247.89
1448 2248.4
1456 2248.9
1464 2249.4
1472 2249.9
1480 2250.39
1488 2250.88
1496 2251.36
1504 2251.84
1512 2252.31
1520 2252.78
1528 2253.25
1536 2253.71
1544 2254.17
1552 2254.63
1560 2255.08
1568 2255.52
1576 2255.97
1584 2256.4
1592 2256.84
1600 2257.27
1608 2257.69
1616 2258.11
1624 2258.53
1632 2258.94
1640 2259.35
1648 2259.76
1656 2260.15
1664 2260.55
1672 2260.94
1680 2261.33
1688 2261.71
1696 2262.08
1704 2262.46
1712 2262.82
1720 2263.19
1728 2263.55
1736 2263.9
1744 2264.25
1752 2264.59
1760 2264.93
1768 2265.27
1776 2265.6
1784 2265.93
1792 2266.25
1800 2266.56
1808 2266.88
1816 2267.18
1824 2267.49
1832 2267.78
1840 2268.07
1848 2268.36
1856 2268.64
1864 2268.92
1872 2269.19
1880 2269.46
1888 2269.72
1896 2269.98
1904 2270.23
1912 2270.48
1920 2270.72
1928 2270.96
1936 2271.19
1944 2271.42
1952 2271.64
1960 2271.86
1968 2272.07
1976 2272.27
1984 2272.48
1992 2272.67
2000 2272.86
2008 2273.05
2016 2273.22
2024 2273.4
2032 2273.57
2040 2273.73
2048 2273.89
2056 2274.04
2064 2274.19
2072 2274.33
2080 2274.46
2088 2274.59
2096 2274.72
2104 2274.84
2112 2274.95
2120 2275.06
2128 2275.16
2136 2275.26
2144 2275.35
2152 2275.43
2160 2275.51
2168 2275.59
2176 2275.65
2184 2275.72
2192 2275.77
2200 2275.82
2208 2275.87
2216 2275.91
2224 2275.94
2232 2275.97
2240 2275.99
2248 2276
2256 2276.01
2264 2276.01
2272 2276.01
2280 2276
2288 2275.98
2296 2275.96
2304 2275.93
2312 2275.9
2320 2275.86
2328 2275.82
2336 2275.76
2344 2275.7
2352 2275.64
2360 2275.57
2368 2275.49
2376 2275.41
2384 2275.32
2392 2275.22
2400 2275.12
2408 2275.01
2416 2274.89
2424 2274.77
2432 2274.64
2440 2274.51
2448 2274.37
2456 2274.22
2464 2274.06
2472 2273.9
2480 2273.73
2488 2273.56
2496 2273.38
2504 2273.19
2512 2273
2520 2272.8
2528 2272.59
2536 2272.37
2544 2272.15
2552 2271.92
2560 2271.69
2568 2271.45
2576 2271.2
2584 2270.94
2592 2270.68
2600 2270.41
2608 2270.14
2616 2269.85
2624 2269.56
2632 2269.27
2640 2268.96
2648 2268.65
2656 2268.33
2664 2268.01
2672 2267.67
2680 2267.33
2688 2266.99
2696 2266.63
2704 2266.27
2712 2265.91
2720 2265.53
2728 2265.15
2736 2264.76
2744 2264.36
2752 2263.95
2760 2263.54
2768 2263.12
2776 2262.7
2784 2262.26
2792 2261.82
2800 2261.37
2808 2260.92
2816 2260.45
2824 2259.98
2832 2259.5
2840 2259.01
2848 2258.52
2856 2258.02
2864 2257.51
2872 2256.99
2880 2256.47
2888 2255.94
2896 2255.4
2904 2254.85
2912 2254.29
2920 2253.73
2928 2253.16
2936 2252.58
2944 2251.99
2952 2251.4
2960 2250.8
2968 2250.19
2976 2249.57
2984 2248.94
2992 2248.31
3000 2247.66
3008 2247.01
3016 2246.36
3024 2245.69
3032 2245.02
3040 2244.33
3048 2243.64
3056 2242.95
3064 2242.24
3072 2241.52
3080 2240.8
3088 2240.07
3096 2239.33
3104 2238.58
3112 2237.83
3120 2237.06
3128 2236.29
3136 2235.51
3144 2234.72
3152 2233.92
3160 2233.11
3168 2232.3
3176 2231.48
3184 2230.65
3192 2229.81
3200 2228.96
3208 2228.1
3216 2227.23
3224 2226.36
3232 2225.48
3240 2224.59
3248 2223.69
3256 2222.78
3264 2221.86
3272 2220.93
3280 2220
3288 2219.06
3296 2218.1
3304 2217.14
3312 2216.17
3320 2215.19
3328 2214.21
3336 2213.21
3344 2212.2
3352 2211.19
3360 2210.17
3368 2209.13
3376 2208.09
3384 2207.04
3392 2205.98
3400 2204.91
3408 2203.84
3416 2202.75
3424 2201.66
3432 2200.55
3440 2199.44
3448 2198.31
3456 2197.18
3464 2196.04
3472 2194.89
3480 2193.73
3488 2192.56
3496 2191.38
3504 2190.19
3512 2189
3520 2187.79
3528 2186.57
3536 2185.35
3544 2184.11
3552 2182.87
3560 2181.62
3568 2180.35
3576 2179.08
3584 2177.8
3592 2176.51
3600 2175.2
3608 2173.89
3616 2172.57
3624 2171.24
3632 2169.9
3640 2168.55
3648 2167.19
3656 2165.82
3664 2164.45
3672 2163.06
3680 2161.66
3688 2160.25
3696 2158.83
3704 2157.41
3712 2155.97
3720 2154.53
3728 2153.07
3736 2151.61
3744 2150.13
3752 2148.65
3760 2147.16
3768 2145.65
3776 2144.14
3784 2142.62
3792 2141.1
3800 2139.56
3808 2138.01
3816 2136.45
3824 2134.89
3832 2133.32
3840 2131.73
3848 2130.14
3856 2128.54
3864 2126.93
3872 2125.32
3880 2123.69
3888 2122.06
3896 2120.41
3904 2118.76
3912 2117.1
3920 2115.43
3928 2113.76
3936 2112.07
3944 2110.38
3952 2108.68
3960 2106.97
3968 2105.25
3976 2103.52
3984 2101.79
3992 2100.05
4000 2098.3
4008 2096.54
4016 2094.77
4024 2093
4032 2091.22
4040 2089.43
4048 2087.63
4056 2085.82
4064 2084.01
4072 2082.19
4080 2080.36
4088 2078.53
4096 2076.68
4104 2074.83
4112 2072.98
4120 2071.11
4128 2069.24
4136 2067.36
4144 2065.47
4152 2063.58
4160 2061.68
4168 2059.77
4176 2057.85
4184 2055.93
4192 2054
4200 2052.06
4208 2050.12
4216 2048.17
4224 2046.21
4232 2044.25
4240 2042.28
4248 2040.3
4256 2038.32
4264 2036.33
4272 2034.33
4280 2032.32
4288 2030.31
4296 2028.3
4304 2026.27
4312 2024.25
4320 2022.21
4328 2020.17
4336 2018.12
4344 2016.06
4352 2014
4360 2011.94
4368 2009.86
4376 2007.78
4384 2005.7
4392 2003.61
4400 2001.51
4408 1999.41
4416 1997.3
4424 1995.19
4432 1993.07
4440 1990.94
4448 1988.81
4456 1986.67
4464 1984.53
4472 1982.38
4480 1980.23
4488 1978.07
4496 1975.9
4504 1973.73
4512 1971.56
4520 1969.38
4528 1967.19
4536 1965
4544 1962.8
4552 1960.6
4560 1958.39
4568 1956.18
4576 1953.97
4584 1951.74
4592 1949.52
4600 1947.29
4608 1945.05
4616 1942.81
4624 1940.56
4632 1938.31
4640 1936.06
4648 1933.8
4656 1931.53
4664 1929.27
4672 1926.99
4680 1924.71
4688 1922.43
4696 1920.15
4704 1917.85
4712 1915.56
4720 1913.26
4728 1910.96
4736 1908.65
4744 1906.34
4752 1904.02
4760 1901.7
4768 1899.38
4776 1897.05
4784 1894.71
4792 1892.38
4800 1890.04
4808 1887.7
4816 1885.35
4824 1883
4832 1880.64
4840 1878.28
4848 1875.92
4856 1873.56
4864 1871.19
4872 1868.81
4880 1866.44
4888 1864.06
4896 1861.68
4904 1859.29
4912 1856.9
4920 1854.51
4928 1852.11
4936 1849.71
4944 1847.31
4952 1844.91
4960 1842.5
4968 1840.09
4976 1837.68
4984 1835.26
4992 1832.84
5000 1830.42
5008 1827.99
5016 1825.56
5024 1823.13
5032 1820.7
5040 1818.26
5048 1815.83
5056 1813.38
5064 1810.94
5072 1808.5
5080 1806.05
5088 1803.6
5096 1801.14
5104 1798.69
5112 1796.23
5120 1793.77
5128 1791.31
5136 1788.85
5144 1786.38
5152 1783.91
5160 1781.44
5168 1778.97
5176 1776.5
5184 1774.02
5192 1771.55
5200 1769.07
5208 1766.59
5216 1764.1
5224 1761.62
5232 1759.13
5240 1756.65
5248 1754.16
5256 1751.67
5264 1749.18
5272 1746.68
5280 1744.19
5288 1741.69
5296 1739.2
5304 1736.7
5312 1734.2
5320 1731.7
5328 1729.2
5336 1726.7
5344 1724.19
5352 1721.69
5360 1719.18
5368 1716.68
5376 1714.17
5384 1711.66
5392 1709.15
5400 1706.64
5408 1704.13
5416 1701.62
5424 1699.11
5432 1696.6
5440 1694.08
5448 1691.57
5456 1689.06
5464 1686.54
5472 1684.03
5480 1681.51
5488 1679
5496 1676.48
5504 1673.97
5512 1671.45
5520 1668.94
5528 1666.42
5536 1663.91
5544 1661.39
5552 1658.88
5560 1656.36
5568 1653.85
5576 1651.33
5584 1648.82
5592 1646.3
5600 1643.79
5608 1641.27
5616 1638.76
5624 1636.25
5632 1633.73
5640 1631.22
5648 1628.71
5656 1626.2
5664 1623.69
5672 1621.18
5680 1618.67
5688 1616.16
5696 1613.65
5704 1611.15
5712 1608.64
5720 1606.14
5728 1603.63
5736 1601.13
5744 1598.63
5752 1596.13
5760 1593.63
5768 1591.13
5776 1588.63
5784 1586.14
5792 1583.64
5800 1581.15
5808 1578.66
5816 1576.17
5824 1573.68
5832 1571.19
5840 1568.71
5848 1566.22
5856 1563.74
5864 1561.26
5872 1558.78
5880 1556.3
5888 1553.83
5896 1551.35
5904 1548.88
5912 1546.41
5920 1543.95
5928 1541.48
5936 1539.02
5944 1536.55
5952 1534.09
5960 1531.64
5968 1529.18
5976 1526.73
5984 1524.28
5992 1521.83
6000 1519.38
6008 1516.94
6016 1514.5
6024 1512.06
6032 1509.63
6040 1507.19
6048 1504.76
6056 1502.33
6064 1499.91
6072 1497.49
6080 1495.07
6088 1492.65
6096 1490.23
6104 1487.82
6112 1485.42
6120 1483.01
6128 1480.61
6136 1478.21
6144 1475.81
6152 1473.42
6160 1471.03
6168 1468.65
6176 1466.26
6184 1463.88
6192 1461.51
6200 1459.13
6208 1456.77
6216 1454.4
6224 1452.04
6232 1449.68
6240 1447.32
6248 1444.97
6256 1442.62
6264 1440.28
6272 1437.94
6280 1435.6
6288 1433.27
6296 1430.94
6304 1428.62
6312 1426.3
6320 1423.98
6328 1421.67
6336 1419.36
6344 1417.06
6352 1414.76
6360 1412.46
6368 1410.17
6376 1407.88
6384 1405.6
6392 1403.32
6400 1401.05
6408 1398.78
6416 1396.52
6424 1394.26
6432 1392
6440 1389.75
6448 1387.5
6456 1385.26
6464 1383.03
6472 1380.8
6480 1378.57
6488 1376.35
6496 1374.13
6504 1371.92
6512 1369.71
6520 1367.51
6528 1365.31
6536 1363.12
6544 1360.94
6552 1358.75
6560 1356.58
6568 1354.41
6576 1352.24
6584 1350.08
6592 1347.93
6600 1345.78
6608 1343.64
6616 1341.5
6624 1339.37
6632 1337.24
6640 1335.12
6648 1333.01
6656 1330.9
6664 1328.8
6672 1326.7
6680 1324.61
6688 1322.52
6696 1320.44
6704 1318.37
6712 1316.3
6720 1314.24
6728 1312.18
6736 1310.14
6744 1308.09
6752 1306.06
6760 1304.03
6768 1302
6776 1299.99
6784 1297.98
6792 1295.97
6800 1293.97
6808 1291.98
6816 1290
6824 1288.02
6832 1286.05
6840 1284.09
6848 1282.13
6856 1280.18
6864 1278.23
6872 1276.3
6880 1274.37
6888 1272.44
6896 1270.53
6904 1268.62
6912 1266.72
6920 1264.82
6928 1262.94
6936 1261.06
6944 1259.18
6952 1257.32
6960 1255.46
6968 1253.61
6976 1251.76
6984 1249.93
6992 1248.1
7000 1246.28
7008 1244.47
7016 1242.66
7024 1240.86
7032 1239.07
7040 1237.29
7048 1235.52
7056 1233.75
7064 1231.99
7072 1230.24
7080 1228.5
7088 1226.76
7096 1225.04
7104 1223.32
7112 1221.61
7120 1219.91
7128 1218.21
7136 1216.53
7144 1214.85
7152 1213.18
7160 1211.52
7168 1209.87
7176 1208.22
7184 1206.59
7192 1204.96
7200 1203.35
7208 1201.74
7216 1200.14
7224 1198.54
7232 1196.96
7240 1195.39
7248 1193.82
7256 1192.27
7264 1190.72
7272 1189.18
7280 1187.65
7288 1186.13
7296 1184.62
7304 1183.12
7312 1181.62
7320 1180.14
7328 1178.67
7336 1177.2
7344 1175.74
7352 1174.3
7360 1172.86
7368 1171.43
7376 1170.01
7384 1168.6
7392 1167.2
7400 1165.8
7408 1164.42
7416 1163.05
7424 1161.68
7432 1160.32
7440 1158.98
7448 1157.64
7456 1156.31
7464 1154.98
7472 1153.67
7480 1152.37
7488 1151.07
7496 1149.79
7504 1148.51
7512 1147.24
7520 1145.98
7528 1144.73
7536 1143.49
7544 1142.25
7552 1141.03
7560 1139.81
7568 1138.6
7576 1137.4
7584 1136.21
7592 1135.03
7600 1133.85
7608 1132.69
7616 1131.53
7624 1130.38
7632 1129.24
7640 1128.11
7648 1126.98
7656 1125.87
7664 1124.76
7672 1123.66
7680 1122.57
7688 1121.49
7696 1120.41
7704 1119.35
7712 1118.29
7720 1117.24
7728 1116.2
7736 1115.17
7744 1114.14
7752 1113.12
7760 1112.11
7768 1111.11
7776 1110.12
7784 1109.14
7792 1108.16
7800 1107.19
7808 1106.23
7816 1105.28
7824 1104.33
7832 1103.39
7840 1102.46
7848 1101.54
7856 1100.63
7864 1099.72
7872 1098.83
7880 1097.94
7888 1097.05
7896 1096.18
7904 1095.31
7912 1094.45
7920 1093.6
7928 1092.76
7936 1091.92
7944 1091.09
7952 1090.27
7960 1089.46
7968 1088.65
7976 1087.85
7984 1087.06
7992 1086.28
8000 1085.5
8008 1084.73
8016 1083.97
8024 1083.22
8032 1082.47
8040 1081.73
8048 1081
8056 1080.27
8064 1079.56
8072 1078.85
8080 1078.14
8088 1077.45
8096 1076.76
8104 1076.08
8112 1075.41
8120 1074.74
8128 1074.08
8136 1073.43
8144 1072.78
8152 1072.14
8160 1071.51
8168 1070.89
8176 1070.27
8184 1069.66
8192 1069.06
8200 1068.46
8208 1067.87
8216 1067.29
8224 1066.71
8232 1066.15
8240 1065.58
8248 1065.03
8256 1064.48
8264 1063.94
8272 1063.4
8280 1062.88
8288 1062.36
8296 1061.84
8304 1061.33
8312 1060.83
8320 1060.34
8328 1059.85
8336 1059.37
8344 1058.89
8352 1058.43
8360 1057.96
8368 1057.51
8376 1057.06
8384 1056.62
8392 1056.18
8400 1055.75
8408 1055.33
8416 1054.91
8424 1054.5
8432 1054.1
8440 1053.7
8448 1053.31
8456 1052.93
8464 1052.55
8472 1052.18
8480 1051.81
8488 1051.45
8496 1051.1
8504 1050.75
8512 1050.41
8520 1050.07
8528 1049.74
8536 1049.42
8544 1049.1
8552 1048.79
8560 1048.49
8568 1048.19
8576 1047.9
8584 1047.61
8592 1047.33
8600 1047.05
8608 1046.78
8616 1046.52
8624 1046.26
8632 1046.01
8640 1045.77
8648 1045.53
8656 1045.29
8664 1045.06
8672 1044.84
8680 1044.62
8688 1044.41
8696 1044.21
8704 1044.01
8712 1043.81
8720 1043.62
8728 1043.44
8736 1043.26
8744 1043.09
8752 1042.93
8760 1042.77
8768 1042.61
8776 1042.46
8784 1042.32
8792 1042.18
8800 1042.04
8808 1041.91
8816 1041.79
8824 1041.67
8832 1041.56
8840 1041.45
8848 1041.35
8856 1041.26
8864 1041.17
8872 1041.08
8880 1041
8888 1040.92
8896 1040.85
8904 1040.79
8912 1040.73
8920 1040.67
8928 1040.62
8936 1040.58
8944 1040.54
8952 1040.5
8960 1040.47
8968 1040.45
8976 1040.43
8984 1040.41
8992 1040.4
9000 1040.4
9008 1040.4
9016 1040.4
9024 1040.41
9032 1040.43
9040 1040.45
9048 1040.47
9056 1040.5
9064 1040.53
9072 1040.57
9080 1040.61
9088 1040.66
9096 1040.71
9104 1040.77
9112 1040.83
9120 1040.9
9128 1040.97
9136 1041.04
9144 1041.12
9152 1041.21
9160 1041.3
9168 1041.39
9176 1041.49
9184 1041.59
9192 1041.69
9200 1041.8
9208 1041.92
9216 1042.04
9224 1042.16
9232 1042.29
9240 1042.42
9248 1042.56
9256 1042.7
9264 1042.85
9272 1042.99
9280 1043.15
9288 1043.31
9296 1043.47
9304 1043.63
9312 1043.8
9320 1043.98
9328 1044.15
9336 1044.34
9344 1044.52
9352 1044.71
9360 1044.91
9368 1045.1
9376 1045.31
9384 1045.51
9392 1045.72
9400 1045.94
9408 1046.15
9416 1046.37
9424 1046.6
9432 1046.83
9440 1047.06
9448 1047.3
9456 1047.54
9464 1047.78
9472 1048.03
9480 1048.28
9488 1048.53
9496 1048.79
9504 1049.05
9512 1049.32
9520 1049.59
9528 1049.86
9536 1050.14
9544 1050.42
9552 1050.7
9560 1050.99
9568 1051.28
9576 1051.57
9584 1051.87
9592 1052.17
9600 1052.47
9608 1052.78
9616 1053.09
9624 1053.4
9632 1053.72
9640 1054.04
9648 1054.36
9656 1054.69
9664 1055.02
9672 1055.35
9680 1055.69
9688 1056.03
9696 1056.37
9704 1056.72
9712 1057.06
9720 1057.42
9728 1057.77
9736 1058.13
9744 1058.49
9752 1058.85
9760 1059.22
9768 1059.59
9776 1059.96
9784 1060.34
9792 1060.71
9800 1061.09
9808 1061.48
9816 1061.86
9824 1062.25
9832 1062.65
9840 1063.04
9848 1063.44
9856 1063.84
9864 1064.24
9872 1064.65
9880 1065.06
9888 1065.47
9896 1065.88
9904 1066.3
9912 1066.71
9920 1067.14
9928 1067.56
9936 1067.98
9944 1068.41
9952 1068.84
9960 1069.28
9968 1069.71
9976 1070.15
9984 1070.59
9992 1071.04
10000 1071.48
10008 1071.93
10016 1072.38
10024 1072.83
10032 1073.29
10040 1073.74
10048 1074.2
10056 1074.66
10064 1075.12
10072 1075.59
10080 1076.06
10088 1076.53
10096 1077
10104 1077.47
10112 1077.95
10120 1078.43
10128 1078.91
10136 1079.39
10144 1079.87
10152 1080.36
10160 1080.85
10168 1081.33
10176 1081.83
10184 1082.32
10192 1082.81
10200 1083.31
10208 1083.81
10216 1084.31
10224 1084.81
10232 1085.32
10240 1085.82
10248 1086.33
10256 1086.84
10264 1087.35
10272 1087.86
10280 1088.38
10288 1088.89
10296 1089.41
10304 1089.93
10312 1090.45
10320 1090.97
10328 1091.49
10336 1092.02
10344 1092.54
10352 1093.07
10360 1093.6
10368 1094.13
10376 1094.66
10384 1095.19
10392 1095.73
10400 1096.26
10408 1096.8
10416 1097.34
10424 1097.88
10432 1098.42
10440 1098.96
10448 1099.5
10456 1100.05
10464 1100.59
10472 1101.14
10480 1101.69
10488 1102.24
10496 1102.79
10504 1103.34
10512 1103.89
10520 1104.44
10528 1105
10536 1105.55
10544 1106.11
10552 1106.66
10560 1107.22
10568 1107.78
10576 1108.34
10584 1108.9
10592 1109.46
10600 1110.02
10608 1110.58
10616 1111.15
10624 1111.71
10632 1112.27
10640 1112.84
10648 1113.4
10656 1113.97
10664 1114.54
10672 1115.11
10680 1115.67
10688 1116.24
10696 1116.81
10704 1117.38
10712 1117.95
10720 1118.52
10728 1119.1
10736 1119.67
10744 1120.24
10752 1120.81
10760 1121.39
10768 1121.96
10776 1122.53
10784 1123.11
10792 1123.68
10800 1124.26
10808 1124.83
10816 1125.41
10824 1125.98
10832 1126.56
10840 1127.13
10848 1127.71
10856 1128.29
10864 1128.86
10872 1129.44
10880 1130.01
10888 1130.59
10896 1131.17
10904 1131.74
10912 1132.32
10920 1132.9
10928 1133.47
10936 1134.05
10944 1134.63
10952 1135.2
10960 1135.78
10968 1136.35
10976 1136.93
10984 1137.5
10992 1138.08
11000 1138.66
11008 1139.23
11016 1139.81
11024 1140.38
11032 1140.95
11040 1141.53
11048 1142.1
11056 1142.68
11064 1143.25
11072 1143.83
11080 1144.4
11088 1144.97
11096 1145.55
11104 1146.12
11112 1146.7
11120 1147.27
11128 1147.84
11136 1148.42
11144 1148.99
11152 1149.56
11160 1150.14
11168 1150.71
11176 1151.28
11184 1151.86
11192 1152.43
11200 1153
11208 1153.58
11216 1154.15
11224 1154.72
11232 1155.3
11240 1155.87
11248 1156.44
11256 1157.02
11264 1157.59
11272 1158.16
11280 1158.74
11288 1159.31
11296 1159.88
11304 1160.46
11312 1161.03
11320 1161.6
11328 1162.18
11336 1162.75
11344 1163.32
11352 1163.9
11360 1164.47
11368 1165.05
11376 1165.62
11384 1166.19
11392 1166.77
11400 1167.34
11408 1167.92
11416 1168.49
11424 1169.07
11432 1169.64
11440 1170.21
11448 1170.79
11456 1171.36
11464 1171.94
11472 1172.52
11480 1173.09
11488 1173.67
11496 1174.24
11504 1174.82
11512 1175.39
11520 1175.97
11528 1176.55
11536 1177.12
11544 1177.7
11552 1178.28
11560 1178.86
11568 1179.43
11576 1180.01
11584 1180.59
11592 1181.17
11600 1181.75
11608 1182.32
11616 1182.9
11624 1183.48
11632 1184.06
11640 1184.64
11648 1185.22
11656 1185.8
11664 1186.38
11672 1186.96
11680 1187.54
11688 1188.12
11696 1188.7
11704 1189.29
11712 1189.87
11720 1190.45
11728 1191.03
11736 1191.62
11744 1192.2
11752 1192.78
11760 1193.37
11768 1193.95
11776 1194.53
11784 1195.12
11792 1195.7
11800 1196.29
11808 1196.88
11816 1197.46
11824 1198.05
11832 1198.63
11840 1199.22
11848 1199.81
11856 1200.4
11864 1200.99
11872 1201.57
11880 1202.16
11888 1202.75
11896 1203.34
11904 1203.93
11912 1204.52
11920 1205.11
11928 1205.71
11936 1206.3
11944 1206.89
11952 1207.48
11960 1208.08
11968 1208.67
11976 1209.26
11984 1209.86
11992 1210.45
12000 1211.05
12008 1211.65
12016 1212.24
12024 1212.84
12032 1213.44
12040 1214.03
12048 1214.63
12056 1215.23
12064 1215.83
12072 1216.43
12080 1217.03
12088 1217.63
12096 1218.23
12104 1218.83
12112 1219.44
12120 1220.04
12128 1220.64
12136 1221.25
12144 1221.85
12152 1222.46
12160 1223.06
12168 1223.67
12176 1224.28
12184 1224.88
12192 1225.49
12200 1226.1
12208 1226.71
12216 1227.32
12224 1227.93
12232 1228.54
12240 1229.15
12248 1229.76
12256 1230.38
12264 1230.99
12272 1231.6
12280 1232.22
12288 1232.83
12296 1233.45
12304 1234.07
12312 1234.68
12320 1235.3
12328 1235.92
12336 1236.54
12344 1237.16
12352 1237.78
12360 1238.4
12368 1239.02
12376 1239.65
12384 1240.27
12392 1240.89
12400 1241.52
12408 1242.14
12416 1242.77
12424 1243.4
12432 1244.02
12440 1244.65
12448 1245.28
12456 1245.91
12464 1246.54
12472 1247.17
12480 1247.8
12488 1248.44
12496 1249.07
12504 1249.7
12512 1250.34
12520 1250.98
12528 1251.61
12536 1252.25
12544 1252.89
12552 1253.53
12560 1254.17
12568 1254.81
12576 1255.45
12584 1256.09
12592 1256.73
12600 1257.38
12608 1258.02
12616 1258.67
12624 1259.31
12632 1259.96
12640 1260.61
12648 1261.26
12656 1261.91
12664 1262.56
12672 1263.21
12680 1263.86
12688 1264.51
12696 1265.17
12704 1265.82
12712 1266.48
12720 1267.14
12728 1267.79
12736 1268.45
12744 1269.11
12752 1269.77
12760 1270.43
12768 1271.09
12776 1271.76
12784 1272.42
12792 1273.09
12800 1273.75
12808 1274.42
12816 1275.09
12824 1275.76
12832 1276.43
12840 1277.1
12848 1277.77
12856 1278.44
12864 1279.11
12872 1279.79
12880 1280.46
12888 1281.14
12896 1281.82
12904 1282.5
12912 1283.18
12920 1283.86
12928 1284.54
12936 1285.22
12944 1285.91
12952 1286.59
12960 1287.28
12968 1287.96
12976 1288.65
12984 1289.34
12992 1290.03
13000 1290.72
13008 1291.41
13016 1292.11
13024 1292.8
13032 1293.5
13040 1294.19
13048 1294.89
13056 1295.59
13064 1296.29
13072 1296.99
13080 1297.69
13088 1298.39
13096 1299.1
13104 1299.8
13112 1300.51
13120 1301.22
13128 1301.93
13136 1302.64
13144 1303.35
13152 1304.06
13160 1304.77
13168 1305.49
13176 1306.2
13184 1306.92
13192 1307.64
13200 1308.36
13208 1309.08
13216 1309.8
13224 1310.52
13232 1311.25
13240 1311.97
13248 1312.7
13256 1313.42
13264 1314.15
13272 1314.88
13280 1315.61
13288 1316.35
13296 1317.08
13304 1317.82
13312 1318.55
13320 1319.29
13328 1320.03
13336 1320.77
13344 1321.51
13352 1322.25
13360 1323
13368 1323.74
13376 1324.49
13384 1325.24
13392 1325.98
13400 1326.74
13408 1327.49
13416 1328.24
13424 1328.99
13432 1329.75
13440 1330.51
13448 1331.26
13456 1332.02
13464 1332.79
13472 1333.55
13480 1334.31
13488 1335.08
13496 1335.84
13504 1336.61
13512 1337.38
13520 1338.15
13528 1338.92
13536 1339.7
13544 1340.47
13552 1341.25
13560 1342.02
13568 1342.8
13576 1343.58
13584 1344.36
13592 1345.15
13600 1345.93
13608 1346.72
13616 1347.51
13624 1348.29
13632 1349.08
13640 1349.88
13648 1350.67
13656 1351.46
13664 1352.26
13672 1353.06
13680 1353.86
13688 1354.66
13696 1355.46
13704 1356.26
13712 1357.07
13720 1357.87
13728 1358.68
13736 1359.49
13744 1360.3
13752 1361.11
13760 1361.93
13768 1362.74
13776 1363.56
13784 1364.38
13792 1365.2
13800 1366.02
13808 1366.85
13816 1367.67
13824 1368.5
13832 1369.32
13840 1370.15
13848 1370.98
13856 1371.82
13864 1372.65
13872 1373.49
13880 1374.32
13888 1375.16
13896 1376
13904 1376.85
13912 1377.69
13920 1378.54
13928 1379.38
13936 1380.23
13944 1381.08
13952 1381.93
13960 1382.79
13968 1383.64
13976 1384.5
13984 1385.36
13992 1386.22
14000 1387.08
14008 1387.94
14016 1388.81
14024 1389.68
14032 1390.54
14040 1391.42
14048 1392.29
14056 1393.16
14064 1394.04
14072 1394.91
14080 1395.79
14088 1396.67
14096 1397.56
14104 1398.44
14112 1399.32
14120 1400.21
14128 1401.1
14136 1401.99
14144 1402.89
14152 1403.78
14160 1404.68
14168 1405.57
14176 1406.47
14184 1407.37
14192 1408.28
14200 1409.18
14208 1410.09
14216 1411
14224 1411.91
14232 1412.82
14240 1413.74
14248 1414.65
14256 1415.57
14264 1416.49
14272 1417.41
14280 1418.33
14288 1419.26
14296 1420.19
14304 1421.11
14312 1422.04
14320 1422.98
14328 1423.91
14336 1424.85
14344 1425.79
14352 1426.73
14360 1427.67
14368 1428.61
14376 1429.56
14384 1430.5
14392 1431.45
14400 1432.41
14408 1433.36
14416 1434.31
14424 1435.27
14432 1436.23
14440 1437.19
14448 1438.15
14456 1439.12
14464 1440.09
14472 1441.05
14480 1442.02
14488 1443
14496 1443.97
14504 1444.95
14512 1445.93
14520 1446.91
14528 1447.89
14536 1448.87
14544 1449.86
14552 1450.85
14560 1451.84
14568 1452.83
14576 1453.83
14584 1454.82
14592 1455.82
14600 1456.82
14608 1457.82
14616 1458.89
14624 1459.84
14632 1460.84
14640 1461.86
14648 1462.87
14656 1463.88
14664 1464.9
14672 1465.92
14680 1466.94
14688 1467.96
14696 1468.99
14704 1470.01
14712 1471.04
14720 1472.07
14728 1473.11
14736 1474.14
14744 1475.18
14752 1476.22
14760 1477.26
14768 1478.3
14776 1479.34
14784 1480.39
14792 1481.44
14800 1482.49
14808 1483.54
14816 1484.6
14824 1485.65
14832 1486.71
14840 1487.77
14848 1488.83
14856 1489.9
14864 1490.96
14872 1492.03
14880 1493.1
14888 1494.17
14896 1495.24
14904 1496.32
14912 1497.4
14920 1498.48
14928 1499.56
14936 1500.64
14944 1501.72
14952 1502.81
14960 1503.9
14968 1504.99
14976 1506.08
14984 1507.18
14992 1508.27
15000 1509.37
15008 1510.47
15016 1511.57
15024 1512.67
15032 1513.78
15040 1514.88
15048 1515.99
15056 1517.1
15064 1518.22
15072 1519.33
15080 1520.44
15088 1521.56
15096 1522.68
15104 1523.8
15112 1524.92
15120 1526.05
15128 1527.18
15136 1528.3
15144 1529.43
15152 1530.57
15160 1531.7
15168 1532.83
15176 1533.97
15184 1535.11
15192 1536.25
15200 1537.39
15208 1538.53
15216 1539.68
15224 1540.83
15232 1541.98
15240 1543.13
15248 1544.28
15256 1545.43
15264 1546.59
15272 1547.74
15280 1548.9
15288 1550.06
15296 1551.23
15304 1552.39
15312 1553.56
15320 1554.72
15328 1555.89
15336 1557.06
15344 1558.23
15352 1559.41
15360 1560.58
15368 1561.76
15376 1562.94
15384 1564.12
15392 1565.3
15400 1566.48
15408 1567.67
15416 1568.86
15424 1570.04
15432 1571.23
15440 1572.43
15448 1573.62
15456 1574.81
15464 1576.01
15472 1577.21
15480 1578.41
15488 1579.61
15496 1580.81
15504 1582.01
15512 1583.22
15520 1584.43
15528 1585.64
15536 1586.85
15544 1588.06
15552 1589.27
15560 1590.48
15568 1591.7
15576 1592.92
15584 1594.14
15592 1595.36
15600 1596.58
15608 1597.8
15616 1599.03
15624 1600.26
15632 1601.48
15640 1602.71
15648 1603.95
15656 1605.18
15664 1606.41
15672 1607.65
15680 1608.88
15688 1610.12
15696 1611.36
15704 1612.6
15712 1613.85
15720 1615.09
15728 1616.34
15736 1617.58
15744 1618.83
15752 1620.08
15760 1621.33
15768 1622.59
15776 1623.84
15784 1625.09
15792 1626.35
15800 1627.61
15808 1628.87
15816 1630.13
15824 1631.39
15832 1632.66
15840 1633.92
15848 1635.19
15856 1636.46
15864 1637.72
15872 1638.99
15880 1640.27
15888 1641.54
15896 1642.81
15904 1644.09
15912 1645.37
15920 1646.65
15928 1647.93
15936 1649.21
15944 1650.49
15952 1651.77
15960 1653.06
15968 1654.34
15976 1655.63
15984 1656.92
15992 1658.21
16000 1659.5
16008 1660.79
16016 1662.09
16024 1663.38
16032 1664.68
16040 1665.98
16048 1667.28
16056 1668.58
16064 1669.88
16072 1671.18
16080 1672.48
16088 1673.79
16096 1675.1
16104 1676.4
16112 1677.71
16120 1679.02
16128 1680.33
16136 1681.64
16144 1682.96
16152 1684.27
16160 1685.59
16168 1686.91
16176 1688.22
16184 1689.54
16192 1690.86
16200 1692.19
16208 1693.51
16216 1694.83
16224 1696.16
16232 1697.48
16240 1698.81
16248 1700.14
16256 1701.47
16264 1702.8
16272 1704.13
16280 1705.47
16288 1706.8
16296 1708.14
16304 1709.47
16312 1710.81
16320 1712.15
16328 1713.49
16336 1714.83
16344 1716.17
16352 1717.51
16360 1718.86
16368 1720.2
16376 1721.55
16384 1722.9
16392 1724.24
16400 1725.59
16408 1726.94
16416 1728.3
16424 1729.65
16432 1731
16440 1732.36
16448 1733.71
16456 1735.07
16464 1736.43
16472 1737.78
16480 1739.14
16488 1740.5
16496 1741.87
16504 1743.23
16512 1744.59
16520 1745.96
16528 1747.32
16536 1748.69
16544 1750.06
16552 1751.42
16560 1752.79
16568 1754.16
16576 1755.53
16584 1756.91
16592 1758.28
16600 1759.65
16608 1761.03
16616 1762.41
16624 1763.78
16632 1765.16
16640 1766.54
16648 1767.92
16656 1769.3
16664 1770.68
16672 1772.06
16680 1773.45
16688 1774.83
16696 1776.21
16704 1777.6
16712 1778.99
16720 1780.38
16728 1781.76
16736 1783.15
16744 1784.54
16752 1785.93
16760 1787.33
16768 1788.72
16776 1790.11
16784 1791.51
16792 1792.9
16800 1794.3
16808 1795.7
16816 1797.09
16824 1798.49
16832 1799.89
16840 1801.29
16848 1802.69
16856 1804.09
16864 1805.5
16872 1806.9
16880 1808.3
16888 1809.71
16896 1811.11
16904 1812.52
16912 1813.93
16920 1815.34
16928 1816.74
16936 1818.15
16944 1819.56
16952 1820.98
16960 1822.39
16968 1823.8
16976 1825.21
16984 1826.63
16992 1828.04
17000 1829.46
17008 1830.87
17016 1832.29
17024 1833.71
17032 1835.12
17040 1836.54
17048 1837.96
17056 1839.38
17064 1840.8
17072 1842.22
17080 1843.65
17088 1845.07
17096 1846.49
17104 1847.92
17112 1849.34
17120 1850.77
17128 1852.19
17136 1853.62
17144 1855.05
17152 1856.48
17160 1857.9
17168 1859.33
17176 1860.76
17184 1862.19
17192 1863.63
17200 1865.06
17208 1866.49
17216 1867.92
17224 1869.36
17232 1870.79
17240 1872.22
17248 1873.66
17256 1875.1
17264 1876.53
17272 1877.97
17280 1879.41
17288 1880.84
17296 1882.28
17304 1883.72
17312 1885.16
17320 1886.6
17328 1888.04
17336 1889.48
17344 1890.93
17352 1892.37
17360 1893.81
17368 1895.25
17376 1896.7
17384 1898.14
17392 1899.59
17400 1901.03
17408 1902.48
17416 1903.92
17424 1905.37
17432 1906.82
17440 1908.27
17448 1909.71
17456 1911.16
17464 1912.61
17472 1914.06
17480 1915.51
17488 1916.96
17496 1918.41
17504 1919.86
17512 1921.32
17520 1922.77
17528 1924.22
17536 1925.67
17544 1927.13
17552 1928.58
17560 1930.03
17568 1931.49
17576 1932.94
17584 1934.4
17592 1935.86
17600 1937.31
17608 1938.77
17616 1940.23
17624 1941.68
17632 1943.14
17640 1944.6
17648 1946.06
17656 1947.51
17664 1948.97
17672 1950.43
17680 1951.89
17688 1953.35
17696 1954.81
17704 1956.27
17712 1957.73
17720 1959.2
17728 1960.66
17736 1962.12
17744 1963.58
17752 1965.04
17760 1966.51
17768 1967.97
17776 1969.43
17784 1970.9
17792 1972.36
17800 1973.83
17808 1975.29
17816 1976.75
17824 1978.22
17832 1979.68
17840 1981.15
17848 1982.62
17856 1984.08
17864 1985.55
17872 1987.01
17880 1988.48
17888 1989.95
17896 1991.41
17904 1992.88
17912 1994.35
17920 1995.82
17928 1997.28
17936 1998.75
17944 2000.22
17952 2001.69
17960 2003.16
17968 2004.63
17976 2006.1
17984 2007.56
17992 2009.03
18000 2010.5
18008 2011.97
18016 2013.44
18024 2014.91
18032 2016.38
18040 2017.85
18048 2019.32
18056 2020.79
18064 2022.26
18072 2023.73
18080 2025.2
18088 2026.68
18096 2028.15
18104 2029.62
18112 2031.09
18120 2032.56
18128 2034.03
18136 2035.5
18144 2036.97
18152 2038.44
18160 2039.92
18168 2041.39
18176 2042.86
18184 2044.33
18192 2045.8
18200 2047.28
18208 2048.75
18216 2050.22
18224 2051.69
18232 2053.16
18240 2054.63
18248 2056.11
18256 2057.58
18264 2059.05
