0 6625.03
8 6623.24
16 6621.45
24 6619.67
32 6617.89
40 6616.12
48 6614.35
56 6612.6
64 6610.85
72 6609.12
80 6607.39
88 6605.68
96 6603.99
104 6602.32
112 6600.66
120 6599.02
128 6597.41
136 6595.82
144 6594.25
152 6592.71
160 6591.2
168 6589.71
176 6588.26
184 6586.83
192 6585.44
200 6584.09
208 6582.77
216 6581.48
224 6580.24
232 6579.04
240 6577.87
248 6576.76
256 6575.68
264 6574.65
272 6573.67
280 6572.74
288 6571.86
296 6571.03
304 6570.25
312 6569.53
320 6568.86
328 6568.26
336 6567.71
344 6567.22
352 6566.79
360 6566.43
368 6566.13
376 6565.89
384 6565.73
392 6565.63
400 6565.61
408 6565.65
416 6565.77
424 6565.96
432 6566.23
440 6566.58
448 6567.01
456 6567.51
464 6568.1
472 6568.78
480 6569.53
488 6570.38
496 6571.31
504 6572.33
512 6573.44
520 6574.64
528 6575.94
536 6577.33
544 6578.82
552 6580.4
560 6582.09
568 6583.87
576 6585.76
584 6587.75
592 6589.85
600 6592.05
608 6594.36
616 6596.78
624 6599.3
632 6601.94
640 6604.68
648 6607.52
656 6610.47
664 6613.52
672 6616.66
680 6619.9
688 6623.24
696 6626.68
704 6630.2
712 6633.82
720 6637.52
728 6641.32
736 6645.2
744 6649.16
752 6653.2
760 6657.33
768 6661.54
776 6665.82
784 6670.18
792 6674.62
800 6679.13
808 6683.71
816 6688.36
824 6693.07
832 6697.86
840 6702.71
848 6707.62
856 6712.59
864 6717.62
872 6722.72
880 6727.86
888 6733.07
896 6738.33
904 6743.63
912 6748.99
920 6754.4
928 6759.86
936 6765.36
944 6770.9
952 6776.49
960 6782.11
968 6787.78
976 6793.48
984 6799.22
992 6804.99
1000 6810.8
1008 6816.63
1016 6822.5
1024 6828.39
1032 6834.3
1040 6840.25
1048 6846.21
1056 6852.2
1064 6858.2
1072 6864.22
1080 6870.26
1088 6876.32
1096 6882.38
1104 6888.46
1112 6894.55
1120 6900.64
1128 6906.74
1136 6912.85
1144 6918.96
1152 6925.07
1160 6931.18
1168 6937.29
1176 6943.39
1184 6949.49
1192 6955.59
1200 6961.67
1208 6967.75
1216 6973.81
1224 6979.87
1232 6985.9
1240 6991.93
1248 6997.94
1256 7003.95
1264 7009.95
1272 7015.95
1280 7021.94
1288 7027.94
1296 7033.93
1304 7039.93
1312 7045.93
1320 7051.94
1328 7057.96
1336 7063.99
1344 7070.03
1352 7076.09
1360 7082.16
1368 7088.25
1376 7094.36
1384 7100.49
1392 7106.64
1400 7112.82
1408 7119.03
1416 7125.26
1424 7131.53
1432 7137.83
1440 7144.17
1448 7150.54
1456 7156.95
1464 7163.4
1472 7169.89
1480 7176.42
1488 7183.01
1496 7189.64
1504 7196.32
1512 7203.05
1520 7209.83
1528 7216.67
1536 7223.57
1544 7230.52
1552 7237.54
1560 7244.62
1568 7251.76
1576 7258.97
1584 7266.25
1592 7273.6
1600 7281.02
1608 7288.51
1616 7296.08
1624 7303.73
1632 7311.45
1640 7319.26
1648 7327.15
1656 7335.13
1664 7343.19
1672 7351.34
1680 7359.58
1688 7367.92
1696 7376.35
1704 7384.87
1712 7393.5
1720 7402.22
1728 7411.04
1736 7419.97
1744 7429.01
1752 7438.15
1760 7447.4
1768 7456.76
1776 7466.23
1784 7475.82
1792 7485.53
1800 7495.35
1808 7505.3
1816 7515.37
1824 7525.56
1832 7536.48
1840 7546.32
1848 7556.89
1856 7567.58
1864 7578.38
1872 7589.3
1880 7600.33
1888 7611.46
1896 7622.69
1904 7634.02
1912 7645.44
1920 7656.96
1928 7668.55
1936 7680.23
1944 7691.99
1952 7703.82
1960 7715.72
1968 7727.69
1976 7739.72
1984 7751.8
1992 7763.94
2000 7776.14
2008 7788.37
2016 7800.65
2024 7812.97
2032 7825.33
2040 7837.71
2048 7850.12
2056 7862.56
2064 7875.01
2072 7887.48
2080 7899.96
2088 7912.45
2096 7924.94
2104 7937.44
2112 7949.93
2120 7962.41
2128 7974.87
2136 7987.33
2144 7999.76
2152 8012.17
2160 8024.55
2168 8036.9
2176 8049.22
2184 8061.5
2192 8073.73
2200 8085.92
2208 8098.05
2216 8110.13
2224 8122.16
2232 8134.12
2240 8146.01
2248 8157.84
2256 8169.59
2264 8181.26
2272 8192.85
2280 8204.35
2288 8215.77
2296 8227.09
2304 8238.31
2312 8249.44
2320 8260.45
2328 8271.36
2336 8282.16
2344 8292.83
2352 8303.39
2360 8313.83
2368 8324.13
2376 8334.3
2384 8344.34
2392 8354.23
2400 8363.98
2408 8373.59
2416 8383.04
2424 8392.33
2432 8401.47
2440 8410.44
2448 8419.25
2456 8427.89
2464 8436.36
2472 8444.66
2480 8452.8
2488 8460.77
2496 8468.58
2504 8476.22
2512 8483.71
2520 8491.03
2528 8498.2
2536 8505.2
2544 8512.05
2552 8518.74
2560 8525.28
2568 8531.66
2576 8537.89
2584 8543.96
2592 8549.89
2600 8555.66
2608 8561.28
2616 8566.75
2624 8572.08
2632 8577.25
2640 8582.29
2648 8587.17
2656 8591.92
2664 8596.52
2672 8600.97
2680 8605.29
2688 8609.47
2696 8613.5
2704 8617.4
2712 8621.17
2720 8624.79
2728 8628.28
2736 8631.64
2744 8634.86
2752 8637.95
2760 8640.91
2768 8643.74
2776 8646.44
2784 8649.01
2792 8651.46
2800 8653.77
2808 8655.97
2816 8658.03
2824 8659.98
2832 8661.8
2840 8663.5
2848 8665.08
2856 8666.54
2864 8667.88
2872 8669.1
2880 8670.21
2888 8671.2
2896 8672.07
2904 8672.84
2912 8673.49
2920 8674.02
2928 8674.45
2936 8674.77
2944 8674.98
2952 8675.08
2960 8675.07
2968 8674.96
2976 8674.74
2984 8674.42
2992 8674
3000 8673.47
3008 8672.84
3016 8672.12
3024 8671.29
3032 8670.37
3040 8669.34
3048 8668.23
3056 8667.01
3064 8665.71
3072 8664.31
3080 8662.82
3088 8661.24
3096 8659.58
3104 8657.83
3112 8656.01
3120 8654.1
3128 8652.11
3136 8650.05
3144 8647.91
3152 8645.71
3160 8643.43
3168 8641.08
3176 8638.67
3184 8636.2
3192 8633.66
3200 8631.07
3208 8628.41
3216 8625.71
3224 8622.94
3232 8620.13
3240 8617.27
3248 8614.35
3256 8611.4
3264 8608.4
3272 8605.35
3280 8602.27
3288 8599.15
3296 8596
3304 8592.81
3312 8589.59
3320 8586.34
3328 8583.07
3336 8579.77
3344 8576.44
3352 8573.09
3360 8569.73
3368 8566.34
3376 8562.95
3384 8559.53
3392 8556.11
3400 8552.68
3408 8549.24
3416 8545.8
3424 8542.35
3432 8538.9
3440 8535.45
3448 8532
3456 8528.56
3464 8525.13
3472 8521.7
3480 8518.29
3488 8514.89
3496 8511.5
3504 8508.13
3512 8504.78
3520 8501.45
3528 8498.15
3536 8494.87
3544 8491.61
3552 8488.39
3560 8485.19
3568 8482.03
3576 8478.9
3584 8475.82
3592 8472.77
3600 8469.76
3608 8466.79
3616 8463.87
3624 8461
3632 8458.17
3640 8455.4
3648 8452.68
3656 8450.02
3664 8447.11
3672 8444.86
3680 8442.37
3688 8439.94
3696 8437.56
3704 8435.23
3712 8432.96
3720 8430.74
3728 8428.56
3736 8426.44
3744 8424.36
3752 8422.32
3760 8420.32
3768 8418.37
3776 8416.45
3784 8414.58
3792 8412.74
3800 8410.93
3808 8409.16
3816 8407.41
3824 8405.7
3832 8404.02
3840 8402.36
3848 8400.73
3856 8399.12
3864 8397.53
3872 8395.96
3880 8394.42
3888 8392.89
3896 8391.37
3904 8389.87
3912 8388.38
3920 8386.91
3928 8385.44
3936 8383.98
3944 8382.53
3952 8381.08
3960 8379.63
3968 8378.19
3976 8376.74
3984 8375.3
3992 8373.85
4000 8372.4
4008 8370.94
4016 8369.47
4024 8367.99
4032 8366.5
4040 8365
4048 8363.49
4056 8361.96
4064 8360.41
4072 8358.84
4080 8357.25
4088 8355.65
4096 8354.01
4104 8352.35
4112 8350.67
4120 8348.96
4128 8347.21
4136 8345.44
4144 8343.63
4152 8341.79
4160 8339.91
4168 8337.99
4176 8336.04
4184 8334.04
4192 8332
4200 8329.92
4208 8327.79
4216 8325.62
4224 8323.39
4232 8321.12
4240 8318.79
4248 8316.41
4256 8313.98
4264 8311.48
4272 8308.93
4280 8306.32
4288 8303.66
4296 8300.93
4304 8298.14
4312 8295.3
4320 8292.4
4328 8289.45
4336 8286.45
4344 8283.39
4352 8280.29
4360 8277.14
4368 8273.93
4376 8270.69
4384 8267.39
4392 8264.05
4400 8260.67
4408 8257.25
4416 8253.79
4424 8250.29
4432 8246.74
4440 8243.17
4448 8239.55
4456 8235.91
4464 8232.22
4472 8228.51
4480 8224.77
4488 8220.99
4496 8217.19
4504 8213.36
4512 8209.5
4520 8205.62
4528 8201.72
4536 8197.79
4544 8193.84
4552 8189.87
4560 8185.88
4568 8181.88
4576 8177.86
4584 8173.82
4592 8169.77
4600 8165.71
4608 8161.63
4616 8157.54
4624 8153.45
4632 8149.34
4640 8145.23
4648 8141.12
4656 8137
4664 8132.87
4672 8128.75
4680 8124.62
4688 8120.5
4696 8116.37
4704 8112.25
4712 8108.13
4720 8104.02
4728 8099.91
4736 8095.81
4744 8091.72
4752 8087.64
4760 8083.58
4768 8079.52
4776 8075.48
4784 8071.45
4792 8067.44
4800 8063.44
4808 8059.47
4816 8055.51
4824 8051.57
4832 8047.66
4840 8043.77
4848 8039.91
4856 8036.07
4864 8032.25
4872 8028.47
4880 8024.71
4888 8020.99
4896 8017.29
4904 8013.63
4912 8009.99
4920 8006.39
4928 8002.81
4936 7999.26
4944 7995.74
4952 7992.24
4960 7988.77
4968 7985.32
4976 7981.89
4984 7978.49
4992 7975.1
5000 7971.74
5008 7968.4
5016 7965.08
5024 7961.77
5032 7958.48
5040 7955.21
5048 7951.95
5056 7948.71
5064 7945.49
5072 7942.27
5080 7939.07
5088 7935.88
5096 7932.7
5104 7929.53
5112 7926.37
5120 7923.22
5128 7920.07
5136 7916.93
5144 7913.8
5152 7910.67
5160 7907.54
5168 7904.42
5176 7901.3
5184 7898.19
5192 7895.07
5200 7891.95
5208 7888.83
5216 7885.71
5224 7882.59
5232 7879.47
5240 7876.34
5248 7873.2
5256 7870.06
5264 7866.91
5272 7863.76
5280 7860.59
5288 7857.42
5296 7854.24
5304 7851.04
5312 7847.84
5320 7844.62
5328 7841.39
5336 7838.14
5344 7834.88
5352 7831.61
5360 7828.31
5368 7825
5376 7821.67
5384 7818.32
5392 7814.96
5400 7811.57
5408 7808.16
5416 7804.72
5424 7801.27
5432 7797.79
5440 7794.28
5448 7790.75
5456 7787.19
5464 7783.61
5472 7779.99
5480 7776.35
5488 7772.68
5496 7768.97
5504 7765.24
5512 7761.47
5520 7757.67
5528 7753.85
5536 7749.99
5544 7746.1
5552 7742.18
5560 7738.23
5568 7734.25
5576 7730.25
5584 7726.21
5592 7722.15
5600 7718.06
5608 7713.94
5616 7709.79
5624 7705.62
5632 7701.42
5640 7697.2
5648 7692.94
5656 7688.67
5664 7684.36
5672 7680.04
5680 7675.68
5688 7671.31
5696 7666.91
5704 7662.48
5712 7658.04
5720 7653.56
5728 7649.07
5736 7644.56
5744 7640.02
5752 7635.46
5760 7630.88
5768 7626.27
5776 7621.65
5784 7617.01
5792 7612.34
5800 7607.66
5808 7602.96
5816 7598.24
5824 7593.5
5832 7588.74
5840 7583.96
5848 7579.16
5856 7574.35
5864 7569.52
5872 7564.67
5880 7559.81
5888 7554.93
5896 7550.03
5904 7545.12
5912 7540.2
5920 7535.26
5928 7530.3
5936 7525.33
5944 7520.34
5952 7515.35
5960 7510.33
5968 7505.31
5976 7500.27
5984 7495.22
5992 7490.16
6000 7485.09
6008 7480
6016 7474.91
6024 7469.8
6032 7464.69
6040 7459.56
6048 7454.42
6056 7449.28
6064 7444.12
6072 7438.96
6080 7433.78
6088 7428.6
6096 7423.41
6104 7418.22
6112 7413.02
6120 7407.81
6128 7402.59
6136 7397.36
6144 7392.13
6152 7386.9
6160 7381.65
6168 7376.4
6176 7371.15
6184 7365.88
6192 7360.62
6200 7355.34
6208 7350.06
6216 7344.77
6224 7339.48
6232 7334.18
6240 7328.88
6248 7323.57
6256 7318.26
6264 7312.94
6272 7307.61
6280 7302.28
6288 7296.95
6296 7291.61
6304 7286.26
6312 7280.91
6320 7275.56
6328 7270.2
6336 7264.83
6344 7259.47
6352 7254.09
6360 7248.72
6368 7243.34
6376 7237.95
6384 7232.56
6392 7227.17
6400 7221.78
6408 7216.38
6416 7210.97
6424 7205.57
6432 7200.16
6440 7194.74
6448 7189.33
6456 7183.91
6464 7178.48
6472 7173.06
6480 7167.63
6488 7162.2
6496 7156.76
6504 7151.33
6512 7145.89
6520 7140.45
6528 7135
6536 7129.56
6544 7124.11
6552 7118.66
6560 7113.21
6568 7107.75
6576 7102.3
6584 7096.84
6592 7091.38
6600 7085.92
6608 7080.46
6616 7075
6624 7069.53
6632 7064.07
6640 7058.6
6648 7053.14
6656 7047.67
6664 7042.2
6672 7036.73
6680 7031.26
6688 7025.79
6696 7020.32
6704 7014.85
6712 7009.38
