0 6625.03
8 6623.07
16 6621.11
24 6619.15
32 6617.19
40 6615.24
48 6613.3
56 6611.36
64 6609.44
72 6607.52
80 6605.61
88 6603.71
96 6601.83
104 6599.97
112 6598.11
120 6596.28
128 6594.46
136 6592.67
144 6590.89
152 6589.13
160 6587.4
168 6585.69
176 6584.01
184 6582.36
192 6580.73
200 6579.13
208 6577.56
216 6576.03
224 6574.52
232 6573.05
240 6571.61
248 6570.22
256 6568.85
264 6567.53
272 6566.25
280 6565.01
288 6563.81
296 6562.65
304 6561.54
312 6560.47
320 6559.46
328 6558.49
336 6557.57
344 6556.7
352 6555.88
360 6555.12
368 6554.41
376 6553.75
384 6553.16
392 6552.62
400 6552.14
408 6551.72
416 6551.36
424 6551.07
432 6550.84
440 6550.67
448 6550.57
456 6550.54
464 6550.58
472 6550.69
480 6550.87
488 6551.12
496 6551.45
504 6551.85
512 6552.33
520 6552.88
528 6553.52
536 6554.23
544 6555.02
552 6555.9
560 6556.86
568 6557.91
576 6559.04
584 6560.25
592 6561.56
600 6562.96
608 6564.44
616 6566.02
624 6567.69
632 6569.46
640 6571.32
648 6573.28
656 6575.33
664 6577.49
672 6579.75
680 6582.1
688 6584.56
696 6587.13
704 6589.8
712 6592.57
720 6595.46
728 6598.45
736 6601.55
744 6604.77
752 6608.09
760 6611.52
768 6615.06
776 6618.7
784 6622.44
792 6626.29
800 6630.24
808 6634.29
816 6638.43
824 6642.68
832 6647.02
840 6651.45
848 6655.98
856 6660.6
864 6665.31
872 6670.11
880 6675
888 6679.97
896 6685.03
904 6690.17
912 6695.4
920 6700.71
928 6706.1
936 6711.56
944 6717.11
952 6722.72
960 6728.42
968 6734.19
976 6740.03
984 6745.94
992 6751.92
1000 6757.97
1008 6764.08
1016 6770.26
1024 6776.51
1032 6782.81
1040 6789.18
1048 6795.61
1056 6802.1
1064 6808.65
1072 6815.25
1080 6821.91
1088 6828.62
1096 6835.38
1104 6842.19
1112 6849.06
1120 6855.97
1128 6862.93
1136 6869.93
1144 6876.98
1152 6884.08
1160 6891.21
1168 6898.38
1176 6905.6
1184 6912.85
1192 6920.14
1200 6927.46
1208 6934.82
1216 6942.21
1224 6949.63
1232 6957.08
1240 6964.56
1248 6972.07
1256 6979.6
1264 6987.16
1272 6994.74
1280 7002.34
1288 7009.96
1296 7017.6
1304 7025.27
1312 7032.94
1320 7040.64
1328 7048.34
1336 7056.06
1344 7063.79
1352 7071.53
1360 7079.28
1368 7087.04
1376 7094.8
1384 7102.57
1392 7110.34
1400 7118.12
1408 7125.89
1416 7133.67
1424 7141.44
1432 7149.21
1440 7156.98
1448 7164.74
1456 7172.49
1464 7180.23
1472 7187.97
1480 7195.69
1488 7203.41
1496 7211.12
1504 7218.82
1512 7226.51
1520 7234.2
1528 7241.89
1536 7249.57
1544 7257.25
1552 7264.92
1560 7272.59
1568 7280.26
1576 7287.93
1584 7295.6
1592 7303.28
1600 7310.95
1608 7318.63
1616 7326.3
1624 7333.99
1632 7341.68
1640 7349.37
1648 7357.07
1656 7364.78
1664 7372.49
1672 7380.22
1680 7387.95
1688 7395.69
1696 7403.44
1704 7411.21
1712 7418.99
1720 7426.78
1728 7434.58
1736 7442.4
1744 7450.23
1752 7458.08
1760 7465.95
1768 7473.83
1776 7481.74
1784 7489.66
1792 7497.6
1800 7505.56
1808 7513.54
1816 7521.55
1824 7529.58
1832 7537.63
1840 7545.7
1848 7553.8
1856 7561.93
1864 7570.08
1872 7578.26
1880 7586.47
1888 7594.71
1896 7602.97
1904 7611.27
1912 7619.6
1920 7627.95
1928 7636.35
1936 7644.77
1944 7653.23
1952 7661.72
1960 7670.25
1968 7678.82
1976 7687.42
1984 7696.06
1992 7704.74
2000 7713.45
2008 7722.21
2016 7731.01
2024 7739.85
2032 7748.73
2040 7757.65
2048 7766.62
2056 7775.64
2064 7784.69
2072 7793.8
2080 7802.95
2088 7812.15
2096 7821.39
2104 7830.69
2112 7840.03
2120 7849.43
2128 7858.87
2136 7868.37
2144 7877.92
2152 7887.53
2160 7897.19
2168 7906.9
2176 7916.67
2184 7926.49
2192 7936.38
2200 7946.32
2208 7956.32
2216 7966.37
2224 7976.47
2232 7986.63
2240 7996.83
2248 8007.07
2256 8017.36
2264 8027.68
2272 8038.03
2280 8048.42
2288 8058.83
2296 8069.26
2304 8079.72
2312 8090.2
2320 8100.69
2328 8111.2
2336 8121.71
2344 8132.23
2352 8142.75
2360 8153.28
2368 8163.8
2376 8174.31
2384 8184.82
2392 8195.31
2400 8205.79
2408 8216.25
2416 8226.69
2424 8237.1
2432 8247.49
2440 8257.85
2448 8268.17
2456 8278.46
2464 8288.7
2472 8298.91
2480 8309.07
2488 8319.18
2496 8329.24
2504 8339.24
2512 8349.19
2520 8359.07
2528 8368.89
2536 8378.64
2544 8388.33
2552 8397.94
2560 8407.47
2568 8416.93
2576 8426.3
2584 8435.59
2592 8444.79
2600 8453.9
2608 8462.91
2616 8471.82
2624 8480.64
2632 8489.35
2640 8497.95
2648 8506.45
2656 8514.83
2664 8523.1
2672 8531.24
2680 8539.27
2688 8547.17
2696 8554.94
2704 8562.58
2712 8570.09
2720 8577.46
2728 8584.68
2736 8591.77
2744 8598.71
2752 8605.5
2760 8612.14
2768 8618.62
2776 8624.94
2784 8631.1
2792 8637.1
2800 8642.92
2808 8648.58
2816 8654.06
2824 8659.37
2832 8664.5
2840 8669.44
2848 8674.2
2856 8678.77
2864 8683.14
2872 8687.32
2880 8691.3
2888 8695.08
2896 8698.66
2904 8702.03
2912 8705.19
2920 8708.13
2928 8710.86
2936 8713.37
2944 8715.66
2952 8717.73
2960 8719.59
2968 8721.24
2976 8722.68
2984 8723.93
2992 8724.97
3000 8725.82
3008 8726.47
3016 8726.93
3024 8727.21
3032 8727.31
3040 8727.23
3048 8726.97
3056 8726.54
3064 8725.94
3072 8725.18
3080 8724.26
3088 8723.17
3096 8721.93
3104 8720.54
3112 8719
3120 8717.32
3128 8715.49
3136 8713.52
3144 8711.42
3152 8709.19
3160 8706.83
3168 8704.35
3176 8701.74
3184 8699.02
3192 8696.18
3200 8693.23
3208 8690.17
3216 8687.01
3224 8683.75
3232 8680.38
3240 8676.93
3248 8673.38
3256 8669.75
3264 8666.03
3272 8662.23
3280 8658.35
3288 8654.4
3296 8650.38
3304 8646.29
3312 8642.14
3320 8637.93
3328 8633.66
3336 8629.33
3344 8624.96
3352 8620.54
3360 8616.07
3368 8611.57
3376 8607.03
3384 8602.45
3392 8597.85
3400 8593.21
3408 8588.56
3416 8583.88
3424 8579.19
3432 8574.49
3440 8569.77
3448 8565.05
3456 8560.33
3464 8555.6
3472 8550.88
3480 8546.17
3488 8541.47
3496 8536.78
3504 8532.11
3512 8527.46
3520 8522.83
3528 8518.23
3536 8513.66
3544 8509.13
3552 8504.63
3560 8500.18
3568 8495.77
3576 8491.4
3584 8487.09
3592 8482.83
3600 8478.63
3608 8474.5
3616 8470.42
3624 8466.42
3632 8462.48
3640 8458.62
3648 8454.84
3656 8451.14
3664 8447.11
3672 8444
3680 8440.56
3688 8437.2
3696 8433.93
3704 8430.74
3712 8427.64
3720 8424.61
3728 8421.65
3736 8418.77
3744 8415.96
3752 8413.23
3760 8410.56
3768 8407.96
3776 8405.43
3784 8402.96
3792 8400.56
3800 8398.21
3808 8395.92
3816 8393.69
3824 8391.51
3832 8389.39
3840 8387.32
3848 8385.3
3856 8383.33
3864 8381.4
3872 8379.52
3880 8377.68
3888 8375.88
3896 8374.12
3904 8372.39
3912 8370.7
3920 8369.05
3928 8367.43
3936 8365.84
3944 8364.27
3952 8362.73
3960 8361.22
3968 8359.73
3976 8358.26
3984 8356.81
3992 8355.38
4000 8353.97
4008 8352.57
4016 8351.18
4024 8349.8
4032 8348.43
4040 8347.06
4048 8345.71
4056 8344.35
4064 8343
4072 8341.65
4080 8340.29
4088 8338.93
4096 8337.57
4104 8336.19
4112 8334.81
4120 8333.42
4128 8332.02
4136 8330.6
4144 8329.16
4152 8327.71
4160 8326.23
4168 8324.74
4176 8323.22
4184 8321.68
4192 8320.11
4200 8318.51
4208 8316.88
4216 8315.21
4224 8313.52
4232 8311.79
4240 8310.02
4248 8308.21
4256 8306.36
4264 8304.46
4272 8302.52
4280 8300.54
4288 8298.5
4296 8296.42
4304 8294.29
4312 8292.1
4320 8289.85
4328 8287.55
4336 8285.19
4344 8282.77
4352 8280.28
4360 8277.73
4368 8275.12
4376 8272.43
4384 8269.68
4392 8266.86
4400 8263.96
4408 8260.99
4416 8257.94
4424 8254.83
4432 8251.64
4440 8248.38
4448 8245.06
4456 8241.67
4464 8238.22
4472 8234.7
4480 8231.13
4488 8227.49
4496 8223.79
4504 8220.03
4512 8216.22
4520 8212.36
4528 8208.44
4536 8204.47
4544 8200.44
4552 8196.37
4560 8192.25
4568 8188.09
4576 8183.87
4584 8179.62
4592 8175.32
4600 8170.98
4608 8166.61
4616 8162.19
4624 8157.74
4632 8153.25
4640 8148.73
4648 8144.17
4656 8139.59
4664 8134.97
4672 8130.33
4680 8125.66
4688 8120.96
4696 8116.24
4704 8111.5
4712 8106.73
4720 8101.95
4728 8097.14
4736 8092.32
4744 8087.48
4752 8082.63
4760 8077.77
4768 8072.89
4776 8068
4784 8063.11
4792 8058.2
4800 8053.29
4808 8048.38
4816 8043.46
4824 8038.54
4832 8033.62
4840 8028.7
4848 8023.78
4856 8018.87
4864 8013.96
4872 8009.06
4880 8004.16
4888 7999.27
4896 7994.4
4904 7989.53
4912 7984.68
4920 7979.85
4928 7975.03
4936 7970.23
4944 7965.44
4952 7960.68
4960 7955.94
4968 7951.22
4976 7946.53
4984 7941.86
4992 7937.22
5000 7932.6
5008 7928.02
5016 7923.47
5024 7918.95
5032 7914.47
5040 7910.02
5048 7905.6
5056 7901.23
5064 7896.9
5072 7892.6
5080 7888.35
5088 7884.15
5096 7879.98
5104 7875.87
5112 7871.8
5120 7867.78
5128 7863.82
5136 7859.9
5144 7856.04
5152 7852.23
5160 7848.47
5168 7844.75
5176 7841.09
5184 7837.47
5192 7833.89
5200 7830.36
5208 7826.87
5216 7823.43
5224 7820.02
5232 7816.65
5240 7813.32
5248 7810.03
5256 7806.77
5264 7803.55
5272 7800.37
5280 7797.21
5288 7794.09
5296 7790.99
5304 7787.93
5312 7784.89
5320 7781.88
5328 7778.89
5336 7775.93
5344 7772.99
5352 7770.08
5360 7767.18
5368 7764.31
5376 7761.45
5384 7758.61
5392 7755.79
5400 7752.98
5408 7750.19
5416 7747.4
5424 7744.63
5432 7741.88
5440 7739.13
5448 7736.38
5456 7733.65
5464 7730.92
5472 7728.2
5480 7725.48
5488 7722.76
5496 7720.04
5504 7717.32
5512 7714.61
5520 7711.89
5528 7709.16
5536 7706.44
5544 7703.7
5552 7700.96
5560 7698.22
5568 7695.46
5576 7692.69
5584 7689.91
5592 7687.12
5600 7684.32
5608 7681.5
5616 7678.66
5624 7675.81
5632 7672.93
5640 7670.04
5648 7667.13
5656 7664.2
5664 7661.24
5672 7658.26
5680 7655.26
5688 7652.23
5696 7649.17
5704 7646.08
5712 7642.96
5720 7639.81
5728 7636.63
5736 7633.42
5744 7630.17
5752 7626.88
5760 7623.56
5768 7620.2
5776 7616.8
5784 7613.37
5792 7609.89
5800 7606.36
5808 7602.8
5816 7599.19
5824 7595.53
5832 7591.83
5840 7588.07
5848 7584.27
5856 7580.42
5864 7576.52
5872 7572.56
5880 7568.55
5888 7564.49
5896 7560.38
5904 7556.22
5912 7552.01
5920 7547.75
5928 7543.44
5936 7539.08
5944 7534.67
5952 7530.22
5960 7525.72
5968 7521.17
5976 7516.58
5984 7511.95
5992 7507.27
6000 7502.54
6008 7497.78
6016 7492.97
6024 7488.12
6032 7483.22
6040 7478.29
6048 7473.32
6056 7468.3
6064 7463.25
6072 7458.16
6080 7453.03
6088 7447.87
6096 7442.67
6104 7437.43
6112 7432.15
6120 7426.85
6128 7421.5
6136 7416.13
6144 7410.71
6152 7405.27
6160 7399.8
6168 7394.29
6176 7388.75
6184 7383.19
6192 7377.59
6200 7371.96
6208 7366.31
6216 7360.62
6224 7354.91
6232 7349.17
6240 7343.41
6248 7337.62
6256 7331.8
6264 7325.97
6272 7320.1
6280 7314.21
6288 7308.3
6296 7302.37
6304 7296.42
6312 7290.44
6320 7284.45
6328 7278.43
6336 7272.4
6344 7266.34
6352 7260.27
6360 7254.18
6368 7248.08
6376 7241.95
6384 7235.81
6392 7229.66
6400 7223.49
6408 7217.31
6416 7211.11
6424 7204.9
6432 7198.68
6440 7192.44
6448 7186.2
6456 7179.94
6464 7173.67
6472 7167.4
6480 7161.11
6488 7154.82
6496 7148.52
6504 7142.21
6512 7135.89
6520 7129.57
6528 7123.24
6536 7116.91
6544 7110.57
6552 7104.23
6560 7097.89
6568 7091.54
6576 7085.19
6584 7078.84
6592 7072.49
