0 6625.03
8 6624.83
16 6624.64
24 6624.44
32 6624.25
40 6624.06
48 6623.88
56 6623.69
64 6623.52
72 6623.34
80 6623.18
88 6623.02
96 6622.86
104 6622.72
112 6622.58
120 6622.45
128 6622.34
136 6622.23
144 6622.13
152 6622.05
160 6621.97
168 6621.91
176 6621.87
184 6621.83
192 6621.82
200 6621.81
208 6621.83
216 6621.86
224 6621.91
232 6621.97
240 6622.06
248 6622.16
256 6622.29
264 6622.43
272 6622.6
280 6622.79
288 6623
296 6623.23
304 6623.49
312 6623.77
320 6624.08
328 6624.41
336 6624.77
344 6625.16
352 6625.58
360 6626.02
368 6626.49
376 6626.99
384 6627.53
392 6628.09
400 6628.68
408 6629.31
416 6629.97
424 6630.66
432 6631.39
440 6632.15
448 6632.95
456 6633.79
464 6634.66
472 6635.57
480 6636.51
488 6637.5
496 6638.52
504 6639.59
512 6640.69
520 6641.84
528 6643.03
536 6644.26
544 6645.53
552 6646.85
560 6648.21
568 6649.62
576 6651.07
584 6652.57
592 6654.12
600 6655.72
608 6657.36
616 6659.05
624 6660.79
632 6662.59
640 6664.43
648 6666.32
656 6668.27
664 6670.27
672 6672.33
680 6674.43
688 6676.6
696 6678.81
704 6681.09
712 6683.42
720 6685.81
728 6688.26
736 6690.76
744 6693.33
752 6695.95
760 6698.64
768 6701.38
776 6704.19
784 6707.06
792 6710
800 6712.99
808 6716.06
816 6719.19
824 6722.38
832 6725.64
840 6728.97
848 6732.36
856 6735.83
864 6739.36
872 6742.96
880 6746.63
888 6750.38
896 6754.19
904 6758.08
912 6762.04
920 6766.07
928 6770.18
936 6774.37
944 6778.62
952 6782.96
960 6787.37
968 6791.86
976 6796.43
984 6801.07
992 6805.8
1000 6810.6
1008 6815.49
1016 6820.45
1024 6825.5
1032 6830.63
1040 6835.85
1048 6841.15
1056 6846.53
1064 6852
1072 6857.55
1080 6863.19
1088 6868.92
1096 6874.74
1104 6880.64
1112 6886.63
1120 6892.72
1128 6898.89
1136 6905.15
1144 6911.51
1152 6917.96
1160 6924.5
1168 6931.13
1176 6937.86
1184 6944.68
1192 6951.6
1200 6958.62
1208 6965.73
1216 6972.94
1224 6980.25
1232 6987.65
1240 6995.15
1248 7002.75
1256 7010.44
1264 7018.23
1272 7026.1
1280 7034.07
1288 7042.12
1296 7050.26
1304 7058.48
1312 7066.79
1320 7075.19
1328 7083.66
1336 7092.21
1344 7100.84
1352 7109.55
1360 7118.34
1368 7127.2
1376 7136.13
1384 7145.13
1392 7154.2
1400 7163.35
1408 7172.56
1416 7181.83
1424 7191.17
1432 7200.57
1440 7210.04
1448 7219.56
1456 7229.15
1464 7238.79
1472 7248.48
1480 7258.24
1488 7268.04
1496 7277.9
1504 7287.81
1512 7297.76
1520 7307.77
1528 7317.82
1536 7327.91
1544 7338.05
1552 7348.23
1560 7358.45
1568 7368.71
1576 7379.01
1584 7389.35
1592 7399.72
1600 7410.12
1608 7420.56
1616 7431.03
1624 7441.52
1632 7452.05
1640 7462.6
1648 7473.17
1656 7483.77
1664 7494.4
1672 7505.04
1680 7515.7
1688 7526.38
1696 7537.08
1704 7547.8
1712 7558.52
1720 7569.26
1728 7580.02
1736 7590.78
1744 7601.55
1752 7612.32
1760 7623.11
1768 7633.89
1776 7644.68
1784 7655.47
1792 7666.26
1800 7677.05
1808 7687.84
1816 7698.62
1824 7709.4
1832 7720.17
1840 7730.93
1848 7741.68
1856 7752.42
1864 7763.15
1872 7773.87
1880 7784.56
1888 7795.25
1896 7805.91
1904 7816.55
1912 7827.18
1920 7837.78
1928 7848.35
1936 7858.9
1944 7869.43
1952 7879.93
1960 7890.39
1968 7900.83
1976 7911.23
1984 7921.61
1992 7931.94
2000 7942.24
2008 7952.5
2016 7962.72
2024 7972.91
2032 7983.05
2040 7993.14
2048 8003.19
2056 8013.2
2064 8023.15
2072 8033.06
2080 8042.92
2088 8052.73
2096 8062.48
2104 8072.18
2112 8081.82
2120 8091.41
2128 8100.93
2136 8110.4
2144 8119.8
2152 8129.14
2160 8138.42
2168 8147.63
2176 8156.77
2184 8165.85
2192 8174.85
2200 8183.78
2208 8192.64
2216 8201.43
2224 8210.14
2232 8218.77
2240 8227.33
2248 8235.8
2256 8244.2
2264 8252.51
2272 8260.74
2280 8268.88
2288 8276.93
2296 8284.9
2304 8292.77
2312 8300.56
2320 8308.25
2328 8315.85
2336 8323.36
2344 8330.76
2352 8338.07
2360 8345.28
2368 8352.39
2376 8359.4
2384 8366.3
2392 8373.1
2400 8379.79
2408 8386.37
2416 8392.84
2424 8399.21
2432 8405.46
2440 8411.59
2448 8417.62
2456 8423.53
2464 8429.32
2472 8435
2480 8440.57
2488 8446.02
2496 8451.36
2504 8456.6
2512 8461.72
2520 8466.74
2528 8471.64
2536 8476.44
2544 8481.14
2552 8485.72
2560 8490.21
2568 8494.59
2576 8498.86
2584 8503.03
2592 8507.1
2600 8511.07
2608 8514.94
2616 8518.71
2624 8522.38
2632 8525.95
2640 8529.43
2648 8532.8
2656 8536.09
2664 8539.28
2672 8542.37
2680 8545.37
2688 8548.28
2696 8551.09
2704 8553.82
2712 8556.45
2720 8559
2728 8561.45
2736 8563.82
2744 8566.1
2752 8568.29
2760 8570.4
2768 8572.43
2776 8574.37
2784 8576.22
2792 8578
2800 8579.69
2808 8581.3
2816 8582.83
2824 8584.28
2832 8585.65
2840 8586.94
2848 8588.16
2856 8589.3
2864 8590.37
2872 8591.36
2880 8592.27
2888 8593.12
2896 8593.88
2904 8594.58
2912 8595.21
2920 8595.77
2928 8596.25
2936 8596.67
2944 8597.02
2952 8597.31
2960 8597.52
2968 8597.68
2976 8597.76
2984 8597.79
2992 8597.75
3000 8597.64
3008 8597.48
3016 8597.25
3024 8596.97
3032 8596.62
3040 8596.22
3048 8595.75
3056 8595.24
3064 8594.66
3072 8594.03
3080 8593.34
3088 8592.6
3096 8591.81
3104 8590.96
3112 8590.07
3120 8589.12
3128 8588.12
3136 8587.07
3144 8585.98
3152 8584.83
3160 8583.64
3168 8582.4
3176 8581.12
3184 8579.79
3192 8578.42
3200 8577
3208 8575.55
3216 8574.05
3224 8572.51
3232 8570.93
3240 8569.31
3248 8567.65
3256 8565.95
3264 8564.22
3272 8562.45
3280 8560.65
3288 8558.81
3296 8556.93
3304 8555.03
3312 8553.09
3320 8551.12
3328 8549.12
3336 8547.08
3344 8545.02
3352 8542.93
3360 8540.82
3368 8538.67
3376 8536.5
3384 8534.31
3392 8532.09
3400 8529.84
3408 8527.57
3416 8525.28
3424 8522.97
3432 8520.64
3440 8518.29
3448 8515.91
3456 8513.52
3464 8511.12
3472 8508.69
3480 8506.25
3488 8503.79
3496 8501.32
3504 8498.84
3512 8496.34
3520 8493.83
3528 8491.31
3536 8488.77
3544 8486.23
3552 8483.68
3560 8481.12
3568 8478.55
3576 8475.98
3584 8473.39
3592 8470.81
3600 8468.22
3608 8465.62
3616 8463.02
3624 8460.42
3632 8457.82
3640 8455.22
3648 8452.62
3656 8450.01
3664 8447.11
3672 8444.81
3680 8442.22
3688 8439.63
3696 8437.03
3704 8434.45
3712 8431.86
3720 8429.27
3728 8426.69
3736 8424.11
3744 8421.53
3752 8418.95
3760 8416.37
3768 8413.79
3776 8411.22
3784 8408.65
3792 8406.07
3800 8403.5
3808 8400.93
3816 8398.36
3824 8395.79
3832 8393.22
3840 8390.65
3848 8388.08
3856 8385.52
3864 8382.95
3872 8380.38
3880 8377.81
3888 8375.24
3896 8372.67
3904 8370.11
3912 8367.54
3920 8364.97
3928 8362.4
3936 8359.83
3944 8357.25
3952 8354.68
3960 8352.11
3968 8349.53
3976 8346.96
3984 8344.38
3992 8341.8
4000 8339.22
4008 8336.64
4016 8334.05
4024 8331.47
4032 8328.88
4040 8326.29
4048 8323.7
4056 8321.11
4064 8318.51
4072 8315.91
4080 8313.31
4088 8310.71
4096 8308.1
4104 8305.5
4112 8302.89
4120 8300.27
4128 8297.65
4136 8295.03
4144 8292.41
4152 8289.78
4160 8287.15
4168 8284.52
4176 8281.88
4184 8279.24
4192 8276.6
4200 8273.95
4208 8271.29
4216 8268.64
4224 8265.98
4232 8263.31
4240 8260.64
4248 8257.97
4256 8255.29
4264 8252.61
4272 8249.92
4280 8247.22
4288 8244.53
4296 8241.82
4304 8239.12
4312 8236.4
4320 8233.68
4328 8230.96
4336 8228.23
4344 8225.49
4352 8222.75
4360 8220.01
4368 8217.25
4376 8214.49
4384 8211.73
4392 8208.96
4400 8206.18
4408 8203.4
4416 8200.61
4424 8197.81
4432 8195.01
4440 8192.2
4448 8189.38
4456 8186.56
4464 8183.73
4472 8180.89
4480 8178.04
4488 8175.19
4496 8172.33
4504 8169.46
4512 8166.59
4520 8163.7
4528 8160.81
4536 8157.91
4544 8155.01
4552 8152.09
4560 8149.17
4568 8146.23
4576 8143.29
4584 8140.35
4592 8137.39
4600 8134.42
4608 8131.45
4616 8128.47
4624 8125.47
4632 8122.47
4640 8119.46
4648 8116.44
4656 8113.41
4664 8110.37
4672 8107.32
4680 8104.27
4688 8101.2
4696 8098.12
4704 8095.03
4712 8091.93
4720 8088.83
4728 8085.71
4736 8082.58
4744 8079.44
4752 8076.29
4760 8073.13
4768 8069.96
4776 8066.78
4784 8063.59
4792 8060.38
4800 8057.17
4808 8053.94
4816 8050.71
4824 8047.46
4832 8044.2
4840 8040.93
4848 8037.64
4856 8034.35
4864 8031.04
4872 8027.72
4880 8024.39
4888 8021.05
4896 8017.7
4904 8014.33
4912 8010.95
4920 8007.56
4928 8004.15
4936 8000.74
4944 7997.31
4952 7993.87
4960 7990.42
4968 7986.96
4976 7983.49
4984 7980.01
4992 7976.51
5000 7973
5008 7969.49
5016 7965.96
5024 7962.42
5032 7958.87
5040 7955.31
5048 7951.73
5056 7948.15
5064 7944.56
5072 7940.95
5080 7937.34
5088 7933.72
5096 7930.08
5104 7926.44
5112 7922.78
5120 7919.12
5128 7915.44
5136 7911.76
5144 7908.06
5152 7904.36
5160 7900.65
5168 7896.92
5176 7893.19
5184 7889.45
5192 7885.7
5200 7881.94
5208 7878.17
5216 7874.39
5224 7870.6
5232 7866.81
5240 7863
5248 7859.19
5256 7855.37
5264 7851.54
5272 7847.7
5280 7843.85
5288 7840
5296 7836.13
5304 7832.26
5312 7828.38
5320 7824.49
5328 7820.6
5336 7816.69
5344 7812.78
5352 7808.86
5360 7804.93
5368 7801
5376 7797.06
5384 7793.11
5392 7789.15
5400 7785.19
5408 7781.22
5416 7777.24
5424 7773.26
5432 7769.27
5440 7765.27
5448 7761.26
5456 7757.25
5464 7753.23
5472 7749.21
5480 7745.18
5488 7741.14
5496 7737.1
5504 7733.05
5512 7728.99
5520 7724.93
5528 7720.86
5536 7716.79
5544 7712.71
5552 7708.63
5560 7704.54
5568 7700.44
5576 7696.34
5584 7692.24
5592 7688.12
5600 7684.01
5608 7679.89
5616 7675.76
5624 7671.63
5632 7667.49
5640 7663.35
5648 7659.2
5656 7655.05
5664 7650.9
5672 7646.74
5680 7642.57
5688 7638.4
5696 7634.23
5704 7630.06
5712 7625.88
5720 7621.69
5728 7617.5
5736 7613.31
5744 7609.11
5752 7604.91
5760 7600.71
5768 7596.5
5776 7592.29
5784 7588.08
5792 7583.86
5800 7579.64
5808 7575.42
5816 7571.19
5824 7566.97
5832 7562.73
5840 7558.5
5848 7554.26
5856 7550.02
5864 7545.78
5872 7541.54
5880 7537.29
5888 7533.04
5896 7528.79
5904 7524.53
5912 7520.28
5920 7516.02
5928 7511.76
5936 7507.5
5944 7503.24
5952 7498.97
5960 7494.7
5968 7490.44
5976 7486.17
5984 7481.9
5992 7477.62
6000 7473.35
6008 7469.08
6016 7464.8
6024 7460.53
6032 7456.25
6040 7451.97
6048 7447.69
6056 7443.41
6064 7439.13
6072 7434.85
6080 7430.57
6088 7426.29
6096 7422.01
6104 7417.73
